2020/1/9 16:31:15 40us
CH1			CH2			CH3			CH4
0.022278	0.019226	0.027771	0.068665
0.021667	0.018921	0.026550	0.068359
0.022278	0.018616	0.026855	0.068359
0.021667	0.018311	0.025940	0.068054
0.021362	0.018005	0.025330	0.068054
0.021362	0.017090	0.025024	0.068054
0.021973	0.017395	0.025330	0.067749
0.022888	0.017090	0.025940	0.068054
0.021362	0.016479	0.024109	0.067444
0.023499	0.016785	0.026245	0.068054
0.023499	0.016479	0.026245	0.068054
0.024109	0.016785	0.027161	0.067749
0.024414	0.016174	0.026855	0.067749
0.025940	0.016479	0.027771	0.067444
0.026855	0.016785	0.028687	0.067749
0.026855	0.016174	0.028076	0.067444
0.026550	0.015564	0.027466	0.066833
0.026855	0.015259	0.027161	0.067139
0.026855	0.014648	0.026550	0.067444
0.026855	0.014954	0.026550	0.066833
0.026855	0.014954	0.026245	0.066833
0.026550	0.014648	0.025330	0.066528
0.027466	0.014648	0.026245	0.066528
0.028381	0.014343	0.026550	0.066528
0.028381	0.014343	0.027161	0.066528
0.029907	0.014343	0.028076	0.066528
0.031128	0.014648	0.028992	0.066528
0.030823	0.014343	0.028687	0.066223
0.032043	0.014343	0.028992	0.066528
0.031433	0.014038	0.028687	0.066223
0.031128	0.013428	0.027161	0.066223
0.031128	0.013123	0.027161	0.065613
0.032043	0.013428	0.027466	0.065308
0.031738	0.012512	0.026855	0.065613
0.032349	0.013123	0.026855	0.065002
0.032654	0.011597	0.027161	0.078125
0.032349	0.013123	0.026245	0.049438
0.032654	0.013733	0.026245	-0.012512
0.032349	0.014343	0.026855	-0.050354
0.033569	0.027771	0.025940	-0.041809
0.029907	-0.044250	0.025635	-0.020142
0.034790	-0.001526	0.026855	-0.022583
0.034180	0.050964	0.026855	0.018921
0.022888	0.157166	0.030212	0.086670
0.012817	0.226746	0.022888	0.203247
-0.010376	0.179138	0.034790	0.331116
-0.041199	0.090332	0.047302	0.508423
-0.049744	-0.054016	0.001526	0.680847
-0.049133	-0.150757	-0.010376	0.834045
-0.071411	-0.262451	0.054016	0.986633
-0.091858	-0.346985	0.079956	1.101685
-0.164185	-0.474243	0.055847	1.178284
-0.242310	-0.568542	0.054016	1.202698
-0.268250	-0.573425	0.029602	1.193848
-0.282593	-0.556335	0.021362	1.164246
-0.307922	-0.530090	0.034485	1.130676
-0.265198	-0.497131	0.029297	1.080017
-0.220337	-0.431519	-0.007019	1.026306
-0.196838	-0.323792	-0.028992	0.946655
-0.145264	-0.203857	-0.011902	0.853577
-0.045166	-0.064392	-0.006714	0.748596
0.016174	0.052185	0.009460	0.620117
0.101929	0.147095	0.083923	0.446777
0.212402	0.256042	0.129700	0.236511
0.325623	0.425415	0.139465	0.012512
0.468140	0.653076	0.137634	-0.228882
0.615845	0.922852	0.139771	-0.450439
0.723877	1.176758	0.161133	-0.690918
0.799866	1.462097	0.201111	-0.944824
0.843201	1.798706	0.217285	-1.154785
0.864258	2.135315	0.223694	-1.329346
0.829773	2.455444	0.211487	-1.493225
0.784607	2.745972	0.203857	-1.630554
0.753784	3.049316	0.167542	-1.724243
0.737305	3.376770	0.069580	-1.774292
0.712891	3.687439	-0.033264	-1.795654
0.661926	3.941650	-0.159912	-1.782532
0.596313	4.133911	-0.328369	-1.743164
0.494080	4.271851	-0.526428	-1.672668
0.392151	4.411621	-0.710754	-1.575928
0.293579	4.515076	-0.842285	-1.407471
0.189819	4.547119	-0.912170	-1.351929
0.107727	4.513550	-0.947266	-1.394348
0.044556	4.418030	-0.981750	-1.420593
0.010376	4.251404	-1.012573	-1.411743
-0.006714	4.011841	-1.014709	-1.160889
0.010071	3.703003	-0.994568	-0.814514
0.015869	3.302612	-0.966797	-0.896606
0.158691	2.835693	-0.886536	-0.896606
0.222168	2.272644	-0.772095	-0.712280
0.140076	1.656799	-0.602417	-0.508728
0.416260	1.045227	-0.402832	-0.428162
0.697021	0.304260	-0.216064	-0.331421
0.818787	-0.394287	-0.033875	-0.219116
0.878601	-1.150818	0.187683	0.149841
1.135254	-1.853638	0.367737	0.568237
1.263123	-2.451782	0.567017	0.735474
0.886536	-2.924805	0.780640	0.771484
0.387573	-3.283691	0.982971	0.910339
0.513916	-3.637695	1.128235	1.112061
0.723267	-4.084778	1.296082	1.250305
0.597534	-4.510803	1.466370	1.271057
0.364075	-4.715576	1.560059	1.228943
0.093384	-4.833374	1.587219	1.187744
-0.096130	-4.927673	1.654968	1.135559
0.099792	-5.111389	1.679688	1.047363
0.371094	-5.301819	1.638184	0.772705
0.624390	-5.422974	1.519470	0.520935
0.919189	-5.433655	1.367493	0.355225
1.059570	-5.370789	1.098633	0.209961
0.863647	-5.269165	0.789490	0.002747
0.734863	-5.093689	0.537109	-0.218811
0.745239	-4.763794	0.275269	-0.316162
0.732727	-4.276428	-0.047913	-0.302124
0.738831	-3.739319	-0.344543	-0.357666
0.887146	-3.261414	-0.562439	-0.393982
1.055298	-2.828064	-0.738831	-0.355530
1.165771	-2.406311	-0.875549	-0.428772
1.139832	-1.894226	-1.010742	-0.487671
0.986938	-1.380005	-1.156616	-0.531006
0.749817	-0.906982	-1.286621	-0.499878
0.588684	-0.491028	-1.368713	-0.317078
0.548401	-0.122375	-1.387024	-0.079041
0.602417	0.249023	-1.382446	-0.001526
0.722961	0.588684	-1.326599	-0.094910
0.864868	0.940857	-1.159668	-0.129089
0.980835	1.328430	-0.899963	0.030518
1.019897	1.597290	-0.645447	0.226746
0.885010	1.797791	-0.391541	0.316162
0.556030	1.989441	-0.209045	0.330811
0.110474	2.103271	-0.104980	0.307312
-0.308533	2.055054	-0.034180	0.282898
-0.602112	1.991882	0.009766	0.334167
-0.867310	2.002869	-0.005798	0.390625
-1.184387	2.043762	0.035095	0.462036
-1.424255	2.024231	0.121765	0.614624
-1.511536	1.878052	0.205078	0.755310
-1.425781	1.736450	0.316772	0.912781
-1.284790	1.644592	0.424805	1.041565
-1.196289	1.582031	0.469055	1.088257
-1.194153	1.499939	0.487671	1.073914
-1.186523	1.368713	0.556030	1.016235
-1.008606	1.109314	0.679932	0.905457
-0.674744	0.744629	0.777588	0.800781
-0.418091	0.408630	0.769348	0.748596
-0.344543	0.114746	0.749817	0.719299
-0.354004	-0.177002	0.806580	0.720215
-0.418701	-0.534668	0.881653	0.692749
-0.382385	-0.940247	0.934143	0.670471
-0.229797	-1.351624	0.975342	0.659180
-0.129089	-1.701355	1.003113	0.617065
-0.121460	-2.003784	0.993652	0.614929
-0.101318	-2.346497	0.926514	0.717468
-0.089722	-2.739258	0.816956	0.882263
-0.073242	-3.080139	0.718079	1.033020
-0.034180	-3.350220	0.643921	1.127014
-0.041504	-3.501892	0.538940	1.166687
-0.101929	-3.578186	0.446777	1.186829
-0.172119	-3.626404	0.368042	1.206970
-0.246887	-3.698425	0.198364	1.183777
-0.322266	-3.761292	-0.064697	1.086426
-0.393677	-3.808289	-0.282898	0.905762
-0.455017	-3.792114	-0.392761	0.712585
-0.492554	-3.695068	-0.445557	0.572815
-0.500488	-3.544922	-0.506287	0.457153
-0.466003	-3.337708	-0.598755	0.346069
-0.388794	-3.086853	-0.643921	0.195007
-0.271301	-2.857666	-0.597229	-0.032043
-0.142517	-2.655334	-0.454407	-0.292358
-0.007324	-2.359619	-0.323181	-0.504456
0.098877	-1.933899	-0.275574	-0.659790
0.134888	-1.436768	-0.275574	-0.783081
0.152893	-0.923157	-0.240784	-0.879211
0.193176	-0.461731	-0.187378	-0.957642
0.276794	-0.025940	-0.189819	-1.019592
0.426941	0.355835	-0.262146	-1.080627
0.558472	0.687256	-0.322266	-1.129150
0.579529	0.987244	-0.317993	-1.127625
0.553894	1.218262	-0.245361	-1.079102
0.561218	1.349792	-0.157471	-1.008911
0.625610	1.410828	-0.083008	-0.923767
0.722351	1.437073	0.006714	-0.819092
0.739136	1.418457	0.169678	-0.696716
0.626221	1.350708	0.338135	-0.561829
0.475769	1.226501	0.472412	-0.441589
0.333862	1.051636	0.624084	-0.308228
0.216980	0.853882	0.815125	-0.352478
0.093689	0.588379	0.982971	-0.567322
-0.157166	0.217285	1.106567	-0.758057
-0.506287	-0.206299	1.148987	-0.841675
-0.840759	-0.584717	1.118774	-0.690308
-1.077881	-0.891113	1.075134	-0.490112
-1.266174	-1.157227	1.015015	-0.612488
-1.264038	-1.355896	0.913086	-0.622864
-1.332703	-1.481934	0.774841	-0.447388
-1.504211	-1.546936	0.594177	-0.198364
-1.346741	-1.548462	0.377502	-0.019226
-1.188354	-1.586304	0.159302	0.183105
-1.091919	-1.573181	-0.014954	0.380249
-0.858459	-1.667175	-0.104065	0.724792
-0.398254	-1.777344	-0.188599	1.023560
-0.097351	-1.817932	-0.256348	1.099243
-0.226440	-1.713562	-0.338745	1.079102
-0.410767	-1.538696	-0.404358	1.151733
-0.126038	-1.358643	-0.441589	1.228943
0.149841	-1.210022	-0.423584	1.190796
0.120239	-0.971680	-0.423584	1.061401
-0.024414	-0.518799	-0.497742	0.919800
-0.174866	-0.007019	-0.564880	0.782776
-0.191040	0.466003	-0.511475	0.644226
0.104065	0.797424	-0.455322	0.442810
0.434570	1.094971	-0.462952	0.093384
0.706482	1.381226	-0.505676	-0.215149
0.900574	1.717529	-0.546265	-0.415344
0.811157	2.071838	-0.671997	-0.548401
0.394897	2.348633	-0.819702	-0.697327
0.064392	2.613525	-0.903015	-0.827332
-0.087280	2.951050	-0.975037	-0.888062
-0.162354	3.334961	-1.042175	-0.881653
-0.148621	3.628540	-1.036377	-0.889893
-0.040588	3.778992	-0.959167	-0.843201
0.067749	3.825989	-0.830383	-0.717468
0.120850	3.821411	-0.652771	-0.662231
0.090637	3.800964	-0.485229	-0.625610
-0.003662	3.706665	-0.346680	-0.585938
-0.127869	3.517456	-0.241089	-0.467834
-0.178528	3.281250	-0.138245	-0.233459
-0.098877	3.076782	-0.021973	-0.003662
0.109253	2.957458	0.074158	0.038147
0.413208	2.876892	0.153503	-0.070496
0.747681	2.846069	0.254211	-0.111694
1.020813	2.894287	0.357666	-0.000916
1.165161	2.948303	0.407715	0.124207
1.109314	3.028564	0.448303	0.174255
0.863953	3.148499	0.455322	0.176392
0.590515	3.215332	0.443420	0.129089
0.434570	3.180847	0.435486	0.051270
0.402527	3.174133	0.417175	0.025024
0.376892	3.259277	0.336609	0.027161
0.286255	3.363953	0.311279	0.072937
0.230713	3.370972	0.332642	0.180969
0.278625	3.234863	0.364380	0.265808
0.444946	3.038330	0.402832	0.335999
0.658264	2.814941	0.432129	0.359192
0.785522	2.595520	0.428467	0.325012
0.749512	2.348328	0.396423	0.252686
0.633240	2.070618	0.366211	0.165710
0.628662	1.710815	0.348816	0.046082
0.762939	1.277771	0.306091	-0.068054
0.834656	0.859375	0.217590	-0.173035
0.743408	0.473022	0.133362	-0.295105
0.575256	0.090027	0.084839	-0.395508
0.388184	-0.338745	0.024109	-0.492554
0.330200	-0.780640	-0.068054	-0.582275
0.372925	-1.204834	-0.179749	-0.668945
0.371704	-1.556702	-0.299072	-0.741577
0.308838	-1.825867	-0.405273	-0.726929
0.271301	-2.073669	-0.488281	-0.599060
0.243225	-2.301331	-0.560303	-0.416260
0.265808	-2.443848	-0.577698	-0.256653
0.359192	-2.514343	-0.521545	-0.151062
0.456848	-2.498169	-0.449219	-0.081482
0.528259	-2.393799	-0.352783	0.002747
0.556641	-2.229004	-0.266113	0.106812
0.512085	-2.037659	-0.246887	0.212402
0.429382	-1.817627	-0.285034	0.284119
0.362244	-1.600647	-0.269775	0.289612
0.310364	-1.394653	-0.185852	0.264893
0.292664	-1.181641	-0.101318	0.267029
0.304871	-0.967407	-0.064392	0.303650
0.329285	-0.739746	-0.077515	0.376587
0.373840	-0.516663	-0.102234	0.427551
0.447693	-0.367737	-0.127563	0.384827
0.498657	-0.270996	-0.151367	0.299683
0.523682	-0.130920	-0.227356	0.244446
0.498657	0.057068	-0.375061	0.224915
0.419006	0.247803	-0.545349	0.220032
0.337830	0.415039	-0.658569	0.196228
0.298767	0.521851	-0.715942	0.133972
0.310974	0.590820	-0.776062	0.056152
0.380554	0.598755	-0.848083	-0.041199
0.420532	0.590515	-0.881958	-0.136414
0.347595	0.600586	-0.847168	-0.178833
0.250244	0.591736	-0.740967	-0.170288
0.225525	0.523376	-0.609131	-0.140991
0.300293	0.414124	-0.459595	-0.094910
0.419617	0.312195	-0.256958	-0.041809
0.450439	0.249634	0.027466	0.034790
0.328064	0.237732	0.291748	0.156250
0.159302	0.260925	0.475769	0.284729
0.009155	0.287781	0.631409	0.389404
-0.125427	0.303650	0.792542	0.453491
-0.298157	0.289307	0.918274	0.478210
-0.570984	0.205383	0.999756	0.495605
-0.901489	0.090942	1.019897	0.526123
-1.188354	-0.001526	0.988770	0.555725
-1.395874	-0.072327	0.962219	0.588379
-1.514587	-0.137024	0.944214	0.622559
-1.542358	-0.176697	0.904236	0.657349
-1.570740	-0.175476	0.833435	0.705872
-1.624146	-0.196228	0.747375	0.774231
-1.643372	-0.246887	0.652771	0.862732
-1.589355	-0.352783	0.548096	0.953979
-1.431885	-0.535583	0.464478	1.013184
-1.159058	-0.775452	0.400391	1.028137
-0.851746	-1.039124	0.317688	1.029663
-0.585022	-1.272278	0.201416	1.045532
-0.385742	-1.438904	0.047913	1.074524
-0.290833	-1.550903	-0.093384	1.092834
-0.284424	-1.628113	-0.180054	1.088257
-0.352478	-1.663513	-0.238037	1.058350
-0.489807	-1.663513	-0.302429	1.036072
-0.640869	-1.617126	-0.380554	1.029663
-0.751343	-1.522827	-0.447693	1.017761
-0.801392	-1.401367	-0.482483	0.996399
-0.781250	-1.269531	-0.496521	0.968933
-0.721130	-1.143494	-0.498352	0.923157
-0.642395	-1.037292	-0.438538	0.853577
-0.605164	-0.943909	-0.320740	0.773010
-0.650024	-0.824585	-0.178528	0.697632
-0.741882	-0.684814	-0.033569	0.618591
-0.813293	-0.525513	0.134583	0.513000
-0.819092	-0.358582	0.306396	0.361328
-0.749512	-0.198975	0.473022	0.206604
-0.652161	-0.070190	0.628662	0.096436
-0.584106	0.031433	0.737000	0.039673
-0.534363	0.125122	0.798035	0.023193
-0.495300	0.191956	0.841980	0.021667
-0.433655	0.227051	0.876465	0.011292
-0.358582	0.227051	0.892944	0.003357
-0.306091	0.205078	0.885925	0.003357
-0.292358	0.207520	0.837097	0.003357
-0.278015	0.242920	0.760498	-0.020142
-0.232544	0.277405	0.676880	-0.069580
-0.168457	0.288391	0.572205	-0.130005
-0.088196	0.267029	0.454712	-0.191040
-0.016174	0.225220	0.348511	-0.234375
0.004272	0.171509	0.263977	-0.263367
-0.070496	0.102539	0.216064	-0.294800
-0.204773	0.013123	0.197449	-0.335388
-0.328674	-0.105591	0.211792	-0.395813
-0.432739	-0.233459	0.251465	-0.474243
-0.540771	-0.367432	0.293579	-0.538330
-0.662842	-0.519104	0.343628	-0.560913
-0.782776	-0.693665	0.416870	-0.536804
-0.874939	-0.893555	0.494385	-0.475464
-0.946350	-1.109619	0.571289	-0.401306
-1.018066	-1.347656	0.632019	-0.343628
-1.096191	-1.591492	0.667725	-0.292053
-1.198730	-1.789856	0.674133	-0.210266
-1.324463	-1.926270	0.635986	-0.099182
-1.463623	-2.015686	0.555725	0.020752
-1.592407	-2.077332	0.452881	0.117798
-1.677551	-2.133789	0.352478	0.187073
-1.719666	-2.198486	0.264893	0.221863
-1.722107	-2.256165	0.153198	0.241699
-1.684265	-2.274475	0.003967	0.266113
-1.600342	-2.239075	-0.163269	0.296326
-1.485596	-2.121582	-0.325928	0.327148
-1.370544	-1.938171	-0.485229	0.353394
-1.268005	-1.721191	-0.615540	0.369873
-1.180115	-1.473999	-0.695190	0.389404
-1.088257	-1.183167	-0.731201	0.414124
-0.978088	-0.838928	-0.732727	0.429993
-0.836792	-0.457764	-0.705872	0.425110
-0.663757	-0.072021	-0.659790	0.404663
-0.462952	0.297852	-0.597229	0.383301
-0.278625	0.659485	-0.531006	0.370483
-0.157776	1.018982	-0.487976	0.357056
-0.112000	1.373291	-0.467529	0.336304
-0.103455	1.693115	-0.451050	0.308533
-0.085449	1.956482	-0.436401	0.263672
-0.036011	2.155151	-0.430908	0.182800
0.036011	2.305603	-0.446472	0.085144
0.111389	2.429810	-0.464783	0.001526
0.166626	2.535400	-0.483093	-0.077209
0.230103	2.604675	-0.517273	-0.136719
0.293579	2.631836	-0.565796	-0.192566
0.349731	2.619629	-0.606995	-0.253296
0.406799	2.574768	-0.623474	-0.313416
0.435181	2.519226	-0.601196	-0.377197
0.460815	2.478943	-0.561218	-0.440369
0.484314	2.458191	-0.526733	-0.498352
0.510864	2.460938	-0.491638	-0.542603
0.532227	2.476807	-0.443115	-0.573730
0.531616	2.484741	-0.377808	-0.586548
0.498352	2.487488	-0.307617	-0.569153
0.462036	2.500000	-0.233765	-0.514526
0.407104	2.516479	-0.152893	-0.444946
0.357056	2.525940	-0.067749	-0.388794
0.319824	2.517090	0.017700	-0.353088
0.261841	2.496033	0.100403	-0.337219
0.173950	2.484131	0.186768	-0.317993
0.056458	2.487488	0.258789	-0.289917
-0.062561	2.505493	0.316772	-0.244751
-0.163879	2.503662	0.346375	-0.192871
-0.224915	2.475586	0.358887	-0.154419
-0.251465	2.415466	0.355530	-0.128174
-0.247498	2.325439	0.343018	-0.112000
-0.234070	2.221375	0.306702	-0.097656
-0.213623	2.104797	0.247498	-0.069275
-0.202026	1.981506	0.178223	-0.025024
-0.192261	1.848755	0.110168	0.017700
-0.159912	1.690979	0.050049	0.073242
-0.092773	1.508484	0.008850	0.136719
-0.009155	1.309204	-0.013428	0.204468
0.101318	1.108704	-0.011902	0.280762
0.252380	0.909119	0.007935	0.354919
0.468140	0.720215	0.031433	0.419617
0.731812	0.545654	0.042419	0.474854
0.998230	0.390320	0.037842	0.509033
1.240234	0.261230	0.029297	0.523376
1.440125	0.143738	0.011597	0.508423
1.593933	0.032654	-0.004272	0.466614
1.705933	-0.078735	-0.019836	0.403442
1.790466	-0.187073	-0.039978	0.325317
1.860046	-0.274353	-0.064392	0.238953
1.926575	-0.332642	-0.100403	0.158081
1.973572	-0.354614	-0.152893	0.087585
1.999512	-0.337830	-0.229797	0.030518
2.031555	-0.296631	-0.312195	-0.024719
2.055359	-0.246887	-0.379944	-0.091858
2.065735	-0.189209	-0.422668	-0.170288
2.053528	-0.110779	-0.451050	-0.245361
2.014465	-0.003662	-0.480042	-0.307617
1.946411	0.135498	-0.524597	-0.353394
1.859741	0.292358	-0.585938	-0.388794
1.766357	0.449219	-0.643616	-0.415649
1.669006	0.604553	-0.692749	-0.434265
1.560059	0.745544	-0.739136	-0.449524
1.437988	0.874634	-0.779419	-0.468750
1.293945	0.977478	-0.812683	-0.494995
1.135559	1.045532	-0.833435	-0.527649
0.965271	1.067200	-0.836182	-0.572510
0.785522	1.039429	-0.808411	-0.618591
0.598145	0.973206	-0.760193	-0.657959
0.409546	0.862427	-0.698853	-0.679016
0.229797	0.713196	-0.615845	-0.677490
0.076294	0.532532	-0.502319	-0.657043
-0.042725	0.317078	-0.362854	-0.621643
-0.125122	0.076904	-0.216370	-0.572205
-0.170288	-0.165100	-0.062256	-0.504150
-0.199585	-0.389709	0.097656	-0.420837
-0.238037	-0.585327	0.251160	-0.320435
-0.297241	-0.749817	0.386047	-0.205078
-0.356140	-0.888062	0.505066	-0.081482
-0.404968	-1.014709	0.600586	0.044250
-0.439148	-1.141968	0.679016	0.173645
-0.455322	-1.270752	0.739136	0.303345
-0.451355	-1.403809	0.770264	0.436707
-0.425415	-1.512756	0.774841	0.562439
-0.391846	-1.592102	0.762329	0.671692
-0.365906	-1.644592	0.736389	0.762024
-0.347900	-1.673279	0.686340	0.834961
-0.328979	-1.676025	0.617981	0.901794
-0.312805	-1.644897	0.544739	0.962219
-0.302124	-1.581726	0.468750	1.009216
-0.292664	-1.495667	0.391235	1.034546
-0.270081	-1.396179	0.317383	1.036682
-0.228882	-1.276855	0.238647	1.012878
-0.172119	-1.133728	0.154114	0.971375
-0.112305	-0.964966	0.065613	0.927734
-0.047302	-0.766907	-0.016174	0.886841
0.019836	-0.551758	-0.083618	0.852051
0.081482	-0.333862	-0.137329	0.821228
0.145874	-0.126953	-0.167236	0.787964
0.217285	0.066833	-0.174561	0.759583
0.294189	0.249634	-0.165405	0.741882
0.377197	0.421448	-0.150452	0.726624
0.466003	0.557861	-0.133667	0.710144
0.555115	0.643921	-0.114136	0.688477
0.640869	0.673523	-0.089722	0.654297
0.706787	0.648499	-0.047913	0.605164
0.729675	0.579529	0.006409	0.540771
0.700378	0.477295	0.048828	0.461426
0.637207	0.351563	0.090027	0.379333
0.546265	0.210876	0.126953	0.292664
0.429077	0.074768	0.155640	0.196838
0.283508	-0.052490	0.173950	0.098877
0.121460	-0.174255	0.186462	0.002441
-0.049438	-0.289001	0.202637	-0.077820
-0.223083	-0.397034	0.230713	-0.132446
-0.393677	-0.497742	0.265808	-0.170898
-0.537109	-0.585632	0.319519	-0.188599
-0.653381	-0.657043	0.387573	-0.184937
-0.746460	-0.706482	0.468140	-0.160522
-0.820618	-0.721436	0.546875	-0.118713
-0.885010	-0.707397	0.625916	-0.064392
-0.931702	-0.674744	0.717163	-0.002747
-0.967712	-0.638123	0.816040	0.062256
-0.990601	-0.611877	0.923157	0.129395
-0.991821	-0.602112	1.035461	0.195618
-0.975952	-0.602112	1.146851	0.260925
-0.952759	-0.611877	1.252136	0.315247
-0.925598	-0.632019	1.343689	0.350647
-0.893555	-0.666504	1.416321	0.372009
-0.851746	-0.726929	1.473694	0.381775
-0.791931	-0.806274	1.517944	0.380859
-0.723572	-0.895996	1.541748	0.372620
-0.657654	-0.994568	1.543274	0.356140
-0.592957	-1.095581	1.520386	0.329895
-0.516663	-1.196899	1.473083	0.290833
-0.432739	-1.293335	1.394043	0.243835
-0.341187	-1.378784	1.288147	0.195313
-0.259094	-1.449890	1.156921	0.157471
-0.196533	-1.504822	1.013184	0.138855
-0.144043	-1.554871	0.868835	0.134583
-0.096130	-1.610718	0.724182	0.140686
-0.049133	-1.672363	0.585632	0.149536
-0.004272	-1.729431	0.467224	0.156860
0.029297	-1.774292	0.360107	0.164185
0.050049	-1.800232	0.262451	0.173645
0.063782	-1.804810	0.166321	0.184326
0.074463	-1.791992	0.072021	0.195007
0.082703	-1.779785	-0.024719	0.197144
0.087280	-1.765747	-0.122070	0.185242
0.083313	-1.747131	-0.227966	0.157471
0.067139	-1.721191	-0.341492	0.113220
0.036621	-1.680298	-0.464783	0.053711
-0.006714	-1.622620	-0.595703	-0.022583
-0.057983	-1.534424	-0.726624	-0.106201
-0.118103	-1.410522	-0.852356	-0.190430
-0.181580	-1.261902	-0.964661	-0.278625
-0.252991	-1.097107	-1.062927	-0.354919
-0.313416	-0.918884	-1.138611	-0.422668
-0.367432	-0.728149	-1.192932	-0.502625
-0.378723	-0.535278	-1.224976	-0.569458
-0.369263	-0.344543	-1.230469	-0.612793
-0.357056	-0.154114	-1.212769	-0.617371
-0.319214	0.035706	-1.170654	-0.582275
-0.299683	0.214539	-1.113281	-0.565491
-0.285645	0.378113	-1.028442	-0.556641
-0.281372	0.512695	-0.915833	-0.526428
-0.268250	0.625305	-0.776367	-0.476990
-0.248413	0.718994	-0.625305	-0.429077
-0.239258	0.793762	-0.466309	-0.388794
-0.240173	0.852356	-0.307312	-0.343323
-0.231934	0.898438	-0.157166	-0.271912
-0.229492	0.929871	-0.021667	-0.196228
-0.250244	0.954285	0.101929	-0.147705
-0.293884	0.975342	0.221863	-0.124207
-0.331726	0.997314	0.331726	-0.099487
-0.310669	1.017761	0.431213	-0.052490
-0.233765	1.032715	0.518494	-0.005188
-0.160217	1.050415	0.586243	0.025940
-0.100403	1.092224	0.625610	0.047607
-0.021057	1.158752	0.647583	0.072632
0.091858	1.223755	0.655518	0.109253
0.260010	1.268005	0.649719	0.144348
0.457764	1.299438	0.628052	0.163269
0.654907	1.326904	0.595398	0.174561
0.843811	1.351013	0.556335	0.186768
0.991821	1.362305	0.506897	0.191956
1.084595	1.347046	0.446472	0.186462
1.149902	1.316833	0.365906	0.172729
1.217651	1.299133	0.276489	0.162354
1.299133	1.295166	0.188293	0.158386
1.387329	1.281433	0.107422	0.149231
1.488953	1.245117	0.032959	0.123901
1.588440	1.184998	-0.033569	0.086975
1.661682	1.115417	-0.097351	0.034485
1.696167	1.055298	-0.170593	-0.021667
1.692810	1.015320	-0.269470	-0.072937
1.683350	0.986023	-0.381165	-0.102234
1.685181	0.952759	-0.506592	-0.112915
1.698914	0.915527	-0.635071	-0.116882
1.734314	0.886536	-0.756836	-0.133057
1.785278	0.863647	-0.863647	-0.160828
1.838989	0.836182	-0.950928	-0.183105
1.882629	0.806580	-1.018677	-0.183716
1.918030	0.776978	-1.060791	-0.172729
1.918335	0.752258	-1.077271	-0.164795
1.871643	0.733337	-1.076660	-0.168152
1.799927	0.709534	-1.064758	-0.180969
1.736145	0.669861	-1.044617	-0.204163
1.688538	0.620728	-1.011047	-0.226135
1.655579	0.578918	-0.956421	-0.246887
1.631470	0.547791	-0.875549	-0.262146
1.602783	0.521240	-0.788879	-0.278320
1.572266	0.491333	-0.701294	-0.298157
1.557922	0.470581	-0.606384	-0.317078
1.553955	0.482788	-0.511169	-0.339050
1.546631	0.528870	-0.418701	-0.372925
1.521912	0.585022	-0.330505	-0.412598
1.492004	0.632935	-0.240173	-0.449829
1.486206	0.670166	-0.145874	-0.470276
1.509705	0.695496	-0.050659	-0.469971
1.537170	0.717468	0.040283	-0.453186
1.541138	0.738220	0.125122	-0.426025
1.517334	0.744019	0.214539	-0.395508
1.480103	0.720520	0.307007	-0.364990
1.441650	0.662231	0.395813	-0.335693
1.405334	0.569153	0.476379	-0.311584
1.373901	0.452881	0.547791	-0.290527
1.336365	0.322571	0.596924	-0.263062
1.293945	0.177612	0.614014	-0.219421
1.247253	0.013428	0.592346	-0.160522
1.198730	-0.160217	0.550842	-0.098877
1.150208	-0.325317	0.489197	-0.046387
1.096191	-0.475159	0.403748	-0.006714
1.040955	-0.611572	0.308533	0.028076
0.975647	-0.739441	0.209656	0.054016
0.903625	-0.864563	0.111694	0.071411
0.818481	-0.986938	0.010986	0.076904
0.727844	-1.094971	-0.078735	0.072021
0.637207	-1.175842	-0.146179	0.066223
0.558472	-1.229248	-0.189209	0.072021
0.501709	-1.261292	-0.212097	0.091858
0.465088	-1.278076	-0.226746	0.117188
0.440369	-1.285706	-0.227661	0.136719
0.421448	-1.287537	-0.204773	0.138245
0.398865	-1.278076	-0.170898	0.118713
0.369568	-1.249084	-0.140686	0.090027
0.330200	-1.194458	-0.128174	0.059204
0.285339	-1.112061	-0.130615	0.035400
0.239563	-1.011963	-0.146484	0.014954
0.206299	-0.910339	-0.173340	-0.008240
0.193481	-0.817871	-0.213318	-0.033875
0.209045	-0.738220	-0.267029	-0.057373
0.238647	-0.668640	-0.331726	-0.073547
0.266113	-0.597229	-0.393372	-0.075073
0.283508	-0.516663	-0.449524	-0.062256
0.298462	-0.431824	-0.494080	-0.036926
0.313416	-0.340881	-0.526428	0.003357
0.324402	-0.245972	-0.538330	0.054321
0.324097	-0.146790	-0.522156	0.116272
0.299988	-0.047607	-0.478821	0.184631
0.261230	0.040283	-0.408325	0.253601
0.217896	0.110474	-0.303040	0.318604
0.172119	0.162048	-0.161438	0.378113
0.116577	0.195923	0.002441	0.429688
0.037842	0.217285	0.180969	0.473938
-0.064087	0.224915	0.368652	0.512390
-0.169983	0.222168	0.551147	0.546570
-0.266113	0.214844	0.739746	0.578918
-0.340271	0.203552	0.926208	0.604553
-0.392456	0.189819	1.104736	0.619812
-0.432129	0.174255	1.268005	0.626221
-0.460205	0.154724	1.404724	0.626221
-0.477905	0.124512	1.505737	0.620728
-0.484314	0.080872	1.573181	0.608521
-0.479431	0.026245	1.611023	0.587158
-0.463867	-0.037231	1.625061	0.552979
-0.441895	-0.114136	1.610718	0.508423
-0.424805	-0.200806	1.571960	0.460510
-0.424194	-0.289917	1.514893	0.415344
-0.438843	-0.378418	1.447144	0.375366
-0.466919	-0.461731	1.372375	0.336609
-0.510559	-0.540466	1.288757	0.301208
-0.573730	-0.615234	1.193237	0.271301
-0.646362	-0.681763	1.096191	0.249023
-0.720215	-0.740967	1.004028	0.231323
-0.789490	-0.797729	0.920715	0.214233
-0.849609	-0.856018	0.845642	0.191345
-0.901794	-0.910950	0.776367	0.165100
-0.950928	-0.957947	0.713196	0.136108
-1.004639	-0.991516	0.654602	0.104980
-1.071472	-1.007385	0.597839	0.074158
-1.156006	-1.011658	0.537720	0.042419
-1.236572	-1.007080	0.484619	0.011902
-1.302795	-1.004639	0.436096	-0.015869
-1.344299	-1.009827	0.394592	-0.038452
-1.358643	-1.028748	0.352173	-0.048828
-1.354370	-1.057434	0.303040	-0.043335
-1.336060	-1.087036	0.251770	-0.020142
-1.304932	-1.116028	0.196838	0.017395
-1.249084	-1.145020	0.153503	0.063782
-1.181335	-1.177673	0.112610	0.110779
-1.099854	-1.209106	0.079041	0.161743
-1.013184	-1.240234	0.047607	0.206909
-0.919800	-1.268311	0.018921	0.238342
-0.821533	-1.289368	-0.008850	0.254211
-0.725708	-1.301880	-0.035706	0.252991
-0.636292	-1.302185	-0.063171	0.236206
-0.560303	-1.285706	-0.090332	0.207825
-0.503540	-1.256714	-0.112610	0.171509
-0.475769	-1.221924	-0.132751	0.130920
-0.463562	-1.181946	-0.144348	0.085754
-0.459595	-1.135559	-0.142212	0.037842
-0.459900	-1.080017	-0.128174	-0.015869
-0.471802	-1.015015	-0.104675	-0.068359
-0.496216	-0.941772	-0.077209	-0.117493
-0.530701	-0.866699	-0.053101	-0.154419
-0.574951	-0.791016	-0.030212	-0.175476
-0.620728	-0.720825	-0.008240	-0.187988
-0.668335	-0.660706	0.019836	-0.191345
-0.723267	-0.609436	0.050659	-0.188599
-0.777283	-0.563965	0.090332	-0.179443
-0.836487	-0.518494	0.133972	-0.165710
-0.899963	-0.470276	0.169678	-0.148621
-0.958557	-0.417480	0.201721	-0.130005
-1.002197	-0.366821	0.228577	-0.111084
-1.025391	-0.324402	0.249023	-0.092468
-1.033936	-0.292969	0.256653	-0.077515
-1.030884	-0.270081	0.249023	-0.066833
-1.014709	-0.248108	0.225525	-0.059204
-0.985718	-0.226135	0.191040	-0.054016
-0.949707	-0.209045	0.142212	-0.054626
-0.916138	-0.195313	0.077820	-0.058899
-0.885620	-0.182495	0.000305	-0.065002
-0.863342	-0.160828	-0.084839	-0.071716
-0.848083	-0.128174	-0.170898	-0.079346
-0.834656	-0.089417	-0.248413	-0.091553
-0.816040	-0.044556	-0.316772	-0.105591
-0.785828	0.000916	-0.378418	-0.118103
-0.738525	0.051880	-0.428467	-0.124512
-0.679626	0.108948	-0.473022	-0.123596
-0.609741	0.172119	-0.513916	-0.113525
-0.522156	0.239868	-0.549011	-0.096436
-0.418396	0.311890	-0.574341	-0.075073
-0.296936	0.390930	-0.592346	-0.054932
-0.161438	0.471191	-0.599365	-0.037842
-0.017090	0.547180	-0.600586	-0.020752
0.127563	0.621643	-0.606689	-0.003052
0.267334	0.695801	-0.618286	0.014038
0.401001	0.781555	-0.632324	0.031433
0.516357	0.868835	-0.652466	0.044556
0.613708	0.958557	-0.676575	0.055847
0.692139	1.045837	-0.700989	0.065918
0.760498	1.128235	-0.720215	0.076294
0.820313	1.199646	-0.733948	0.084839
0.877991	1.257019	-0.742798	0.089722
0.937805	1.301575	-0.742493	0.093079
0.996094	1.332092	-0.735168	0.094299
1.054077	1.354065	-0.720215	0.095215
1.106873	1.370544	-0.702515	0.097046
1.156616	1.381836	-0.677795	0.105896
1.206970	1.381531	-0.646057	0.115967
1.260376	1.368103	-0.606689	0.123596
1.312256	1.345825	-0.563660	0.126038
1.358032	1.321411	-0.512695	0.124512
1.389160	1.299744	-0.457458	0.119629
1.406860	1.283569	-0.407104	0.110168
1.406250	1.270142	-0.364990	0.097656
1.385193	1.254883	-0.330811	0.083923
1.349182	1.235962	-0.299988	0.065918
1.299438	1.208801	-0.275574	0.042725
1.240234	1.172180	-0.252686	0.016479
1.169128	1.123962	-0.233459	-0.013428
1.101074	1.068726	-0.216064	-0.045166
1.037903	1.010742	-0.197754	-0.078125
0.974426	0.943298	-0.185547	-0.116272
0.920105	0.868530	-0.178223	-0.155945
0.867920	0.784912	-0.179749	-0.194702
0.825500	0.694580	-0.184326	-0.231934
0.792542	0.598755	-0.188293	-0.268555
0.768433	0.503845	-0.194702	-0.304565
0.752258	0.412903	-0.201416	-0.339050
0.743408	0.331421	-0.211487	-0.367126
0.737305	0.268860	-0.227661	-0.385742
0.732727	0.225830	-0.252075	-0.394897
0.727844	0.203857	-0.282898	-0.393677
0.721130	0.193787	-0.316162	-0.381775
0.718384	0.187073	-0.352173	-0.359802
0.720215	0.178223	-0.390625	-0.332336
0.724487	0.169067	-0.425110	-0.299377
0.731506	0.158386	-0.453186	-0.259705
0.741577	0.147400	-0.476074	-0.216980
0.750427	0.131836	-0.495300	-0.173035
0.754395	0.110168	-0.508118	-0.134277
0.753784	0.083008	-0.508423	-0.101013
0.747986	0.049438	-0.496521	-0.076294
0.738831	0.010376	-0.476990	-0.058289
0.726013	-0.034485	-0.456848	-0.048523
0.711670	-0.079651	-0.437012	-0.041809
0.696716	-0.124817	-0.418091	-0.038452
0.682068	-0.165710	-0.403137	-0.032349
0.664978	-0.202637	-0.396729	-0.022583
0.640869	-0.233154	-0.396423	-0.011902
0.609436	-0.256042	-0.398254	-0.001221
0.570374	-0.274658	-0.398865	0.010986
0.523682	-0.291748	-0.395203	0.021973
0.467529	-0.305481	-0.386658	0.032043
0.404053	-0.309448	-0.374146	0.042419
0.330811	-0.305481	-0.358276	0.055237
0.253296	-0.290222	-0.335999	0.072937
0.174561	-0.262451	-0.312500	0.093994
0.096436	-0.226746	-0.285034	0.116882
0.022888	-0.187988	-0.254822	0.138855
-0.042419	-0.147705	-0.215454	0.157471
-0.101318	-0.110168	-0.170288	0.172729
-0.158997	-0.073547	-0.118103	0.182495
-0.223694	-0.040588	-0.065308	0.186462
-0.286255	-0.007935	-0.011292	0.188599
-0.346069	0.023499	0.043335	0.193481
-0.404968	0.048523	0.093079	0.200806
-0.462646	0.070801	0.143127	0.214539
-0.515442	0.089111	0.193787	0.230103
-0.562744	0.105286	0.246277	0.249023
-0.608826	0.118408	0.299377	0.268250
-0.660706	0.126648	0.354614	0.285645
-0.724182	0.135193	0.407410	0.299683
-0.796814	0.144043	0.458679	0.311890
-0.878906	0.151978	0.506592	0.323792
-0.963135	0.157471	0.553589	0.336609
-1.049805	0.158386	0.594788	0.350342
-1.127625	0.151062	0.638123	0.364685
-1.190491	0.133667	0.684204	0.378113
-1.235657	0.109253	0.731201	0.391541
-1.261597	0.085144	0.775146	0.403748
-1.271973	0.064392	0.815735	0.416565
-1.267395	0.053711	0.856934	0.427551
-1.258850	0.052795	0.886536	0.432739
-1.244202	0.064697	0.916748	0.433960
-1.232910	0.081177	0.938721	0.430298
-1.220093	0.101318	0.955505	0.421143
-1.203918	0.126953	0.964966	0.408630
-1.183472	0.154114	0.961304	0.393982
-1.160278	0.182800	0.946045	0.381165
-1.136169	0.213928	0.918579	0.371399
-1.110229	0.246277	0.886841	0.365601
-1.088257	0.276489	0.848694	0.364685
-1.074524	0.302124	0.803833	0.365906
-1.061707	0.318909	0.767822	0.370789
-1.057434	0.320740	0.729675	0.375977
-1.061096	0.309448	0.692444	0.379028
-1.069031	0.284119	0.658875	0.380859
-1.078796	0.247803	0.628662	0.382080
-1.089478	0.207214	0.605774	0.383911
-1.106262	0.160217	0.585327	0.382080
-1.123962	0.109558	0.571594	0.377197
-1.144104	0.054321	0.558167	0.365295
-1.165161	-0.003662	0.548401	0.348511
-1.188965	-0.062561	0.538940	0.327148
-1.215820	-0.118408	0.528564	0.303040
-1.247559	-0.167847	0.514221	0.275574
-1.282959	-0.212402	0.496521	0.245667
-1.316833	-0.254517	0.476685	0.215149
-1.349792	-0.296326	0.449829	0.187378
-1.373901	-0.337830	0.424805	0.160828
-1.391296	-0.378113	0.398560	0.135498
-1.401672	-0.415649	0.377808	0.110168
-1.405640	-0.448303	0.357361	0.083923
-1.405640	-0.472717	0.333557	0.056763
-1.406250	-0.489197	0.307312	0.029602
-1.411743	-0.496216	0.278015	0.001831
-1.423035	-0.498657	0.246277	-0.030823
-1.435242	-0.503845	0.214539	-0.064392
-1.449280	-0.516052	0.181885	-0.095215
-1.464539	-0.540161	0.151672	-0.125732
-1.477966	-0.574951	0.122681	-0.155334
-1.485901	-0.618286	0.098267	-0.182190
-1.491699	-0.670166	0.076904	-0.202637
-1.494446	-0.726318	0.057678	-0.214844
-1.493225	-0.783386	0.038757	-0.214233
-1.490173	-0.833435	0.019531	-0.202026
-1.486816	-0.877075	-0.001831	-0.180054
-1.477966	-0.910950	-0.018005	-0.151062
-1.472473	-0.936890	-0.033264	-0.115967
-1.471252	-0.957031	-0.046082	-0.077820
-1.471863	-0.971375	-0.057373	-0.040588
-1.470337	-0.975342	-0.068970	-0.003662
-1.460571	-0.970459	-0.080566	0.031433
-1.450195	-0.956116	-0.092468	0.065002
-1.430054	-0.933533	-0.103455	0.098877
-1.400146	-0.904541	-0.114441	0.130615
-1.362000	-0.869141	-0.126343	0.158997
-1.309509	-0.830688	-0.134583	0.187378
-1.248779	-0.789490	-0.147095	0.211182
-1.179504	-0.744629	-0.164795	0.231628
-1.101379	-0.691833	-0.185242	0.247498
-1.019897	-0.629883	-0.209351	0.255737
-0.937195	-0.557861	-0.235596	0.258179
-0.860901	-0.480042	-0.269165	0.254822
-0.787048	-0.395813	-0.308228	0.244446
-0.713806	-0.304260	-0.350342	0.231323
-0.643311	-0.206604	-0.397644	0.214844
-0.573425	-0.103149	-0.448914	0.197449
-0.505066	0.005798	-0.506897	0.183105
-0.438232	0.120239	-0.567932	0.168152
-0.365906	0.239868	-0.625305	0.154419
-0.289307	0.360718	-0.676270	0.142212
-0.208435	0.476685	-0.716858	0.132446
-0.120544	0.584106	-0.746765	0.123596
-0.022583	0.681152	-0.759583	0.119019
0.079651	0.764771	-0.755920	0.115662
0.182495	0.835876	-0.741577	0.112915
0.282288	0.897522	-0.718689	0.111694
0.378723	0.951538	-0.685730	0.112915
0.469360	0.997620	-0.644531	0.115967
0.544434	1.033936	-0.600586	0.120239
0.604248	1.062012	-0.554504	0.125732
0.653992	1.082458	-0.507507	0.132141
0.690918	1.094360	-0.465393	0.138550
0.722656	1.100769	-0.429688	0.146790
0.744629	1.101990	-0.407715	0.156555
0.761414	1.097107	-0.394592	0.166626
0.776978	1.087341	-0.391541	0.177002
0.794067	1.071472	-0.400696	0.186157
0.816956	1.047363	-0.417175	0.196228
0.847168	1.015320	-0.433350	0.205688
0.880432	0.980225	-0.448303	0.213623
0.917053	0.944214	-0.455017	0.219116
0.953674	0.909119	-0.455933	0.221863
0.986328	0.876160	-0.453796	0.219421
1.014404	0.845337	-0.444641	0.213013
1.036377	0.818787	-0.432129	0.204163
1.050415	0.795288	-0.414124	0.193787
1.061401	0.773010	-0.391541	0.182495
1.070862	0.751648	-0.368347	0.171204
1.079712	0.729980	-0.343933	0.159912
1.087952	0.711365	-0.316162	0.148926
1.094971	0.695801	-0.289917	0.137634
1.100464	0.684814	-0.270691	0.127563
1.103516	0.676880	-0.258484	0.119324
1.106567	0.668030	-0.251770	0.112610
1.106873	0.657349	-0.252075	0.104370
1.107178	0.640259	-0.260925	0.091553
1.109314	0.616150	-0.275879	0.075989
1.115112	0.583801	-0.296631	0.056458
1.124878	0.543213	-0.319214	0.034180
1.134644	0.494690	-0.345764	0.009460
1.149292	0.440674	-0.373840	-0.013733
1.166992	0.382996	-0.404053	-0.034180
1.188660	0.325928	-0.431213	-0.051270
1.209717	0.270996	-0.457153	-0.066223
1.228027	0.219421	-0.481262	-0.077820
1.240540	0.172119	-0.505066	-0.087585
1.253357	0.132446	-0.523987	-0.094910
1.258850	0.098267	-0.546875	-0.102844
1.257629	0.071411	-0.570984	-0.111694
1.250610	0.050964	-0.598755	-0.122681
1.240540	0.037537	-0.621643	-0.135193
1.224365	0.031433	-0.641174	-0.150452
1.202393	0.029602	-0.652771	-0.169067
1.172180	0.030212	-0.657654	-0.190125
1.141357	0.033569	-0.650940	-0.211487
1.109619	0.040283	-0.636902	-0.233765
1.072998	0.048828	-0.618896	-0.255737
1.032104	0.057373	-0.597534	-0.275879
0.988464	0.061646	-0.573120	-0.291443
0.945740	0.061340	-0.540161	-0.301514
0.902710	0.051575	-0.503235	-0.305786
0.860901	0.035706	-0.457764	-0.302429
0.818176	0.011597	-0.407715	-0.290527
0.773621	-0.016174	-0.350342	-0.268860
0.725708	-0.046387	-0.290527	-0.240479
0.669556	-0.078125	-0.232544	-0.207520
0.607300	-0.104675	-0.172424	-0.169678
0.532837	-0.127869	-0.114746	-0.129395
0.451355	-0.142822	-0.052795	-0.088806
0.362244	-0.153809	0.007324	-0.050659
0.271912	-0.162659	0.068054	-0.014038
0.180969	-0.166931	0.125122	0.020142
0.094604	-0.165405	0.182190	0.054016
0.011292	-0.158997	0.234985	0.083923
-0.059814	-0.141907	0.291748	0.111084
-0.124207	-0.120239	0.343323	0.134888
-0.177612	-0.091553	0.398865	0.159302
-0.228577	-0.060425	0.450134	0.183411
-0.268555	-0.026550	0.502625	0.206604
-0.301208	0.012207	0.559082	0.229187
-0.325623	0.053101	0.616455	0.250854
-0.345764	0.098572	0.671997	0.273438
-0.363770	0.148926	0.722961	0.296021
-0.375977	0.202637	0.769043	0.318298
-0.384521	0.257263	0.807190	0.338745
-0.385437	0.312195	0.844727	0.357971
-0.385132	0.362549	0.871887	0.374146
-0.383301	0.408325	0.893250	0.386658
-0.381165	0.450745	0.908508	0.393066
-0.382690	0.488281	0.910645	0.393066
-0.384216	0.522461	0.905151	0.386963
-0.386658	0.552673	0.887756	0.376282
-0.386047	0.581665	0.863342	0.362549
-0.384216	0.603638	0.829468	0.346680
-0.379333	0.619812	0.791016	0.327759
-0.376892	0.629578	0.747986	0.306091
-0.375366	0.633240	0.708008	0.285034
-0.377808	0.632019	0.668640	0.263977
-0.384521	0.627747	0.632935	0.245667
-0.397949	0.619507	0.602112	0.231934
-0.415344	0.607910	0.577698	0.223389
-0.438538	0.592651	0.559692	0.220337
-0.465393	0.573120	0.550842	0.220947
-0.491333	0.547180	0.551147	0.224915
-0.515137	0.515442	0.561829	0.230713
-0.536804	0.478516	0.580444	0.237122
-0.554810	0.437317	0.606384	0.244141
-0.570068	0.391846	0.636902	0.252686
-0.584717	0.344238	0.670166	0.260010
-0.600891	0.292664	0.704041	0.264587
-0.621033	0.237427	0.738220	0.264587
-0.647583	0.179138	0.770874	0.259399
-0.678101	0.119934	0.802307	0.249634
-0.716248	0.059204	0.827026	0.235901
-0.757141	-0.002136	0.849609	0.218811
-0.801086	-0.062256	0.867004	0.202332
-0.845947	-0.122681	0.874634	0.185852
-0.891724	-0.182495	0.873718	0.170898
-0.938416	-0.241699	0.864868	0.158386
-0.984497	-0.302734	0.850220	0.148315
-1.024475	-0.361023	0.833740	0.143433
-1.061401	-0.420532	0.812073	0.141602
-1.091614	-0.477295	0.792236	0.142822
-1.116333	-0.531006	0.773926	0.144653
-1.137085	-0.578003	0.756836	0.147400
-1.152344	-0.619202	0.740662	0.149536
-1.162720	-0.653687	0.723877	0.149841
-1.164551	-0.680237	0.708313	0.147400
-1.159058	-0.699768	0.693665	0.142212
-1.149292	-0.715942	0.675964	0.133362
-1.133118	-0.728760	0.654297	0.122375
-1.110840	-0.738525	0.629272	0.108643
-1.083984	-0.746765	0.599670	0.093384
-1.055908	-0.755310	0.561829	0.078125
-1.026917	-0.762634	0.518799	0.062866
-0.992737	-0.768433	0.474243	0.049438
-0.953674	-0.774536	0.427246	0.038452
-0.907898	-0.782471	0.380859	0.030212
-0.860901	-0.792236	0.329895	0.025024
-0.811768	-0.800171	0.278320	0.021057
-0.760193	-0.806580	0.224915	0.018005
-0.707703	-0.810547	0.168152	0.014648
-0.655823	-0.808716	0.106812	0.010376
-0.608521	-0.802307	0.039063	0.006409
-0.560913	-0.789185	-0.028992	0.000610
-0.515442	-0.771790	-0.095825	-0.006104
-0.471497	-0.751953	-0.162354	-0.014038
-0.427246	-0.729980	-0.225830	-0.021362
-0.384521	-0.705261	-0.285645	-0.028076
-0.339661	-0.675354	-0.340271	-0.033875
-0.292969	-0.639954	-0.391235	-0.037537
-0.245667	-0.597534	-0.439453	-0.037231
-0.198975	-0.551758	-0.482483	-0.033569
-0.151062	-0.504150	-0.516357	-0.027771
-0.106506	-0.458374	-0.542908	-0.021362
-0.065613	-0.415039	-0.557556	-0.013123
-0.027771	-0.373535	-0.558167	-0.002441
0.007324	-0.333862	-0.545959	0.008545
0.040283	-0.295410	-0.523376	0.021362
0.075073	-0.258484	-0.493469	0.035095
0.111694	-0.221863	-0.458069	0.050049
0.150452	-0.184631	-0.420227	0.065918
0.194397	-0.148315	-0.380554	0.083923
0.242310	-0.112915	-0.343018	0.102234
0.295410	-0.077820	-0.307312	0.121765
0.352478	-0.042725	-0.276489	0.143433
0.412598	-0.005798	-0.248108	0.166016
0.476990	0.033264	-0.223083	0.187378
0.544739	0.072937	-0.202637	0.206909
0.613098	0.113220	-0.186157	0.223694
0.682373	0.151978	-0.172424	0.238342
0.749817	0.188904	-0.162048	0.248108
0.817261	0.223389	-0.151978	0.253296
0.883484	0.258484	-0.141907	0.255737
0.943909	0.293579	-0.135803	0.255432
1.002808	0.331116	-0.129700	0.253601
1.056519	0.370789	-0.127869	0.248718
1.109619	0.412292	-0.125732	0.242004
