2020/1/9 16:31:18 40us
CH1			CH2			CH3			CH4
0.065918	0.016479	0.035400	0.066223
0.067139	0.016785	0.036926	0.066223
0.067139	0.016785	0.036011	0.066528
0.066223	0.016174	0.035095	0.066223
0.068054	0.017395	0.037231	0.066833
0.067444	0.017090	0.036011	0.066223
0.067749	0.017090	0.036621	0.065918
0.066833	0.016785	0.035400	0.066223
0.067749	0.016479	0.036316	0.066528
0.066223	0.016785	0.035095	0.066223
0.068054	0.016785	0.036011	0.066528
0.065918	0.016174	0.033569	0.065613
0.067139	0.016479	0.035095	0.065918
0.067444	0.016479	0.035706	0.066223
0.070496	0.017395	0.039063	0.067139
0.068665	0.016479	0.036621	0.066833
0.066833	0.015564	0.033264	0.065613
0.067444	0.015564	0.034790	0.065918
0.068359	0.015869	0.035400	0.065918
0.067444	0.015869	0.034485	0.066223
0.067139	0.015869	0.033875	0.065918
0.067139	0.015564	0.033569	0.066223
0.069275	0.015869	0.036011	0.066223
0.068665	0.016174	0.035400	0.066528
0.067749	0.015564	0.033875	0.065613
0.068359	0.015869	0.035095	0.065918
0.068359	0.015564	0.035095	0.065918
0.068359	0.015869	0.034790	0.066223
0.065918	0.014954	0.031128	0.065308
0.067139	0.016174	0.032959	0.065613
0.067139	0.015564	0.033569	0.065613
0.067444	0.015259	0.033569	0.066223
0.068359	0.015869	0.035095	0.066223
0.070496	0.016785	0.036926	0.065613
0.072327	0.017395	0.038757	0.064087
0.071106	0.014954	0.036926	0.079346
0.068665	0.010071	0.034180	0.070496
0.065918	0.033569	0.032043	0.009155
0.065918	-0.016479	0.030518	-0.063782
0.064392	-0.010376	0.030212	-0.088806
0.064392	0.044556	0.028381	-0.066528
0.065918	0.140991	0.030212	-0.087280
0.057373	0.142212	0.025635	-0.085449
0.063477	0.079956	0.030518	-0.057678
0.051270	0.077209	0.032654	0.021362
0.014954	0.015564	0.023499	0.128174
0.007019	-0.111694	0.006104	0.279541
0.001831	-0.376282	0.046082	0.467834
-0.011292	-0.537109	0.084229	0.677185
-0.036926	-0.661011	0.090332	0.914917
-0.093384	-0.723572	0.072632	1.111145
-0.169373	-0.735168	0.043640	1.240540
-0.158997	-0.705261	0.025024	1.301270
-0.140991	-0.569458	-0.019531	1.354065
-0.136414	-0.443726	-0.095215	1.398315
-0.108643	-0.257263	-0.126953	1.428223
-0.000305	-0.018005	-0.122375	1.426697
0.113525	0.269775	-0.080261	1.430664
0.182800	0.568848	-0.070190	1.414795
0.240479	0.822449	-0.045471	1.358337
0.331726	1.074829	0.074768	1.273804
0.433960	1.302185	0.198059	1.144714
0.540771	1.541138	0.314636	0.983276
0.656128	1.737061	0.370483	0.760803
0.777893	1.952209	0.356140	0.503540
0.898743	2.197876	0.328979	0.218201
0.928345	2.449036	0.341797	-0.074158
0.830994	2.726746	0.397644	-0.378723
0.638733	2.998657	0.459595	-0.697021
0.438843	3.249512	0.473633	-0.987549
0.267944	3.434143	0.408020	-1.268921
0.113220	3.564453	0.279846	-1.513672
-0.045471	3.644409	0.104980	-1.699219
-0.192566	3.681335	-0.081787	-1.825256
-0.299377	3.695068	-0.360107	-1.906738
-0.371094	3.667297	-0.694580	-1.943359
-0.444946	3.623657	-0.986023	-1.939392
-0.544739	3.573608	-1.189270	-1.890869
-0.672913	3.492126	-1.310730	-1.781311
-0.805969	3.378601	-1.362915	-1.629028
-0.901489	3.224792	-1.328125	-1.452637
-0.951843	3.061829	-1.239624	-1.241760
-0.926208	2.910461	-1.137390	-1.006165
-0.841370	2.787170	-1.037292	-0.758667
-0.757141	2.606812	-0.940247	-0.499573
-0.671082	2.300720	-0.857239	-0.242310
-0.589600	1.902466	-0.764160	-0.003357
-0.481873	1.450500	-0.652161	0.188599
-0.326233	0.969849	-0.501404	0.303955
-0.092468	0.433044	-0.269470	0.554810
0.193481	-0.144043	0.030212	0.347900
0.501709	-0.806274	0.324707	-0.147095
0.846863	-1.509705	0.567017	-0.653076
1.183472	-2.254944	0.785217	-1.071167
1.493225	-2.919312	1.008301	-0.877075
1.820374	-3.540955	1.205139	-0.352783
1.872253	-4.106140	1.413574	-1.069336
2.232056	-4.547729	1.625366	-1.305847
2.153625	-5.042419	1.792908	-1.112366
1.425476	-5.442505	1.963806	-0.863342
1.753235	-5.495300	2.103882	-0.829163
1.754150	-5.732727	2.172852	-0.632019
1.491394	-5.732422	2.178955	-0.585022
1.094666	-5.940552	2.159119	0.165405
1.363220	-6.055908	1.971741	0.903625
1.264954	-5.944519	1.864319	0.974121
0.140686	-5.647278	1.712646	0.910339
-1.028442	-5.203857	1.501770	1.106262
-0.423279	-4.826660	1.123047	1.334229
0.124512	-4.688110	0.868835	1.388855
-0.223694	-4.567566	0.621643	1.156921
-0.623474	-3.985291	0.265808	0.800171
-1.029663	-3.372498	-0.104065	0.519714
-1.374817	-2.763062	-0.242920	0.214233
-0.577698	-2.504578	-0.466614	-0.013428
0.220032	-2.302856	-0.700378	-0.678711
0.885620	-2.032166	-1.033630	-1.012573
1.592407	-1.628723	-1.276550	-1.057739
1.797180	-1.242065	-1.726379	-1.017151
1.160278	-1.020508	-2.139282	-1.084290
0.913391	-0.929260	-2.301331	-1.136780
0.883484	-0.654297	-2.472229	-0.928650
0.764465	-0.206299	-2.752686	-0.560608
0.817871	0.234985	-2.807922	-0.462952
1.290588	0.429688	-2.542114	-0.294189
1.669922	0.441284	-2.112427	0.086060
1.794434	0.351868	-1.579285	0.104675
1.539917	0.514832	-1.128540	0.132751
1.027832	0.599365	-0.837708	0.124207
0.280151	0.542603	-0.680237	0.232849
-0.215454	0.336609	-0.531921	0.672302
-0.452271	0.126953	-0.367737	1.085510
-0.509949	0.088196	-0.299988	1.034546
-0.390015	0.080566	-0.223083	0.659790
-0.185547	0.168457	-0.027466	0.534363
-0.021667	0.477295	0.248413	0.898132
0.018005	0.585632	0.437927	1.266479
-0.354614	0.765076	0.707703	1.342773
-1.084290	1.128235	0.855713	1.293030
-1.933289	1.516113	0.910645	1.210022
-2.613831	1.643677	0.892944	1.103821
-2.889099	1.895752	0.858459	1.139832
-3.072815	2.408142	0.686646	1.086426
-3.345032	3.034668	0.732117	1.040344
-3.339844	3.554993	0.926208	1.245422
-2.955017	3.699646	1.101074	1.371460
-2.238770	3.824158	1.298523	1.502075
-1.391907	3.986816	1.489563	1.525574
-0.757446	4.138489	1.511536	1.358948
-0.387878	4.162292	1.463318	1.169128
-0.040894	4.009705	1.470032	1.033936
0.592041	3.464661	1.513062	0.820007
1.430969	2.613220	1.386108	0.675049
1.909180	1.923218	0.947876	0.682678
1.769714	1.350098	0.577087	0.641479
1.410217	0.755615	0.456238	0.671387
0.882263	-0.061951	0.359192	0.571289
0.654907	-0.953064	0.166931	0.439453
0.708618	-1.808777	-0.040588	0.331726
0.592651	-2.399597	-0.256348	0.103455
0.318298	-2.748108	-0.489197	-0.025635
0.235596	-3.120422	-0.737305	0.087585
0.177002	-3.617859	-0.943298	0.307922
0.161133	-3.905945	-1.024780	0.498352
0.289307	-4.011536	-0.942688	0.556641
0.370178	-3.800964	-0.862427	0.486755
0.441895	-3.433838	-0.663452	0.427856
0.522766	-3.040771	-0.387573	0.405579
0.509644	-2.757874	-0.339966	0.309143
0.489502	-2.439575	-0.480042	0.089111
0.449219	-2.121277	-0.458984	-0.295715
0.391235	-1.756592	-0.228577	-0.595093
0.424500	-1.301575	-0.017395	-0.697632
0.502014	-0.888367	0.049133	-0.755005
0.561218	-0.483093	-0.041199	-0.789490
0.628967	-0.117798	-0.042419	-0.865173
0.766296	-0.001831	0.037842	-1.056213
0.885925	-0.098877	0.231323	-1.253967
0.976563	-0.098267	0.310059	-1.345825
0.990295	0.023193	0.154114	-1.357422
0.877991	0.085449	-0.095215	-1.329651
0.746460	-0.014648	-0.126038	-1.294861
0.682983	-0.349731	0.003662	-1.276245
0.689087	-0.717163	0.004883	-1.238098
0.816345	-1.159668	-0.135193	-1.304016
0.900574	-1.647339	-0.161133	-1.422729
0.685730	-2.092285	-0.015564	-1.445618
0.412598	-2.590027	0.264893	-1.396179
0.275879	-3.177795	0.525818	-1.270447
0.244141	-3.685608	0.678406	-1.036682
0.254517	-3.989868	0.777588	-0.870361
0.115662	-4.122314	0.985413	-0.694885
-0.298157	-4.124146	1.125183	-0.339966
-0.785828	-4.061584	1.106262	0.058899
-1.096497	-3.889465	1.068726	0.333557
-1.203003	-3.598633	1.099854	0.460815
-1.295166	-3.227844	1.072083	0.505066
-1.660461	-2.944641	0.997009	0.619812
-2.035217	-2.709961	0.825806	0.819397
-2.232666	-2.305908	0.593567	0.888367
-2.439880	-1.766663	0.412292	0.860291
-2.639465	-1.201477	0.268860	0.830078
-2.474060	-0.630188	0.068054	0.878601
-2.187805	0.057068	-0.173340	0.932007
-2.049866	0.704651	-0.457153	0.954590
-1.917725	1.353455	-0.748291	0.978699
-1.763306	1.887512	-1.037292	1.032104
-1.474915	2.235107	-1.167603	1.006470
-0.745239	2.352905	-1.115112	0.878601
0.190735	2.278442	-1.061096	0.620422
0.979919	2.150879	-1.138000	0.352173
1.578674	2.093201	-1.310120	0.164795
1.855469	2.037964	-1.434631	0.006409
1.820679	1.903076	-1.449585	-0.204773
1.643677	1.831970	-1.422424	-0.480347
1.382446	1.878357	-1.471863	-0.632019
1.093750	2.107239	-1.607361	-0.590515
0.877991	2.424927	-1.692505	-0.515442
0.820923	2.678223	-1.560669	-0.498962
0.919189	2.850952	-1.309509	-0.462341
1.036072	2.972412	-1.079712	-0.454712
1.043396	3.043518	-0.824280	-0.498962
0.842590	3.149414	-0.513306	-0.501099
0.380554	3.319397	-0.231628	-0.390930
-0.158691	3.445435	-0.011292	-0.182495
-0.578918	3.632202	0.255127	0.052795
-0.815125	3.876953	0.523682	0.149841
-0.802002	4.065552	0.819397	0.159912
-0.676880	4.175415	1.134338	0.228577
-0.578613	4.249878	1.344299	0.444641
-0.482483	4.346313	1.417236	0.752258
-0.443726	4.405212	1.484985	0.975647
-0.483704	4.361877	1.515503	1.072388
-0.542603	4.224243	1.473389	1.110535
-0.625916	3.970337	1.329956	1.135559
-0.682373	3.778076	1.082153	1.179504
-0.602417	3.715210	0.795593	1.174622
-0.390930	3.664856	0.512390	1.075439
-0.113220	3.613586	0.253906	0.971985
0.285034	3.493347	0.028381	0.888367
0.716248	3.380127	-0.132141	0.831299
1.044617	3.366699	-0.251770	0.783997
1.124268	3.344421	-0.262756	0.714417
1.011963	3.251648	-0.170898	0.585022
0.892334	3.066406	0.034790	0.403442
0.918274	2.797241	0.353699	0.158081
1.051025	2.428894	0.641479	-0.140381
1.064453	2.028503	0.840759	-0.373230
0.875244	1.631775	1.044006	-0.516357
0.612183	1.176453	1.255798	-0.630798
0.389404	0.628967	1.452637	-0.719299
0.219421	-0.039368	1.558533	-0.867920
0.138855	-0.788574	1.567993	-1.058044
0.070801	-1.432800	1.535034	-1.191406
-0.072632	-1.944885	1.406555	-1.278076
-0.224609	-2.365417	1.148987	-1.308289
-0.319214	-2.723083	0.773315	-1.294250
-0.276794	-3.057251	0.380249	-1.253052
-0.108032	-3.372803	0.091553	-1.234741
0.065613	-3.664551	-0.207214	-1.203003
0.182800	-3.883972	-0.589294	-1.121216
0.318604	-4.030151	-1.036377	-0.978088
0.482788	-4.054871	-1.496582	-0.817871
0.605164	-3.993835	-1.951294	-0.676880
0.687256	-3.912048	-2.304688	-0.530701
0.670776	-3.786316	-2.527466	-0.328979
0.596924	-3.580322	-2.637329	-0.055237
0.531006	-3.285217	-2.631531	0.237427
0.493774	-2.924194	-2.501526	0.453491
0.491943	-2.565613	-2.222900	0.581055
0.559387	-2.281799	-1.833496	0.621948
0.614014	-1.990051	-1.392212	0.618591
0.558472	-1.644592	-1.011353	0.595703
0.373230	-1.238403	-0.677185	0.587158
0.126648	-0.862122	-0.380554	0.564270
-0.082092	-0.587158	-0.078125	0.514832
-0.249634	-0.479126	0.190735	0.380554
-0.330200	-0.477905	0.357971	0.177612
-0.345764	-0.497131	0.471802	-0.032043
-0.381775	-0.533447	0.560303	-0.205688
-0.427856	-0.582886	0.610657	-0.307922
-0.472412	-0.661926	0.622253	-0.365295
-0.491028	-0.753174	0.604858	-0.380859
-0.492554	-0.877991	0.551758	-0.372009
-0.477905	-0.983887	0.536499	-0.316772
-0.484009	-1.022339	0.541382	-0.235596
-0.516663	-0.969543	0.512390	-0.146484
-0.516663	-0.845337	0.430908	-0.090942
-0.455322	-0.660400	0.379333	-0.052185
-0.378418	-0.438843	0.381775	-0.029907
-0.396118	-0.158386	0.366821	0.006409
-0.491943	0.148315	0.333557	0.099487
-0.630188	0.439453	0.292358	0.229492
-0.723267	0.703430	0.258484	0.351868
-0.668640	0.922546	0.288696	0.443115
-0.539856	1.128540	0.420837	0.492249
-0.409851	1.356201	0.603638	0.531616
-0.360718	1.646729	0.754395	0.612488
-0.380554	2.026367	0.827332	0.742188
-0.435181	2.361450	0.829163	0.897522
-0.508728	2.576294	0.798950	1.038208
-0.571289	2.681274	0.754395	1.154175
-0.567017	2.668457	0.701904	1.228638
-0.519409	2.551575	0.601196	1.286316
-0.481873	2.374268	0.436401	1.333923
-0.519104	2.178040	0.248413	1.383057
-0.605469	1.991882	0.051880	1.406860
-0.703125	1.768494	-0.152283	1.402588
-0.811768	1.533813	-0.359497	1.396790
-0.943298	1.289978	-0.551758	1.393127
-1.083374	1.057129	-0.737000	1.383057
-1.115417	0.828552	-0.908203	1.357422
-0.978088	0.541382	-1.044922	1.296387
-0.733032	0.246887	-1.154785	1.198730
-0.451050	-0.016479	-1.272888	1.091003
-0.186157	-0.221863	-1.351929	0.980225
-0.030518	-0.362244	-1.375427	0.873413
-0.027161	-0.431824	-1.326599	0.755310
-0.129700	-0.466614	-1.186218	0.633240
-0.262451	-0.499878	-0.955505	0.484619
-0.375061	-0.531921	-0.649109	0.303345
-0.430603	-0.516357	-0.307007	0.120239
-0.432434	-0.434875	0.033264	-0.008240
-0.409546	-0.300293	0.311279	-0.048523
-0.334473	-0.155945	0.556641	-0.044861
-0.235596	-0.042725	0.828552	-0.030212
-0.145264	0.026550	1.147766	-0.042114
-0.073547	0.036316	1.471558	-0.081787
-0.009766	0.031128	1.767578	-0.122070
0.039978	0.056458	1.981201	-0.168457
0.096436	0.081177	2.090454	-0.231323
0.200806	0.095215	2.116699	-0.306091
0.340881	0.125732	2.059631	-0.377502
0.487366	0.134583	1.929626	-0.421753
0.586243	0.125122	1.701660	-0.426331
0.600281	0.079041	1.383972	-0.413208
0.520630	-0.003967	1.039124	-0.398254
0.386353	-0.121460	0.714722	-0.408630
0.210571	-0.273438	0.427246	-0.437622
0.035095	-0.418091	0.169067	-0.477905
-0.151367	-0.547791	-0.093384	-0.515442
-0.355835	-0.636597	-0.309448	-0.535278
-0.553589	-0.714111	-0.442505	-0.529175
-0.711060	-0.853577	-0.517883	-0.513611
-0.775146	-1.056824	-0.548706	-0.495605
-0.744324	-1.302795	-0.509644	-0.460815
-0.668030	-1.570435	-0.394287	-0.438843
-0.623474	-1.795959	-0.246582	-0.426941
-0.635071	-1.978149	-0.102234	-0.409241
-0.678101	-2.156067	0.032349	-0.376892
-0.727539	-2.339478	0.135803	-0.344543
-0.763245	-2.539673	0.226440	-0.303650
-0.750427	-2.757568	0.321960	-0.245972
-0.685425	-2.991638	0.414124	-0.168457
-0.607605	-3.189392	0.442200	-0.119934
-0.537415	-3.335876	0.423889	-0.120544
-0.506287	-3.421631	0.360413	-0.154419
-0.520020	-3.437805	0.230713	-0.155640
-0.593262	-3.372803	0.032349	-0.058594
-0.714417	-3.223572	-0.210876	0.017090
-0.859070	-3.011780	-0.459595	0.014954
-1.006470	-2.765198	-0.675354	0.031128
-1.178284	-2.494812	-0.842285	0.075684
-1.287231	-2.179260	-0.961609	0.076599
-1.239319	-1.834412	-1.057129	0.030212
-1.138611	-1.432190	-1.135864	-0.025940
-1.036377	-0.950623	-1.175842	-0.015564
-0.890198	-0.419006	-1.154785	0.107727
-0.714111	0.144653	-1.082458	0.229187
-0.653076	0.708313	-0.928650	0.291138
-0.697021	1.244507	-0.717773	0.333557
-0.612793	1.734314	-0.520325	0.420532
-0.336609	2.182617	-0.346985	0.534668
-0.087280	2.564087	-0.210876	0.626221
0.088501	2.916260	-0.134888	0.688171
0.242615	3.237000	-0.115356	0.724792
0.362244	3.466492	-0.090332	0.738220
0.495605	3.598938	-0.049438	0.736084
0.628052	3.652344	-0.035400	0.671692
0.693359	3.642578	-0.054321	0.553589
0.752869	3.577576	-0.088806	0.429993
0.809326	3.494263	-0.157776	0.305481
0.763550	3.380737	-0.252991	0.158081
0.648193	3.226318	-0.333862	-0.021973
0.530396	3.080139	-0.395203	-0.178833
0.383606	2.952576	-0.470886	-0.255737
0.215759	2.838440	-0.531006	-0.284424
0.081482	2.684326	-0.504456	-0.310974
-0.008850	2.482300	-0.392761	-0.311890
-0.094910	2.283325	-0.217590	-0.306091
-0.204163	2.177124	-0.044861	-0.317688
-0.353699	2.177124	0.110779	-0.313721
-0.536804	2.242737	0.235596	-0.276794
-0.716858	2.303467	0.318909	-0.182190
-0.841980	2.324524	0.394897	-0.020142
-0.872498	2.310486	0.473938	0.130615
-0.806274	2.290955	0.542297	0.230408
-0.682678	2.276917	0.599670	0.297546
-0.526733	2.278442	0.657654	0.364685
-0.362854	2.287903	0.683289	0.425415
-0.236511	2.263184	0.668335	0.433655
-0.163574	2.240295	0.636597	0.396729
-0.148010	2.221375	0.594482	0.349426
-0.150757	2.143555	0.552063	0.304871
-0.119019	2.012939	0.500183	0.265808
-0.026550	1.878052	0.430603	0.231934
0.104370	1.752014	0.364075	0.199280
0.284424	1.617126	0.309753	0.182800
0.488586	1.445007	0.245056	0.187073
0.678711	1.254272	0.155334	0.210876
0.860901	1.081238	0.054932	0.261536
1.034851	0.925903	-0.064392	0.327148
1.166687	0.759583	-0.170288	0.379333
1.231995	0.563965	-0.220032	0.405273
1.273804	0.344238	-0.217896	0.426025
1.369324	0.098572	-0.182800	0.445251
1.542358	-0.119934	-0.155029	0.470581
1.701965	-0.261230	-0.145569	0.490723
1.801147	-0.383606	-0.130615	0.456848
1.870117	-0.508728	-0.082397	0.361023
1.916809	-0.655518	-0.023804	0.229797
1.986084	-0.843811	0.035706	0.089417
2.052002	-1.040344	0.077820	-0.073242
2.093201	-1.190186	0.085144	-0.276184
2.116089	-1.279602	0.054626	-0.484314
2.116699	-1.324158	0.017090	-0.639954
2.069702	-1.326294	-0.009155	-0.734863
2.033386	-1.290894	-0.004883	-0.820923
1.993408	-1.207581	-0.005188	-0.904236
1.899719	-1.075439	-0.002441	-0.961609
1.798706	-0.932007	0.012817	-0.972595
1.696472	-0.808105	0.018005	-0.962524
1.551819	-0.689697	-0.010071	-0.960083
1.325989	-0.565796	-0.064392	-0.972290
1.040344	-0.435181	-0.132751	-0.977783
0.752258	-0.307007	-0.202332	-0.941467
0.482788	-0.232239	-0.264587	-0.867310
0.196838	-0.226746	-0.330505	-0.774231
-0.100098	-0.272827	-0.396729	-0.671082
-0.366211	-0.357056	-0.427246	-0.585022
-0.573730	-0.501404	-0.403442	-0.535889
-0.710144	-0.671387	-0.363159	-0.510254
-0.789490	-0.834351	-0.350342	-0.496521
-0.850220	-0.988770	-0.363464	-0.466614
-0.900269	-1.148376	-0.366516	-0.402527
-0.962524	-1.344604	-0.347595	-0.325317
-1.042480	-1.569214	-0.304260	-0.245667
-1.102600	-1.798401	-0.238953	-0.166016
-1.102905	-2.001648	-0.176086	-0.075989
-1.050110	-2.123413	-0.131836	0.032654
-0.957031	-2.152710	-0.077820	0.158691
-0.852661	-2.124329	-0.014038	0.288391
-0.736084	-2.050476	0.028687	0.430603
-0.615540	-1.904907	0.034180	0.590210
-0.517883	-1.689453	0.034180	0.742798
-0.456238	-1.431274	0.032654	0.898132
-0.418091	-1.165771	0.013428	1.036377
-0.385437	-0.913086	-0.025940	1.148682
-0.296936	-0.686951	-0.069885	1.219177
-0.156555	-0.450439	-0.124817	1.224365
0.011597	-0.205383	-0.187683	1.179810
0.142822	0.028687	-0.246887	1.132507
0.239258	0.264587	-0.281372	1.103516
0.289612	0.471497	-0.269165	1.074524
0.311584	0.660706	-0.217285	1.024475
0.329285	0.845032	-0.152893	0.948181
0.329895	1.051025	-0.092468	0.861206
0.321655	1.266174	-0.053711	0.770874
0.328979	1.483765	-0.059814	0.686951
0.337830	1.691895	-0.089111	0.632629
0.332642	1.854858	-0.103455	0.603638
0.343323	1.954956	-0.078430	0.585022
0.381470	1.968994	-0.039673	0.565796
0.430603	1.921997	-0.008545	0.542908
0.490417	1.848450	0.023499	0.508423
0.528259	1.773071	0.048218	0.464783
0.536194	1.690979	0.080872	0.416260
0.523682	1.581421	0.126648	0.358276
0.495605	1.421509	0.184937	0.296326
0.452881	1.220398	0.251160	0.244751
0.397949	0.990906	0.314941	0.205688
0.316162	0.729370	0.391846	0.166626
0.217896	0.446777	0.499878	0.120239
0.130920	0.160217	0.608521	0.074463
0.074463	-0.106506	0.717468	0.041199
0.025635	-0.300598	0.811768	0.010376
-0.053406	-0.389404	0.891113	-0.015564
-0.173340	-0.397034	0.946655	-0.017090
-0.300293	-0.372620	0.993042	0.005493
-0.395508	-0.336609	1.050415	0.045776
-0.439758	-0.276794	1.141968	0.096741
-0.438232	-0.180359	1.258850	0.147705
-0.401917	-0.054321	1.368103	0.206299
-0.363159	0.077209	1.451416	0.274048
-0.325317	0.186768	1.504211	0.335083
-0.293274	0.255737	1.532288	0.380554
-0.256958	0.263672	1.531677	0.407410
-0.187988	0.202332	1.518555	0.408936
-0.090332	0.071716	1.491394	0.391541
0.027771	-0.097351	1.449585	0.367432
0.179138	-0.293884	1.383667	0.327148
0.338745	-0.506897	1.285095	0.272522
0.490112	-0.740662	1.150513	0.211487
0.621338	-0.988159	0.982666	0.140991
0.719604	-1.233521	0.800476	0.083008
0.769958	-1.476440	0.625305	0.035706
0.776367	-1.706848	0.458374	-0.004883
0.755615	-1.928406	0.309753	-0.040588
0.732117	-2.136230	0.197754	-0.093079
0.717163	-2.308044	0.113220	-0.163879
0.729370	-2.438354	0.042419	-0.233459
0.743713	-2.524719	-0.027161	-0.300903
0.754700	-2.579651	-0.086670	-0.357056
0.767517	-2.624512	-0.117798	-0.386353
0.769653	-2.664185	-0.111694	-0.398865
0.767517	-2.702026	-0.084534	-0.410156
0.754700	-2.740479	-0.062256	-0.424194
0.706482	-2.762451	-0.061951	-0.451660
0.611877	-2.740173	-0.097351	-0.474243
0.459900	-2.665405	-0.176392	-0.473328
0.286560	-2.543640	-0.290222	-0.473633
0.105896	-2.393188	-0.420227	-0.508728
-0.075073	-2.224731	-0.562439	-0.605164
-0.241394	-2.065735	-0.723267	-0.707703
-0.404053	-1.912842	-0.917358	-0.730896
-0.561523	-1.758728	-1.134644	-0.667114
-0.699158	-1.581421	-1.355896	-0.629578
-0.804443	-1.362610	-1.572876	-0.663757
-0.897522	-1.116638	-1.767273	-0.668945
-1.004944	-0.851440	-1.918945	-0.611877
-1.079407	-0.563660	-2.019958	-0.522461
-1.090698	-0.303955	-2.056885	-0.453186
-1.099548	-0.086670	-2.006226	-0.385742
-1.099243	0.088501	-1.864624	-0.274963
-1.036377	0.210571	-1.654968	-0.086975
-0.916748	0.316772	-1.390991	0.073853
-0.887756	0.428162	-1.081238	0.150146
-0.965576	0.557861	-0.747375	0.200806
-0.976868	0.686340	-0.412292	0.285950
-0.883179	0.773926	-0.071411	0.355530
-0.816040	0.801086	0.284119	0.373535
-0.826416	0.827332	0.635986	0.334778
-0.866089	0.900269	0.934753	0.270691
-0.852966	0.999451	1.183472	0.227966
-0.699158	1.089478	1.381226	0.195618
-0.394592	1.170959	1.505432	0.134888
-0.039063	1.252441	1.545715	0.055237
0.341492	1.340942	1.514282	0.002441
0.681458	1.427002	1.403809	-0.010986
0.899963	1.494141	1.238708	-0.012512
1.023560	1.537781	1.056519	-0.025635
1.163940	1.602173	0.873718	-0.006104
1.322937	1.721802	0.669556	0.061035
1.460266	1.880798	0.448608	0.143433
1.599426	2.029724	0.252380	0.225830
1.730347	2.135315	0.090332	0.324402
1.815491	2.190247	-0.027466	0.426331
1.836548	2.207642	-0.101624	0.505981
1.776733	2.196960	-0.145569	0.564575
1.655273	2.140503	-0.168457	0.603333
1.521301	2.042236	-0.169678	0.647888
1.389465	1.927795	-0.161133	0.687256
1.279907	1.820679	-0.171509	0.677795
1.228333	1.748047	-0.193481	0.592957
1.236267	1.688843	-0.190735	0.479736
1.278992	1.631165	-0.160217	0.400391
1.338806	1.563110	-0.122070	0.355225
1.377258	1.481628	-0.093384	0.298767
1.365051	1.416931	-0.083008	0.220032
1.287842	1.376648	-0.100098	0.127563
1.201782	1.329346	-0.131226	0.031128
1.169434	1.271973	-0.168762	-0.054932
1.176758	1.224976	-0.224609	-0.108948
1.208191	1.181335	-0.267334	-0.129700
1.256714	1.112976	-0.268860	-0.121155
1.348572	0.987244	-0.236511	-0.096436
1.477356	0.809631	-0.196228	-0.073853
1.638489	0.623779	-0.149841	-0.064087
1.794739	0.480042	-0.118408	-0.089111
1.896973	0.376587	-0.118713	-0.165710
1.907959	0.293274	-0.135193	-0.281982
1.856995	0.213013	-0.141907	-0.410461
1.815186	0.115356	-0.142212	-0.529175
1.778259	0.001526	-0.155029	-0.632629
1.678162	-0.108643	-0.173645	-0.724792
1.512146	-0.200500	-0.163879	-0.800781
1.325378	-0.289917	-0.137024	-0.855103
1.156616	-0.374146	-0.115662	-0.886841
1.025696	-0.455933	-0.102539	-0.903320
0.925293	-0.534058	-0.076294	-0.906372
0.816650	-0.596619	-0.040894	-0.889587
0.711670	-0.659790	0.009766	-0.823059
0.624084	-0.751953	0.064087	-0.698547
0.557251	-0.858459	0.123596	-0.539246
0.517883	-0.952454	0.202332	-0.373230
0.533447	-1.014709	0.291443	-0.218506
0.589294	-1.048279	0.358887	-0.073547
0.663757	-1.072693	0.401001	0.062866
0.731201	-1.107483	0.406799	0.173035
0.761719	-1.162720	0.357361	0.241394
0.754089	-1.240845	0.285339	0.262451
0.725403	-1.352234	0.234070	0.230103
0.687561	-1.475220	0.193176	0.176086
0.649719	-1.588745	0.121460	0.118408
0.606079	-1.681213	-0.004272	0.068054
0.559387	-1.741638	-0.164490	0.028076
0.502625	-1.798096	-0.322266	-0.025635
0.434265	-1.870422	-0.457764	-0.107422
0.359192	-1.944580	-0.574036	-0.197144
0.282898	-1.985168	-0.675049	-0.270081
0.187378	-1.977844	-0.771179	-0.324097
0.075073	-1.934204	-0.842590	-0.363159
-0.036621	-1.864624	-0.870056	-0.397339
-0.132751	-1.770020	-0.866394	-0.423889
-0.202942	-1.642761	-0.853271	-0.437927
-0.259705	-1.492004	-0.827026	-0.436096
-0.315552	-1.332092	-0.771484	-0.409851
-0.380859	-1.169434	-0.688782	-0.353088
-0.434265	-1.006470	-0.589294	-0.271606
-0.451355	-0.855103	-0.494080	-0.177307
-0.439148	-0.700684	-0.418396	-0.079041
-0.407104	-0.526123	-0.347900	0.020142
-0.385742	-0.323792	-0.286255	0.124817
-0.375977	-0.099182	-0.247498	0.238953
-0.358582	0.125732	-0.224915	0.349426
-0.314026	0.332642	-0.179443	0.440979
-0.240173	0.500793	-0.100403	0.500183
-0.172424	0.608521	-0.019531	0.524902
-0.144958	0.667725	0.054321	0.530701
-0.137939	0.724487	0.121155	0.531006
-0.111694	0.809326	0.190735	0.535889
-0.064697	0.902405	0.273438	0.549011
0.007629	0.991821	0.375366	0.574646
0.093384	1.076660	0.493469	0.610352
0.182800	1.166992	0.628052	0.657959
0.270081	1.250000	0.758362	0.709839
0.365295	1.319580	0.881653	0.763245
0.455627	1.368103	0.994263	0.812683
0.548401	1.390076	1.107483	0.847778
0.657043	1.379700	1.207581	0.867615
0.747070	1.344299	1.282349	0.872803
0.783386	1.290283	1.312256	0.865784
0.754395	1.216736	1.307983	0.851135
0.655212	1.112976	1.287537	0.819702
0.513306	0.988159	1.270142	0.763855
0.334167	0.846252	1.242371	0.688171
0.127563	0.700684	1.189270	0.607910
-0.084229	0.547180	1.109619	0.528259
-0.279236	0.391235	1.018982	0.446167
-0.441895	0.228271	0.929260	0.364990
-0.571594	0.062866	0.845337	0.285950
-0.667114	-0.111694	0.782471	0.206604
-0.733948	-0.281982	0.748901	0.135498
-0.795593	-0.426025	0.735779	0.074768
-0.872498	-0.521240	0.722961	0.027771
-0.953064	-0.563354	0.706787	-0.008850
-1.012268	-0.556030	0.689087	-0.049744
-1.043091	-0.529785	0.665588	-0.097351
-1.034241	-0.512695	0.644836	-0.143433
-0.999756	-0.518494	0.621033	-0.177612
-0.943604	-0.534973	0.590515	-0.186157
-0.860291	-0.558472	0.559692	-0.174255
-0.755920	-0.595093	0.522156	-0.155640
-0.632019	-0.647278	0.463867	-0.135193
-0.498047	-0.711060	0.383606	-0.111389
-0.377197	-0.776978	0.284424	-0.087280
-0.273132	-0.833130	0.168457	-0.063782
-0.182190	-0.888367	0.039978	-0.052490
-0.096130	-0.952454	-0.083618	-0.058289
-0.017700	-1.039734	-0.193176	-0.071716
0.036926	-1.144714	-0.284119	-0.085449
0.058899	-1.252136	-0.374146	-0.099487
0.029907	-1.351318	-0.458069	-0.113220
-0.057983	-1.438599	-0.523071	-0.127563
-0.172424	-1.517334	-0.566711	-0.143433
-0.281372	-1.593933	-0.576477	-0.165710
-0.382385	-1.667480	-0.556641	-0.202026
-0.479431	-1.733093	-0.514526	-0.240784
-0.574951	-1.789246	-0.452271	-0.267639
-0.662231	-1.835327	-0.371399	-0.278320
-0.725098	-1.862488	-0.284119	-0.272522
-0.768738	-1.868286	-0.208435	-0.253601
-0.791321	-1.855164	-0.139771	-0.246582
-0.801086	-1.828003	-0.075989	-0.235596
-0.801086	-1.791687	-0.014038	-0.205688
-0.819397	-1.747131	0.031738	-0.181885
-0.829773	-1.692200	0.065918	-0.162659
-0.841370	-1.617126	0.093079	-0.155640
-0.850830	-1.524353	0.126648	-0.164185
-0.827942	-1.419983	0.162659	-0.175476
-0.795288	-1.303101	0.180969	-0.184631
-0.759888	-1.168823	0.171814	-0.191040
-0.714417	-1.019287	0.137329	-0.190735
-0.655212	-0.860291	0.094299	-0.186462
-0.610657	-0.715942	0.046387	-0.182800
-0.600586	-0.600891	0.005493	-0.178223
-0.623779	-0.507813	-0.031433	-0.170898
-0.655212	-0.412292	-0.065308	-0.160828
-0.706482	-0.306396	-0.112000	-0.148621
-0.777283	-0.197144	-0.160828	-0.143433
-0.843506	-0.109558	-0.209045	-0.141296
-0.902710	-0.046387	-0.249634	-0.135803
-0.965576	0.002136	-0.289917	-0.123901
-1.024780	0.047913	-0.324097	-0.096130
-1.089478	0.095215	-0.356445	-0.060120
-1.138000	0.142517	-0.392761	-0.020447
-1.150513	0.189819	-0.434875	0.018311
-1.124268	0.228577	-0.476990	0.044861
-1.059570	0.265503	-0.518188	0.067139
-0.965881	0.314636	-0.551147	0.094299
-0.840149	0.379639	-0.573120	0.122681
-0.682068	0.460205	-0.588074	0.154724
-0.504761	0.552063	-0.592651	0.186462
-0.319824	0.659485	-0.593872	0.221252
-0.131836	0.780029	-0.589294	0.258179
0.048218	0.920410	-0.580750	0.289612
0.216675	1.084290	-0.568848	0.313110
0.370789	1.260071	-0.546265	0.329895
0.512085	1.441650	-0.510559	0.339050
0.649719	1.620483	-0.458374	0.338135
0.770874	1.772766	-0.393066	0.330505
0.862732	1.892700	-0.321960	0.329285
0.931396	1.989136	-0.263367	0.335999
0.994873	2.062683	-0.218201	0.347900
1.061401	2.112427	-0.183411	0.356750
1.122437	2.129822	-0.157776	0.352783
1.166992	2.110596	-0.127869	0.339355
1.190796	2.061157	-0.091248	0.326843
1.195374	1.993103	-0.048828	0.319214
1.168823	1.910706	-0.013733	0.315857
1.122742	1.807251	0.008545	0.316772
1.060486	1.690979	0.022888	0.316162
0.980835	1.569824	0.030823	0.314331
0.896301	1.452942	0.030212	0.306091
0.806274	1.352539	0.019226	0.291443
0.706177	1.258850	0.006714	0.281677
0.599976	1.167297	-0.001831	0.274048
0.502319	1.081238	-0.003357	0.257874
0.412903	1.001892	0.003662	0.233765
0.332947	0.930176	0.022888	0.201111
0.267029	0.862427	0.052490	0.158691
0.224915	0.800476	0.080261	0.106506
0.215454	0.735474	0.103149	0.043945
0.238342	0.666504	0.124817	-0.026245
0.283813	0.588379	0.138855	-0.098877
0.342407	0.494080	0.139771	-0.176086
0.403748	0.391846	0.135193	-0.253601
0.456848	0.290222	0.127258	-0.325317
0.498047	0.196838	0.106506	-0.391235
0.527954	0.119324	0.063171	-0.446472
0.552063	0.043945	0.004272	-0.486145
0.577698	-0.029297	-0.067444	-0.513916
0.603638	-0.099792	-0.153809	-0.524902
0.626526	-0.166626	-0.249023	-0.510864
0.644226	-0.228882	-0.343933	-0.477905
0.664063	-0.283813	-0.429688	-0.440369
0.684814	-0.338440	-0.494385	-0.408936
0.693970	-0.391846	-0.542603	-0.382690
0.692139	-0.433655	-0.577698	-0.356750
0.675049	-0.460815	-0.601807	-0.334167
0.644531	-0.476379	-0.611267	-0.318909
0.600891	-0.490417	-0.607605	-0.309448
0.548401	-0.509644	-0.592957	-0.300903
0.495911	-0.544128	-0.570679	-0.289307
0.441284	-0.591125	-0.539246	-0.276184
0.374756	-0.645447	-0.508118	-0.267029
0.295715	-0.701599	-0.485840	-0.259094
0.210571	-0.759888	-0.471191	-0.247192
0.116272	-0.825500	-0.461426	-0.235291
0.011292	-0.896606	-0.453796	-0.229492
-0.105896	-0.968933	-0.451355	-0.224915
-0.222473	-1.038208	-0.449524	-0.208740
-0.332031	-1.096802	-0.450134	-0.183105
-0.413818	-1.143494	-0.454712	-0.148010
-0.466003	-1.168823	-0.465393	-0.115967
-0.500488	-1.165466	-0.480652	-0.087585
-0.498657	-1.134949	-0.486450	-0.054932
-0.480347	-1.079407	-0.477600	-0.025024
-0.458069	-1.004944	-0.450134	0.001221
-0.440063	-0.912781	-0.411072	0.024719
-0.426025	-0.804749	-0.357361	0.050049
-0.419922	-0.684814	-0.296936	0.080261
-0.420532	-0.555725	-0.231018	0.109253
-0.429077	-0.422974	-0.153198	0.142517
-0.439148	-0.281067	-0.070801	0.187988
-0.462341	-0.130310	0.003967	0.234680
-0.499878	0.018921	0.072327	0.277710
-0.548706	0.150757	0.133362	0.315247
-0.614319	0.263672	0.181580	0.346680
-0.696106	0.361023	0.214233	0.376587
-0.789490	0.444336	0.234680	0.406189
-0.903931	0.520325	0.238647	0.422363
-1.024780	0.585938	0.227966	0.422058
-1.135254	0.637512	0.204773	0.414734
-1.226196	0.672913	0.176086	0.407715
-1.294556	0.690613	0.154114	0.403137
-1.343994	0.692139	0.144958	0.396729
-1.367798	0.690613	0.155029	0.390930
-1.366272	0.691223	0.187988	0.395203
-1.347351	0.695496	0.240479	0.406494
-1.309509	0.708618	0.310974	0.415344
-1.254578	0.734863	0.397034	0.423889
-1.187439	0.772095	0.489197	0.433960
-1.098938	0.819702	0.585632	0.446777
-0.996399	0.870361	0.682678	0.458374
-0.888062	0.915222	0.774841	0.465088
-0.773010	0.948792	0.858765	0.462952
-0.658264	0.978394	0.936279	0.456848
-0.552979	1.003418	0.994568	0.452271
-0.462036	1.021423	1.023865	0.446777
-0.387573	1.030579	1.029663	0.439453
-0.328369	1.032410	1.010132	0.431519
-0.282593	1.024780	0.972595	0.426025
-0.252075	1.002808	0.927734	0.422668
-0.238953	0.965271	0.883789	0.419617
-0.246582	0.908813	0.838928	0.416565
-0.270386	0.837708	0.786438	0.423889
-0.297546	0.757751	0.736694	0.444946
-0.331116	0.672302	0.688171	0.466919
-0.375671	0.584412	0.639954	0.488586
-0.437012	0.491638	0.596924	0.510864
-0.512085	0.397339	0.564575	0.531616
-0.597839	0.303040	0.536804	0.547791
-0.687561	0.204468	0.509949	0.556030
-0.780334	0.104980	0.486450	0.556335
-0.873718	0.000305	0.468445	0.548706
-0.959778	-0.102539	0.453186	0.531006
-1.031189	-0.198364	0.439453	0.502014
-1.085510	-0.281677	0.433960	0.458069
-1.123962	-0.353699	0.432739	0.396729
-1.144714	-0.416565	0.431824	0.321960
-1.143799	-0.473328	0.423889	0.236206
-1.123657	-0.519714	0.412903	0.143433
-1.091003	-0.556641	0.393982	0.043335
-1.058350	-0.581360	0.369263	-0.054932
-1.026306	-0.602417	0.336609	-0.151672
-0.988159	-0.626221	0.296326	-0.245667
-0.944214	-0.660400	0.241089	-0.335388
-0.896301	-0.705261	0.185242	-0.404663
-0.856018	-0.767822	0.128784	-0.452881
-0.819092	-0.845032	0.075378	-0.480347
-0.786133	-0.930786	0.019836	-0.490417
-0.759888	-1.015930	-0.038757	-0.481567
-0.746765	-1.094055	-0.099487	-0.455017
-0.756836	-1.161804	-0.165710	-0.422363
-0.785522	-1.217041	-0.231628	-0.385742
-0.831909	-1.270752	-0.297241	-0.344849
-0.894165	-1.319580	-0.361633	-0.301208
-0.972595	-1.365356	-0.425720	-0.258179
-1.061401	-1.402588	-0.484619	-0.219421
-1.155396	-1.425476	-0.536499	-0.187073
-1.246643	-1.438599	-0.589600	-0.159302
-1.334534	-1.440430	-0.641174	-0.133362
-1.419373	-1.430969	-0.689697	-0.108032
-1.488647	-1.403198	-0.730591	-0.080872
-1.542053	-1.356506	-0.761108	-0.056152
-1.577454	-1.296387	-0.768127	-0.034790
-1.601563	-1.228027	-0.755920	-0.004883
-1.611328	-1.150818	-0.722351	0.036011
-1.606140	-1.064758	-0.670776	0.075684
-1.571045	-0.966797	-0.607910	0.120239
-1.510010	-0.859680	-0.537720	0.167236
-1.435852	-0.747070	-0.464783	0.208130
-1.336365	-0.632324	-0.386963	0.244751
-1.227722	-0.513306	-0.308533	0.276184
-1.109924	-0.390320	-0.237427	0.300598
-0.984497	-0.269775	-0.180054	0.315552
-0.851135	-0.148621	-0.141602	0.321045
-0.717468	-0.021973	-0.130310	0.317688
-0.581360	0.106812	-0.143127	0.301819
-0.441895	0.237122	-0.173950	0.272827
-0.305786	0.365906	-0.221558	0.235596
-0.182495	0.488281	-0.278625	0.190735
-0.075684	0.602112	-0.334167	0.139160
0.014038	0.704651	-0.382996	0.089417
0.081482	0.797424	-0.424500	0.048523
0.126648	0.885620	-0.453186	0.023499
0.158081	0.971985	-0.463867	0.017395
0.175781	1.060486	-0.458984	0.026550
0.187073	1.151123	-0.440674	0.051575
0.204773	1.241760	-0.405579	0.090332
0.230713	1.325378	-0.355225	0.137634
0.261230	1.397400	-0.296326	0.195923
0.293579	1.461792	-0.229797	0.264587
0.326538	1.518860	-0.163574	0.331421
0.368652	1.572266	-0.102234	0.391846
0.423279	1.622314	-0.041504	0.440979
0.488892	1.666565	0.010681	0.477295
0.566101	1.698914	0.047913	0.500793
0.650940	1.718140	0.073547	0.507507
0.740662	1.727295	0.095215	0.500488
0.827637	1.718445	0.112610	0.483398
0.903931	1.694946	0.118408	0.455017
0.977478	1.660767	0.118408	0.421143
1.036682	1.618958	0.110474	0.382080
1.081848	1.566162	0.097351	0.339966
1.116028	1.507874	0.067749	0.298157
1.148376	1.452026	0.032349	0.263672
1.179810	1.391907	-0.002441	0.236511
1.210327	1.325684	-0.038452	0.213318
1.229858	1.259460	-0.075684	0.195313
1.240234	1.190491	-0.108643	0.184021
1.244812	1.128540	-0.130920	0.179749
1.239929	1.069946	-0.151978	0.178833
1.226196	1.015930	-0.171204	0.173950
1.208496	0.965576	-0.181580	0.166016
1.181030	0.917969	-0.182190	0.156860
1.143188	0.864258	-0.175476	0.140076
1.106567	0.799255	-0.160828	0.116882
1.061401	0.718079	-0.146179	0.091553
1.012573	0.624695	-0.129700	0.060425
0.970459	0.525513	-0.111694	0.027771
0.931396	0.421143	-0.099487	-0.005188
0.886841	0.310974	-0.093689	-0.038147
0.832520	0.192871	-0.092773	-0.070801
0.769653	0.076294	-0.094604	-0.101929
0.708923	-0.037231	-0.102234	-0.131836
0.654907	-0.143127	-0.119324	-0.162659
0.603638	-0.243530	-0.150757	-0.195618
0.568542	-0.333862	-0.195313	-0.226135
0.551758	-0.409546	-0.247803	-0.254211
0.554504	-0.467224	-0.304565	-0.278931
0.576782	-0.505371	-0.364075	-0.302734
0.613708	-0.525513	-0.424805	-0.323792
0.658875	-0.533752	-0.484619	-0.341797
0.710144	-0.528870	-0.540771	-0.355835
0.759888	-0.512085	-0.596619	-0.366516
0.798340	-0.488892	-0.650635	-0.373230
0.821228	-0.468140	-0.699158	-0.379333
0.828857	-0.451355	-0.746765	-0.387268
0.823059	-0.441895	-0.789185	-0.395203
0.797424	-0.444641	-0.816650	-0.401001
0.748596	-0.462036	-0.831299	-0.400696
0.677185	-0.496216	-0.827332	-0.394592
0.585327	-0.545349	-0.801086	-0.382690
0.483398	-0.600586	-0.753174	-0.365295
0.371704	-0.654907	-0.688171	-0.346375
0.251465	-0.700684	-0.615540	-0.322571
0.133362	-0.737305	-0.536194	-0.295715
0.019531	-0.760498	-0.452576	-0.267944
-0.089417	-0.771484	-0.366516	-0.237122
-0.187683	-0.768127	-0.278931	-0.199280
-0.271301	-0.747070	-0.187378	-0.155640
-0.343018	-0.711975	-0.098267	-0.108337
-0.403442	-0.663452	-0.011597	-0.058289
-0.453186	-0.600586	0.070496	-0.006409
-0.487976	-0.526123	0.148315	0.049744
-0.510254	-0.441284	0.218201	0.104065
-0.523987	-0.349731	0.278931	0.154114
-0.531311	-0.250854	0.333862	0.204163
-0.531921	-0.150452	0.385437	0.253906
-0.523071	-0.049438	0.437317	0.302124
-0.502930	0.053406	0.485229	0.346069
-0.471802	0.151672	0.527649	0.383911
-0.422974	0.242920	0.566101	0.416870
-0.358582	0.327759	0.597534	0.444946
-0.280151	0.410461	0.622864	0.465698
-0.199280	0.490723	0.643311	0.480042
-0.120544	0.567017	0.664063	0.489197
-0.045471	0.636597	0.684814	0.492554
0.022278	0.700073	0.705566	0.492249
0.080566	0.759888	0.725708	0.486145
0.127563	0.817871	0.744934	0.476685
0.163574	0.877686	0.763245	0.469055
0.190125	0.933838	0.778809	0.465088
0.211182	0.988464	0.798645	0.461121
0.216980	1.033020	0.812683	0.457458
0.211487	1.065063	0.825500	0.457153
0.191345	1.082153	0.832520	0.459290
0.159912	1.083679	0.838013	0.463257
0.116272	1.074219	0.831909	0.463562
0.069275	1.054077	0.820923	0.460205
0.016174	1.023254	0.800781	0.454102
-0.028381	0.986633	0.780029	0.445251
-0.066223	0.941467	0.751953	0.431213
-0.089111	0.890503	0.725708	0.413513
-0.103760	0.834351	0.700073	0.392761
-0.106812	0.771790	0.680542	0.370483
-0.101624	0.706177	0.661621	0.348511
-0.092468	0.643616	0.644836	0.325012
-0.078125	0.586243	0.633545	0.299988
-0.064697	0.534363	0.629578	0.277100
-0.052185	0.485840	0.633240	0.257874
-0.042419	0.437927	0.638733	0.239563
-0.037842	0.388184	0.652161	0.223389
-0.042419	0.335388	0.666504	0.208130
-0.057373	0.279236	0.680237	0.195923
-0.080872	0.217285	0.693970	0.185242
-0.116272	0.151367	0.703735	0.173950
-0.162048	0.083923	0.711060	0.160522
-0.217590	0.009766	0.711975	0.146484
-0.279846	-0.075378	0.708313	0.131836
-0.348816	-0.169067	0.699158	0.114136
-0.419617	-0.268250	0.686951	0.095520
-0.491333	-0.370483	0.671997	0.076904
-0.557556	-0.473328	0.654297	0.060425
-0.610657	-0.572510	0.631104	0.047607
-0.650940	-0.667725	0.597534	0.035400
-0.678406	-0.757141	0.556335	0.024719
-0.696716	-0.838318	0.506592	0.016479
-0.708313	-0.910645	0.451050	0.013123
-0.711365	-0.974426	0.395508	0.010986
-0.705872	-1.032715	0.342407	0.014648
-0.700684	-1.084900	0.289612	0.018616
-0.690918	-1.127625	0.242310	0.018005
-0.676880	-1.161499	0.198669	0.017700
-0.656738	-1.187134	0.161438	0.019226
-0.638123	-1.205139	0.125122	0.014343
-0.610352	-1.214600	0.097656	0.009766
-0.588379	-1.218262	0.073242	-0.002136
-0.571899	-1.219482	0.049744	-0.024414
-0.545654	-1.217957	0.025940	-0.050659
-0.521240	-1.211243	-0.001221	-0.079651
-0.495605	-1.203918	-0.036926	-0.111084
-0.459595	-1.194458	-0.079956	-0.145874
-0.413818	-1.176453	-0.122986	-0.178833
-0.363159	-1.153259	-0.167847	-0.209656
-0.312805	-1.131592	-0.219421	-0.234680
-0.260010	-1.108704	-0.269775	-0.252991
-0.204773	-1.080322	-0.319824	-0.261841
-0.154724	-1.043701	-0.362244	-0.263367
-0.113831	-0.998840	-0.401611	-0.254517
-0.080261	-0.949097	-0.442200	-0.238037
-0.052490	-0.891724	-0.479736	-0.213013
-0.035095	-0.828247	-0.508728	-0.183105
-0.022278	-0.759888	-0.524292	-0.147705
-0.021057	-0.694275	-0.525513	-0.111694
-0.028687	-0.636292	-0.515442	-0.075073
-0.033569	-0.584106	-0.487366	-0.040283
-0.040894	-0.538330	-0.446777	-0.008240
-0.047302	-0.494385	-0.395203	0.018311
-0.055237	-0.448608	-0.343323	0.039063
-0.053101	-0.396118	-0.290833	0.055542
-0.036011	-0.333557	-0.240784	0.068665
-0.006714	-0.268250	-0.195007	0.077209
0.033569	-0.200195	-0.155945	0.088501
0.086975	-0.126648	-0.118103	0.101624
0.145874	-0.047913	-0.088501	0.115967
0.214844	0.039673	-0.063477	0.134277
0.290222	0.130615	-0.043030	0.158081
0.375977	0.226746	-0.026550	0.184021
0.472717	0.325623	-0.014038	0.215149
0.570374	0.423889	-0.005188	0.249329
0.671082	0.517883	0.005798	0.286865
0.770874	0.605469	0.015259	0.324097
0.874634	0.686646	0.030518	0.363464
0.978394	0.761414	0.051575	0.400696
1.077271	0.827942	0.075073	0.428772
1.173096	0.891418	0.101624	0.444336
1.265869	0.946350	0.126343	0.447693
