2020/1/9 16:31:20 40us
CH1			CH2			CH3			CH4
0.065308	0.013428	0.036011	0.064087
0.065918	0.012817	0.036011	0.064392
0.065308	0.013123	0.034790	0.063782
0.064697	0.012512	0.033569	0.063477
0.065613	0.012817	0.034485	0.063477
0.066528	0.012512	0.035095	0.063477
0.066833	0.012207	0.035095	0.063782
0.068054	0.012817	0.036316	0.063782
0.067749	0.012512	0.035706	0.064087
0.068054	0.012512	0.035706	0.063782
0.069580	0.012512	0.037231	0.063477
0.069275	0.011902	0.035706	0.063477
0.069580	0.012512	0.036316	0.063477
0.072021	0.012512	0.039673	0.064087
0.072021	0.012512	0.039063	0.064087
0.072632	0.012207	0.038452	0.064392
0.073242	0.012512	0.039673	0.063782
0.074158	0.012817	0.039673	0.064087
0.073853	0.012207	0.039673	0.064087
0.074158	0.012207	0.038757	0.063782
0.074463	0.012207	0.039063	0.064087
0.075073	0.011902	0.039673	0.063782
0.075989	0.012207	0.039978	0.063782
0.076599	0.012207	0.040588	0.063782
0.076294	0.011292	0.039673	0.063782
0.076599	0.012207	0.039673	0.064087
0.076294	0.011292	0.038757	0.063171
0.077209	0.011597	0.039673	0.063477
0.078430	0.011902	0.040588	0.064087
0.078430	0.011292	0.039673	0.063782
0.077515	0.011292	0.038147	0.063171
0.077820	0.010986	0.038452	0.063171
0.077820	0.010376	0.037842	0.063171
0.077820	0.010681	0.037231	0.062866
0.077820	0.009766	0.037231	0.062561
0.079041	0.010681	0.038147	0.063171
0.079956	0.010376	0.039063	0.063171
0.082703	0.011292	0.042114	0.064087
0.082397	0.010986	0.041809	0.063477
0.082092	0.010681	0.040894	0.062866
0.083923	0.010986	0.042419	0.081482
0.085449	0.010376	0.043030	0.227356
0.087280	0.011597	0.044556	0.311279
0.086365	0.010376	0.042419	0.255127
0.086365	0.009155	0.041199	0.112915
0.087891	0.008545	0.041504	-0.080872
0.088806	0.007019	0.039368	-0.313110
0.080566	0.013733	0.038452	-0.510559
0.104980	-0.001831	0.036621	-0.708313
0.059814	-0.001221	0.039063	-0.937500
0.058899	0.033875	0.038757	-1.279907
0.163879	0.036621	0.037842	-1.600037
0.174866	-0.000610	0.039673	-1.884155
0.124817	-0.087585	0.038452	-2.090759
-0.006409	-0.103760	0.036621	-2.197571
-0.185242	-0.093384	0.036011	-2.153931
-0.205383	-0.059814	0.046387	-2.042236
-0.005493	-0.008545	0.054016	-1.891479
0.216370	0.118408	0.039673	-1.736145
0.370178	0.255127	0.031738	-1.567078
0.433960	0.327148	0.020142	-1.403198
0.334778	0.365906	0.008545	-1.250305
0.268250	0.403137	0.006714	-1.109009
0.242615	0.408936	0.021057	-0.978394
0.210876	0.365601	0.021362	-0.858459
0.064697	0.317993	0.051575	-0.744019
-0.190430	0.294189	0.086670	-0.593567
-0.506592	0.289307	0.121155	-0.398865
-0.734253	0.212708	0.115967	-0.215454
-0.882874	0.077209	0.117188	-0.066223
-0.982666	-0.097351	0.115356	0.095215
-1.050720	-0.287170	0.103455	0.270081
-1.084595	-0.482178	0.070190	0.420227
-1.106873	-0.659180	0.037842	0.580444
-1.035156	-0.823364	0.033569	0.745850
-0.843201	-1.021423	0.041199	0.892029
-0.567017	-1.241150	0.057678	1.019287
-0.225220	-1.462708	0.046997	1.151428
0.184631	-1.705933	0.027161	1.286011
0.617065	-1.943054	-0.013123	1.410828
1.033630	-2.127686	-0.080261	1.500244
1.434326	-2.263184	-0.161133	1.519775
1.762390	-2.368774	-0.197449	1.461182
2.057800	-2.449036	-0.182800	1.387634
2.333679	-2.490234	-0.169373	1.334229
2.547913	-2.500305	-0.164490	1.301270
2.658081	-2.461853	-0.135803	1.246033
2.717590	-2.370911	-0.038452	1.156311
2.703857	-2.234192	0.095215	1.033325
2.633057	-2.062988	0.239868	0.910950
2.512207	-1.884460	0.373840	0.799255
2.316284	-1.670837	0.510864	0.712280
2.055664	-1.400146	0.632935	0.629578
1.777649	-1.038513	0.746155	0.523987
1.530151	-0.619812	0.847168	0.389099
1.254578	-0.180359	0.926208	0.254517
0.924072	0.284729	0.971375	0.152588
0.557861	0.815430	0.970154	0.124207
0.220337	1.407471	0.914917	0.177917
-0.068054	2.040405	0.802002	0.258484
-0.243225	2.703857	0.621338	0.350952
-0.309753	3.377991	0.355530	0.435181
-0.359192	4.046936	0.038147	0.493469
-0.422974	4.716187	-0.290527	0.533142
-0.506897	5.392761	-0.630493	0.566711
-0.570984	6.044617	-0.968323	0.600891
-0.588379	6.608887	-1.308594	0.642700
-0.565796	7.060852	-1.653748	0.687866
-0.564270	7.427673	-1.967163	0.693665
-0.617371	7.746582	-2.220154	0.659180
-0.702209	8.041077	-2.409058	0.614929
-0.775757	8.299255	-2.532349	0.569458
-0.814209	8.480835	-2.538757	0.502930
-0.800171	8.554077	-2.409058	0.426636
-0.764465	8.523560	-2.166443	0.367737
-0.748291	8.407898	-1.853943	0.323181
-0.765991	8.235779	-1.483765	0.286865
-0.770569	8.005981	-1.097412	0.263367
-0.758667	7.668457	-0.690002	0.236206
-0.694885	7.213440	-0.270081	0.205994
-0.588074	6.676331	0.133972	0.198669
-0.438232	6.063843	0.519409	0.231323
-0.291138	5.389404	0.884399	0.289612
-0.159607	4.670105	1.224060	0.344543
-0.054932	3.905945	1.510010	0.389404
0.032959	3.145142	1.747742	0.421448
0.121765	2.362366	1.926880	0.452576
0.252380	1.552429	2.064819	0.491943
0.407410	0.685120	2.122498	0.541992
0.546265	-0.220642	2.114258	0.588989
0.648804	-1.163025	2.034302	0.615845
0.718689	-2.138977	1.898499	0.606079
0.763550	-3.132629	1.734924	0.574036
0.797119	-4.093323	1.593018	0.554199
0.825500	-4.988403	1.460266	0.559998
0.835571	-5.799255	1.301880	0.565796
0.832520	-6.501465	1.141968	0.551758
0.823975	-7.154846	0.988159	0.505676
0.816040	-7.749023	0.844116	0.427856
0.774536	-8.199158	0.714722	0.329590
0.697632	-8.694153	0.614014	0.229797
0.609741	-9.214478	0.548706	0.119324
0.521240	-9.612427	0.505066	-0.004883
0.443726	-9.900513	0.483093	-0.141296
0.369263	-10.000000	0.472412	-0.283813
0.284729	-10.000000	0.477600	-0.432739
0.161133	-10.000000	0.468750	-0.576782
0.029907	-10.000000	0.440674	-0.702515
-0.087280	-10.000000	0.406189	-0.799561
-0.144653	-9.718933	0.309448	-0.869751
-0.128479	-9.364319	0.177612	-0.931702
-0.066223	-9.037476	0.002441	-0.993042
-0.012207	-8.556824	-0.197754	-1.054077
0.011902	-7.919922	-0.428772	-1.090088
0.037537	-7.175598	-0.666199	-1.096497
0.057678	-6.436768	-0.904846	-1.086731
0.079651	-5.701294	-1.177673	-1.068115
0.117493	-4.918213	-1.458435	-1.040344
0.138245	-4.058228	-1.679382	-1.001587
0.129700	-3.206482	-1.867065	-0.952454
0.119019	-2.479248	-2.021179	-0.897217
0.092773	-1.828003	-2.075500	-0.837402
0.047913	-1.246033	-2.097778	-0.784912
-0.009460	-0.706787	-2.053833	-0.727539
-0.083618	-0.231018	-1.891174	-0.653381
-0.177612	0.147095	-1.637573	-0.555725
-0.304260	0.458069	-1.284790	-0.447083
-0.447388	0.686951	-0.828247	-0.328369
-0.579529	0.860291	-0.317993	-0.207214
-0.690002	0.943909	0.168457	-0.089417
-0.778809	0.969238	0.646057	0.042725
-0.865479	0.994873	1.101074	0.199585
-0.930786	1.015625	1.541748	0.363159
-0.990906	0.976257	1.958923	0.524597
-1.070251	0.910645	2.325439	0.676880
-1.145020	0.872498	2.593689	0.805969
-1.200562	0.806885	2.737732	0.921631
-1.216736	0.735474	2.789917	1.047974
-1.198730	0.677185	2.731628	1.172485
-1.152649	0.633240	2.537537	1.298218
-1.078796	0.573730	2.231445	1.411743
-0.979004	0.546875	1.852417	1.507874
-0.866394	0.556030	1.453552	1.581116
-0.757446	0.526123	1.062927	1.639709
-0.682068	0.512085	0.663452	1.692200
-0.661011	0.531616	0.239868	1.722107
-0.680237	0.549011	-0.196838	1.727905
-0.725708	0.575867	-0.629883	1.710815
-0.792236	0.645142	-1.013184	1.674805
-0.906677	0.772400	-1.349792	1.621094
-1.039734	0.952759	-1.643982	1.562500
-1.166687	1.150513	-1.877441	1.506958
-1.257019	1.335144	-2.003784	1.448059
-1.299744	1.535339	-2.014160	1.370544
-1.297302	1.824646	-1.905212	1.269531
-1.265259	2.204895	-1.690674	1.145935
-1.247559	2.599792	-1.398010	1.005554
-1.230469	2.990417	-1.058655	0.850220
-1.207886	3.363647	-0.685120	0.658569
-1.174316	3.721619	-0.335083	0.426941
-1.110229	4.042358	-0.056458	0.166626
-0.995789	4.289246	0.180664	-0.109558
-0.856018	4.462891	0.365295	-0.373840
-0.712280	4.578247	0.516357	-0.611877
-0.543213	4.685669	0.648499	-0.817261
-0.352173	4.756775	0.706482	-0.996704
-0.129700	4.727478	0.715332	-1.133423
0.114746	4.609375	0.701599	-1.223145
0.362854	4.432068	0.636597	-1.265869
0.601196	4.210815	0.523376	-1.262512
0.834656	3.958435	0.384216	-1.220093
1.074829	3.689270	0.231323	-1.151733
1.293640	3.383789	0.068054	-1.065369
1.478882	3.045044	-0.113525	-0.954590
1.633606	2.723389	-0.283203	-0.816345
1.756592	2.416992	-0.397034	-0.659180
1.849670	2.092590	-0.439453	-0.513000
1.903992	1.753235	-0.407715	-0.388489
1.929016	1.409912	-0.327148	-0.281677
1.954041	1.044922	-0.209351	-0.192871
1.976013	0.672302	-0.064392	-0.108337
1.962280	0.304565	0.115967	-0.039673
1.894226	-0.075684	0.321350	0.000610
1.784973	-0.469666	0.507813	0.009766
1.644897	-0.863647	0.686951	-0.000916
1.476746	-1.257019	0.884094	-0.035400
1.275330	-1.663818	1.094360	-0.094910
1.031189	-2.082520	1.288147	-0.167542
0.746460	-2.546997	1.443787	-0.251770
0.444946	-3.048706	1.527710	-0.319214
0.140381	-3.533325	1.539307	-0.402527
-0.166321	-3.969116	1.473694	-0.504150
-0.479126	-4.325867	1.334839	-0.566406
-0.788269	-4.613953	1.131592	-0.599976
-1.080322	-4.840393	0.887451	-0.619812
-1.296082	-5.016785	0.610657	-0.609131
-1.474304	-5.117493	0.313110	-0.326233
-1.605835	-5.130615	0.003967	-0.690918
-1.636963	-5.070190	-0.315552	-1.246033
-1.609802	-4.910278	-0.635376	-1.626892
-1.548767	-4.709473	-0.934753	-1.884460
-1.421204	-4.370422	-1.191406	-1.422729
-1.165161	-3.938904	-1.445007	-0.722656
-1.171875	-3.403931	-1.665344	-1.574097
-0.577698	-2.704773	-1.851501	-1.669312
-0.454102	-2.125854	-2.008667	-1.457520
-0.959473	-1.437988	-2.091675	-1.215210
0.015259	-0.369263	-2.110901	-1.207886
0.312195	0.349121	-2.088013	-1.007996
0.392151	1.329651	-2.017212	-0.967407
0.375977	1.850586	-1.864014	-0.071106
1.304626	2.395935	-1.857300	0.656433
1.612244	3.045349	-1.647949	0.700684
0.552979	3.818054	-1.432495	0.686340
-0.498657	4.632874	-1.262207	1.031494
0.786438	5.254822	-1.291199	1.380310
1.801758	5.292358	-1.087036	1.556702
1.609192	5.231323	-0.907288	1.450806
1.340637	5.598145	-0.916443	1.306763
0.965576	5.794373	-0.922852	1.244812
0.642395	5.809326	-0.571899	1.196899
1.659851	5.246887	-0.403137	1.073914
2.495728	4.602966	-0.242310	0.491333
3.262634	3.994141	-0.243835	0.228271
4.046021	3.551025	-0.176392	0.186768
4.090271	3.032227	-0.392761	0.181885
2.979126	2.299805	-0.563660	-0.025330
2.336426	1.512756	-0.477295	-0.231628
1.908569	1.096497	-0.487366	-0.062256
1.480713	1.031189	-0.617371	0.268555
1.239624	1.058960	-0.476685	0.185242
1.409607	0.932922	-0.043945	0.283203
1.391602	0.715332	0.488281	0.646362
1.052246	0.488892	1.052246	0.461426
0.391846	0.719299	1.495972	0.379333
-0.455017	0.922852	1.760864	0.244446
-1.506042	1.005249	1.895752	0.299377
-2.133484	0.917664	2.050171	0.734863
-2.368774	0.839233	2.208557	1.098633
-2.255859	1.066895	2.182007	0.932007
-1.900940	1.230164	2.158813	0.453186
-1.390381	1.385498	2.311707	0.305481
-0.914307	1.722412	2.458191	0.668640
-0.559692	1.688232	2.393494	0.968628
-0.691833	1.737366	2.380981	0.950012
-1.223145	1.959229	2.112427	0.828857
-1.888428	2.049561	1.665344	0.630188
-2.308960	1.663513	1.127319	0.395508
-2.196960	1.480713	0.548401	0.393982
-2.143860	1.642151	-0.238342	0.306396
-2.279358	1.952820	-0.720520	0.247803
-2.096252	2.112427	-1.041870	0.484314
-1.632385	1.804199	-1.371460	0.540771
-0.828857	1.661072	-1.556702	0.688782
0.088196	1.733093	-1.698303	0.718689
0.720520	1.920776	-2.018127	0.464783
0.954285	2.027893	-2.322693	0.158997
1.112061	2.080994	-2.372131	-0.003967
1.672668	1.858521	-2.171631	-0.176086
2.643127	1.376953	-1.995850	-0.173950
3.202515	1.162720	-2.059326	0.010986
2.988281	1.104736	-1.975708	0.083923
2.554321	0.993958	-1.580505	0.186768
1.960449	0.535889	-1.160889	0.049133
1.782837	-0.069275	-0.789490	-0.112305
1.778259	-0.724792	-0.412292	-0.222473
1.560364	-1.175537	-0.128479	-0.437927
1.286316	-1.471863	0.118713	-0.359192
1.168823	-1.973877	0.322876	-0.168152
0.904541	-2.802124	0.497437	-0.116882
0.820618	-3.453064	0.771484	-0.003052
0.817261	-3.972778	1.183167	0.011902
0.733032	-4.127808	1.440735	-0.070496
0.893860	-4.242859	1.734924	-0.140381
1.037903	-4.382935	2.046204	-0.162964
0.904846	-4.636230	1.980286	-0.198059
0.704651	-4.897766	1.607056	-0.144653
0.447693	-5.104980	1.407471	-0.389709
-0.076599	-5.238953	1.473389	-0.642090
-0.668335	-5.259399	1.559143	-0.637817
-0.937195	-5.291443	1.525879	-0.419922
-0.932312	-5.174255	1.301575	-0.078735
-1.125488	-5.081482	1.211548	0.154114
-1.451416	-5.155640	1.198425	0.074768
-1.893616	-5.291138	1.301880	-0.094299
-2.307739	-5.203552	1.297913	-0.136108
-2.484131	-4.910889	1.090393	-0.043030
-2.528992	-4.583435	0.763245	0.015564
-2.561646	-4.312744	0.665588	-0.001831
-2.513733	-4.252014	0.729675	-0.030518
-2.462463	-4.131470	0.579529	-0.047302
-2.415466	-4.084167	0.163269	-0.191345
-2.417908	-4.013367	-0.172424	-0.460815
-2.600708	-3.705139	-0.304565	-0.562439
-2.662048	-3.282166	-0.272827	-0.467834
-2.417297	-2.907715	-0.242920	-0.348511
-1.947021	-2.559509	-0.247498	-0.249023
-1.401672	-2.077942	-0.233765	-0.075989
-1.156006	-1.534424	-0.029297	0.117798
-1.408691	-0.931396	0.079651	0.373840
-1.683655	-0.324402	-0.043030	0.678711
-1.788330	0.229187	-0.177612	0.912476
-1.717834	0.763245	-0.174561	1.062317
-1.550293	1.221313	-0.196838	1.118469
-1.645813	1.480713	-0.256958	1.110535
-1.773682	1.658936	-0.426941	1.030884
-1.593628	1.938171	-0.602417	0.883789
-1.117249	2.296143	-0.667725	0.864563
-0.484619	2.598572	-0.707092	0.914917
0.182190	2.840576	-0.788574	0.923462
0.553284	3.185425	-0.895691	0.841064
0.665588	3.386841	-1.098938	0.726929
0.705566	3.434448	-1.350098	0.661011
0.675964	3.298950	-1.594849	0.701904
0.602722	3.033752	-1.694336	0.715027
0.675659	2.658081	-1.585083	0.635071
0.811462	2.191467	-1.322937	0.592041
0.900269	1.719055	-1.080933	0.618896
0.949097	1.344604	-0.885620	0.657349
0.798035	1.076965	-0.597839	0.660400
0.501709	0.869751	-0.169678	0.574646
0.103149	0.798950	0.231628	0.435181
-0.460815	0.804138	0.509644	0.444641
-0.948486	0.951233	0.648499	0.572205
-1.214600	1.117554	0.754395	0.604553
-1.369324	1.300659	0.923462	0.528564
-1.475525	1.523438	1.057129	0.452881
-1.587524	1.762695	1.054688	0.392456
-1.652222	1.870117	1.025696	0.307617
-1.727295	1.925964	1.019592	0.188293
-1.896667	2.066956	0.985718	0.112915
-2.148743	2.217407	0.881653	0.060425
-2.385559	2.478638	0.808105	-0.016785
-2.461243	2.733765	0.728455	-0.178833
-2.336426	2.804565	0.697327	-0.306091
-2.160645	2.720947	0.703430	-0.356750
-1.994934	2.551575	0.711060	-0.347290
-1.799622	2.447815	0.745850	-0.255432
-1.631775	2.380371	0.879517	-0.159302
-1.426392	2.213135	1.015625	-0.104370
-1.169739	1.955261	1.125183	-0.058594
-0.962830	1.604004	1.152649	-0.057373
-0.762939	1.313171	1.122437	-0.119629
-0.391846	1.057739	1.126709	-0.270081
0.175171	0.775146	1.145935	-0.466003
0.797119	0.565186	1.102600	-0.619202
1.405029	0.391846	1.015930	-0.710754
1.882935	0.260620	0.963745	-0.741577
2.223816	0.172119	0.896912	-0.729980
2.417297	-0.003357	0.881348	-0.679626
2.519226	-0.188293	0.861206	-0.608521
2.613525	-0.315857	0.825195	-0.542297
2.683105	-0.345459	0.795898	-0.509644
2.695007	-0.339355	0.676270	-0.469360
2.578735	-0.367126	0.490723	-0.402222
2.360229	-0.454407	0.326233	-0.333557
2.184448	-0.609436	0.112915	-0.268860
2.087708	-0.810547	-0.107727	-0.201721
2.034302	-1.072693	-0.354919	-0.172119
2.037048	-1.375427	-0.585327	-0.169373
2.054443	-1.563721	-0.747986	-0.125427
2.067871	-1.660767	-0.962830	-0.104675
2.002563	-1.667786	-1.274414	-0.117493
1.877441	-1.562195	-1.602783	-0.095215
1.723328	-1.447754	-1.858215	-0.038757
1.538086	-1.357727	-2.014160	-0.036316
1.432495	-1.327820	-2.176514	0.160828
1.323853	-1.283875	-2.326660	0.045166
1.221924	-1.256409	-2.448730	-0.385742
1.177673	-1.180725	-2.517090	-0.885620
0.938110	-1.123657	-2.569885	-1.264038
0.565796	-1.067200	-2.564392	-1.114502
0.152588	-1.017761	-2.489624	-0.497437
-0.365906	-0.928040	-2.324829	-0.933228
-0.563660	-0.720520	-2.110901	-1.258240
-0.984802	-0.471802	-1.829529	-1.174622
-1.835327	-0.220642	-1.444397	-1.057434
-1.691284	0.256348	-1.031799	-1.045532
-1.678772	0.474854	-0.653076	-0.961304
-1.864319	0.793152	-0.331116	-0.971069
-2.072449	0.887756	0.011292	-0.435791
-1.482849	0.841675	0.262146	0.170288
-1.048279	0.930176	0.559998	0.190125
-1.501160	1.041870	0.764160	0.029907
-2.263794	1.307678	0.764771	0.039978
-1.568909	1.479187	0.628052	0.241394
-0.662842	1.497498	0.586243	0.378113
-0.570679	1.420288	0.476074	0.376587
-0.604248	1.755676	0.212402	0.319519
-0.788269	2.167664	-0.126648	0.410767
-1.099548	2.485046	-0.235901	0.468140
-0.397034	2.438049	-0.252686	0.597229
0.393677	2.283630	-0.281677	0.223083
1.124878	2.183533	-0.447083	0.045776
1.918030	2.176819	-0.573120	0.049744
2.281799	2.176208	-0.830078	0.167542
1.846619	2.031250	-1.060486	0.160522
1.510925	1.815796	-1.083069	0.091248
1.381531	1.871338	-1.120605	0.276184
1.268005	2.131042	-1.219482	0.619507
1.364136	2.428894	-1.086426	0.707092
1.931152	2.393494	-0.685730	0.809631
2.370911	2.229919	-0.204468	1.062622
2.482910	1.963501	0.359802	1.041870
2.154541	1.933289	0.859680	1.026306
1.631470	1.944580	1.159363	1.012268
0.963440	1.779785	1.270447	1.084290
0.509033	1.395264	1.317139	1.394348
0.293884	1.004639	1.319275	1.666870
0.397949	0.774231	1.186523	1.607056
0.787354	0.673218	1.022949	1.259460
1.340027	0.570984	0.975647	0.989685
1.756592	0.637207	0.998535	1.091919
2.005615	0.628357	0.901794	1.174622
1.838989	0.690308	0.864868	1.007996
1.305847	0.903015	0.731506	0.728760
0.691833	1.057739	0.554810	0.424194
0.229797	0.855408	0.357056	0.050354
0.170593	0.712280	0.191956	-0.202332
0.253601	0.827637	-0.042725	-0.435791
0.210876	1.122131	-0.096741	-0.650024
0.255737	1.386108	0.006714	-0.605469
0.483704	1.323242	0.076599	-0.570984
0.932312	1.251221	0.166626	-0.486450
1.434937	1.294556	0.293579	-0.452576
1.669006	1.411743	0.347290	-0.607910
1.540527	1.448975	0.360107	-0.783386
1.210022	1.390991	0.457153	-0.812073
1.113586	1.177673	0.604553	-0.797119
1.390076	0.780640	0.697632	-0.677185
1.606140	0.540771	0.575562	-0.472412
1.416931	0.382690	0.499878	-0.463867
1.047058	0.191650	0.644531	-0.505981
0.544128	-0.260315	0.844116	-0.616760
0.274658	-0.878601	0.949707	-0.574646
0.228882	-1.529846	1.047668	-0.519409
0.052490	-2.045593	1.090088	-0.765991
-0.144348	-2.390747	1.043701	-0.839539
-0.264893	-2.792664	0.918579	-0.602417
-0.467224	-3.321533	0.766602	-0.205688
-0.450439	-3.715210	0.722046	0.138855
-0.286560	-3.969421	0.805054	0.322571
-0.262146	-4.002686	0.825500	0.430908
-0.180054	-4.010315	0.865173	0.711060
0.079346	-3.997498	0.933228	1.001587
0.003357	-4.018250	0.798950	1.100769
-0.545349	-3.909912	0.453491	1.058960
-1.141052	-3.761902	0.149536	0.967102
-1.411743	-3.645935	0.053101	0.904236
-1.543579	-3.569946	0.087891	0.920715
-1.722107	-3.541870	0.106201	0.909424
-1.930542	-3.407898	-0.025024	0.899353
-2.117615	-3.226624	-0.047913	0.895691
-2.054749	-3.244934	0.078735	0.752563
-1.774902	-3.454895	0.336914	0.426636
-1.520691	-3.530884	0.514832	0.077820
-1.316833	-3.456421	0.466614	-0.148315
-1.217957	-3.305969	0.235901	-0.246277
-1.293335	-3.197937	0.043640	-0.303345
-1.480713	-3.275452	-0.052795	-0.446167
-1.521301	-3.361816	-0.222778	-0.590210
-1.326294	-3.327026	-0.597839	-0.692749
-1.104431	-3.138428	-0.975342	-0.798645
-1.130981	-2.785339	-1.195374	-0.877686
-1.168213	-2.402039	-1.254883	-0.832520
-1.070251	-2.082214	-1.282043	-0.719604
-0.848999	-1.742249	-1.359863	-0.607300
-0.632629	-1.265564	-1.432495	-0.451660
-0.635681	-0.761414	-1.342163	-0.313721
-0.962524	-0.294495	-1.223450	-0.065308
-1.275940	0.109863	-1.174927	0.262756
-1.368713	0.455933	-1.106873	0.507202
-1.244812	0.831604	-0.899048	0.507202
-0.991211	1.189880	-0.644836	0.296326
-0.913696	1.457825	-0.343933	0.148926
-1.019592	1.651001	-0.074158	0.205994
-1.113892	1.883545	0.188293	0.278320
-1.143799	2.159424	0.528564	0.330505
-1.153564	2.426147	0.861816	0.368347
-1.060791	2.647095	1.094360	0.406494
-0.953674	2.858582	1.212463	0.454712
-0.845032	3.017883	1.203003	0.555115
-0.727539	3.153381	1.125183	0.698853
-0.686035	3.185730	1.092224	0.898438
-0.665283	3.003540	1.149597	1.069641
-0.427551	2.615356	1.281433	1.129761
-0.002136	2.102356	1.405640	1.162109
0.406799	1.606750	1.430359	1.184998
0.735168	1.255188	1.313171	1.165161
0.799561	0.997620	1.187134	1.085815
0.730896	0.723267	1.192322	0.940857
0.719910	0.469666	1.293640	0.737000
0.639648	0.214233	1.340332	0.617981
0.394287	0.058289	1.261597	0.602722
0.086670	0.007629	1.193848	0.556030
-0.227661	-0.036621	1.244507	0.450439
-0.408020	-0.101624	1.338196	0.372314
-0.387573	-0.134583	1.328125	0.331421
-0.270386	-0.163879	1.286011	0.217590
-0.201111	-0.091553	1.281433	0.039978
-0.299988	0.118713	1.253052	-0.048523
-0.496826	0.295410	1.135254	0.012512
-0.665283	0.447693	1.002197	0.123291
-0.661926	0.624695	0.873718	0.124512
-0.462952	0.778503	0.781860	0.036926
-0.191956	0.906067	0.686646	-0.057068
0.071411	0.987854	0.503540	-0.080872
0.323792	1.055603	0.220642	-0.008545
0.502014	1.086731	-0.087585	0.042419
0.616150	1.051331	-0.411682	0.005188
0.787964	0.908508	-0.684509	-0.060730
0.961304	0.695496	-0.888977	-0.110168
1.064453	0.508118	-1.086731	-0.177002
1.201477	0.396118	-1.295776	-0.278931
1.448669	0.313416	-1.514282	-0.453186
1.690369	0.248108	-1.760864	-0.665588
1.962891	0.119324	-1.979675	-0.854797
2.218323	-0.074463	-2.112427	-0.978088
2.366028	-0.188293	-2.246094	-0.998230
2.346802	-0.239563	-2.332153	-0.935059
2.195435	-0.252075	-2.323608	-0.869751
1.989746	-0.247192	-2.179565	-0.845947
1.816711	-0.242615	-1.874084	-0.885010
1.716614	-0.213928	-1.572266	-0.973206
1.652222	-0.170593	-1.347046	-1.036377
1.535950	-0.146484	-1.096802	-1.049500
1.379395	-0.175781	-0.782776	-1.010132
1.275635	-0.286255	-0.441589	-0.899048
1.230469	-0.543823	-0.129089	-0.822449
1.229248	-0.932617	0.118103	-0.808411
1.210022	-1.294250	0.322876	-0.741882
1.075134	-1.560669	0.468140	-0.656433
0.787964	-1.720276	0.509033	-0.576782
0.482788	-1.783447	0.463562	-0.507813
0.243835	-1.814575	0.432129	-0.476990
0.092773	-1.817932	0.464172	-0.454712
-0.025635	-1.840820	0.466614	-0.382385
-0.157166	-1.892090	0.379944	-0.329285
-0.228577	-1.928711	0.181885	-0.281372
-0.187988	-1.838989	-0.059509	-0.180664
-0.168152	-1.617126	-0.302429	-0.054932
-0.130920	-1.350708	-0.545044	0.040894
-0.127258	-1.070862	-0.757446	0.119019
-0.206909	-0.758362	-0.897827	0.205078
-0.321960	-0.414429	-0.973816	0.355835
-0.368958	-0.022278	-1.021729	0.545044
-0.318909	0.370789	-1.002197	0.657043
-0.240173	0.689697	-0.888062	0.667419
-0.101929	0.974426	-0.698853	0.664063
0.205383	1.201477	-0.545959	0.653687
0.559998	1.383362	-0.439148	0.616150
0.782471	1.511841	-0.358582	0.510254
0.871887	1.578674	-0.280151	0.325928
0.885315	1.537781	-0.185242	0.057678
0.955200	1.442566	-0.107727	-0.260925
1.138611	1.347656	-0.073242	-0.533447
1.385803	1.326904	-0.114441	-0.748901
1.712036	1.385498	-0.216370	-0.901794
2.067566	1.466675	-0.369873	-0.968323
2.376404	1.536865	-0.565491	-0.944214
2.539368	1.542664	-0.807800	-0.906067
2.603455	1.495056	-0.966492	-0.881348
2.606201	1.470642	-1.077881	-0.836792
2.552490	1.527405	-1.205444	-0.751343
2.431641	1.636353	-1.344299	-0.666809
2.369080	1.749878	-1.420288	-0.592957
2.363892	1.830750	-1.408081	-0.542603
2.315979	1.882629	-1.345215	-0.494385
2.189026	1.930847	-1.240234	-0.390930
1.983032	1.958618	-1.100159	-0.231323
1.727905	1.927490	-0.897827	-0.035400
1.502991	1.807251	-0.626831	0.165710
1.312561	1.641235	-0.299072	0.325012
1.126099	1.493225	0.078430	0.420532
0.901489	1.378174	0.458374	0.466919
0.716553	1.378479	0.781860	0.528564
0.603638	1.405640	1.032715	0.650635
0.528259	1.394653	1.221924	0.790710
0.464783	1.356506	1.365967	0.896912
0.387878	1.269531	1.477661	0.939331
0.280457	1.161194	1.521301	0.939026
0.159912	1.034546	1.476440	0.920715
-0.012512	0.923157	1.382141	0.927734
-0.229187	0.900574	1.274109	0.932922
-0.422363	0.895386	1.189270	0.913391
-0.536804	0.837402	1.163940	0.896606
-0.547485	0.678711	1.191711	0.884705
-0.473633	0.457458	1.255188	0.867615
-0.315247	0.234985	1.365662	0.847168
-0.067749	-0.007019	1.498108	0.799561
0.205078	-0.245667	1.593628	0.716248
0.490723	-0.495300	1.643677	0.612793
0.804749	-0.719910	1.647949	0.487976
1.095276	-0.881348	1.593323	0.350037
1.239014	-0.976257	1.466370	0.202026
1.199646	-1.024780	1.307678	0.076599
1.039429	-1.069946	1.131287	-0.022888
0.854187	-1.126099	0.983276	-0.101624
0.718689	-1.150208	0.846252	-0.182800
0.652771	-1.120300	0.692139	-0.232849
0.601501	-1.031799	0.492859	-0.234375
0.568848	-0.915222	0.258484	-0.227051
0.540161	-0.820923	0.032959	-0.215149
0.479736	-0.795593	-0.145264	-0.212708
0.403748	-0.859680	-0.260925	-0.223694
0.329590	-0.959778	-0.302734	-0.216675
0.247498	-1.018677	-0.321655	-0.203552
0.152893	-1.029358	-0.364685	-0.185852
0.049744	-1.001282	-0.411987	-0.157166
-0.036316	-0.960999	-0.451355	-0.131836
-0.096436	-0.950012	-0.483093	-0.119629
-0.186157	-0.941467	-0.517883	-0.111389
-0.340576	-0.949402	-0.534058	-0.125122
-0.540161	-0.942688	-0.520020	-0.113525
-0.740967	-0.931091	-0.488281	-0.075073
-0.958862	-0.922546	-0.453796	-0.038452
-1.167297	-0.889587	-0.434570	-0.017395
-1.353455	-0.860596	-0.443115	-0.012512
-1.520691	-0.820618	-0.430908	-0.023499
-1.633301	-0.748901	-0.364075	-0.005188
-1.707458	-0.696716	-0.273743	0.049744
-1.762085	-0.696716	-0.174255	0.102844
-1.755371	-0.733643	-0.003967	0.174866
-1.712952	-0.813599	0.231934	0.221252
-1.689453	-0.890503	0.471191	0.225830
-1.712952	-0.936279	0.687866	0.224609
-1.798706	-0.974426	0.856323	0.225525
-1.918335	-0.999451	0.977783	0.226746
-2.039490	-1.030579	1.077576	0.242615
-2.104492	-1.078796	1.169128	0.267944
-2.092590	-1.178894	1.240845	0.316772
-2.039490	-1.261597	1.251526	0.408325
-1.984863	-1.310120	1.229858	0.504150
-1.960754	-1.328125	1.187744	0.584717
-1.955872	-1.304932	1.093140	0.645447
-1.938477	-1.242981	0.969543	0.692139
-1.893921	-1.129150	0.862427	0.725098
-1.884766	-0.965881	0.780640	0.755005
-1.932983	-0.829163	0.717773	0.757751
-2.007446	-0.748901	0.665588	0.737000
-2.054138	-0.714111	0.631104	0.677490
-2.009583	-0.700073	0.597839	0.574036
-1.845398	-0.679932	0.571899	0.440369
-1.593933	-0.634766	0.553894	0.315552
-1.318970	-0.535889	0.536499	0.220947
-1.115723	-0.406799	0.510559	0.164795
-0.967712	-0.282288	0.495911	0.120239
-0.832214	-0.186462	0.516357	0.080261
-0.693970	-0.125732	0.541687	0.060425
-0.514832	-0.081787	0.548706	0.047302
-0.303650	-0.062561	0.513916	0.032959
-0.072632	-0.079041	0.430298	0.031433
0.176086	-0.129089	0.307617	0.038147
0.397339	-0.228271	0.174866	0.044861
0.542908	-0.369263	0.025940	0.046692
0.575562	-0.519409	-0.162048	0.032959
0.495911	-0.669861	-0.367737	0.030823
0.338440	-0.815430	-0.571594	0.056458
0.165710	-0.911255	-0.764465	0.098572
0.003052	-0.955200	-0.917969	0.131531
-0.143127	-0.979614	-1.039734	0.148010
-0.274048	-0.982056	-1.109009	0.159607
-0.410767	-0.987854	-1.118774	0.201416
-0.547791	-1.007080	-1.075745	0.279236
-0.670776	-1.013794	-0.964355	0.363159
-0.785217	-1.000977	-0.786438	0.437317
-0.873718	-0.951843	-0.530090	0.491943
-0.922241	-0.828247	-0.226746	0.497742
-0.964355	-0.633850	0.087891	0.463257
-1.018066	-0.395203	0.384521	0.404358
-1.067200	-0.137329	0.652771	0.333557
-1.072388	0.124512	0.909729	0.281982
-1.000977	0.337219	1.155090	0.254211
-0.820923	0.512695	1.387634	0.245056
-0.569153	0.666809	1.563721	0.244141
-0.303345	0.794983	1.640930	0.223999
-0.028076	0.932922	1.600342	0.190430
0.247192	1.047058	1.460571	0.150146
0.537720	1.130066	1.269226	0.102539
0.823059	1.195679	1.029358	0.051270
1.073914	1.210022	0.746155	0.013428
1.282043	1.173401	0.454407	-0.020752
1.448669	1.096802	0.169067	-0.077515
1.562805	0.975952	-0.102844	-0.151672
1.639404	0.809021	-0.373535	-0.243835
1.679993	0.620117	-0.630798	-0.338135
1.683044	0.440063	-0.853577	-0.418396
1.622009	0.256348	-1.034241	-0.476379
1.502075	0.077209	-1.182556	-0.489807
1.331177	-0.101318	-1.289673	-0.468750
1.152039	-0.288696	-1.336365	-0.447083
0.982361	-0.474854	-1.331177	-0.441284
0.820923	-0.660095	-1.285095	-0.440063
0.689392	-0.825500	-1.221619	-0.443420
0.601807	-0.926514	-1.160889	-0.424805
0.540161	-0.986328	-1.113892	-0.376282
0.469666	-1.015015	-1.071167	-0.321960
0.391235	-1.016235	-1.048584	-0.272522
0.315247	-1.015930	-1.040649	-0.230408
0.235291	-1.013489	-1.049194	-0.208130
0.168762	-0.991821	-1.084595	-0.190125
0.117798	-0.933838	-1.142578	-0.178528
0.086365	-0.829773	-1.203918	-0.173645
0.076294	-0.705872	-1.274719	-0.167236
0.076294	-0.581360	-1.365967	-0.171204
0.071411	-0.462036	-1.474304	-0.184937
0.059509	-0.345459	-1.582642	-0.190430
0.052490	-0.233765	-1.672974	-0.176392
0.076904	-0.131226	-1.734009	-0.158691
0.126953	-0.013733	-1.766357	-0.152588
0.177612	0.134583	-1.766052	-0.154419
0.219116	0.310364	-1.762695	-0.152283
0.223694	0.516968	-1.759338	-0.148315
0.171814	0.719910	-1.729126	-0.151367
0.100403	0.897827	-1.657715	-0.141602
0.046692	1.038818	-1.556702	-0.122375
0.053711	1.152649	-1.401062	-0.113525
0.097351	1.231689	-1.208191	-0.108643
0.166626	1.274414	-1.004639	-0.104370
0.255127	1.286011	-0.806885	-0.116272
0.351563	1.276245	-0.596008	-0.129089
0.457764	1.262817	-0.371399	-0.136414
0.581665	1.238403	-0.126953	-0.130920
0.734863	1.187134	0.140381	-0.113525
0.911560	1.129456	0.407104	-0.083008
1.094666	1.074524	0.653381	-0.046387
1.276855	1.047668	0.843811	-0.007019
1.457520	1.050415	0.964661	0.021667
1.622620	1.073914	1.022644	0.043335
1.755676	1.117859	1.031189	0.065918
1.843872	1.194458	0.993042	0.090332
1.899109	1.307068	0.914917	0.108337
1.926575	1.434937	0.805359	0.129395
1.942444	1.548157	0.679626	0.134888
1.947632	1.632080	0.529480	0.113220
1.952820	1.672058	0.361023	0.079041
1.951599	1.700745	0.195923	0.046692
1.935120	1.737976	0.045166	0.021362
1.879883	1.752014	-0.077820	0.004883
1.798401	1.734314	-0.174866	-0.006104
1.683044	1.665649	-0.228882	-0.024414
1.538086	1.557617	-0.232544	-0.050964
1.376038	1.437683	-0.201416	-0.091553
1.183777	1.323242	-0.152283	-0.136719
0.964355	1.227112	-0.078430	-0.167542
0.751038	1.155396	0.006409	-0.178833
0.545044	1.098328	0.084229	-0.165710
0.338440	1.038208	0.168457	-0.131836
0.144348	0.968628	0.253296	-0.087585
-0.039978	0.874329	0.321350	-0.031433
-0.218506	0.753479	0.377197	0.040894
-0.355835	0.621033	0.436401	0.116577
-0.439453	0.480347	0.492554	0.189209
-0.466614	0.339355	0.547791	0.256348
-0.453796	0.182190	0.583801	0.314636
-0.396423	0.010681	0.613708	0.369873
-0.310669	-0.160828	0.632935	0.412903
-0.203247	-0.307312	0.649719	0.430908
-0.101929	-0.445862	0.669250	0.428772
-0.011902	-0.567017	0.697632	0.411987
0.063782	-0.662231	0.724792	0.377502
0.115967	-0.722961	0.735168	0.335999
0.137939	-0.733337	0.713806	0.293884
0.121765	-0.684814	0.642395	0.249329
0.089417	-0.597839	0.536194	0.210876
0.066223	-0.497131	0.417480	0.172424
0.061646	-0.389099	0.310669	0.139160
0.068970	-0.264587	0.236816	0.121765
0.080872	-0.114136	0.189209	0.114746
0.101929	0.056763	0.149231	0.122070
0.112915	0.233459	0.113220	0.129700
0.097656	0.400696	0.083008	0.120850
0.052185	0.545959	0.074158	0.104675
-0.039368	0.652161	0.077515	0.086060
-0.157776	0.712585	0.096436	0.053101
-0.291138	0.720825	0.125427	0.014343
-0.447693	0.663452	0.158997	-0.018311
-0.619812	0.548401	0.181580	-0.045471
-0.801086	0.386353	0.176086	-0.072327
-0.999451	0.188904	0.152283	-0.103149
-1.228333	-0.031738	0.117493	-0.140381
-1.481628	-0.258179	0.068665	-0.162659
-1.741028	-0.507507	0.027466	-0.184937
-1.993103	-0.765381	0.001221	-0.213623
-2.222595	-1.026917	-0.011902	-0.232849
-2.417908	-1.288147	-0.011292	-0.248108
-2.568359	-1.519165	-0.005188	-0.257568
-2.671204	-1.702271	0.011902	-0.251160
-2.740784	-1.829224	0.035400	-0.236816
-2.769470	-1.899109	0.068970	-0.215759
-2.760010	-1.939697	0.117798	-0.173950
-2.726135	-1.962585	0.188904	-0.115051
-2.687378	-1.961975	0.276184	-0.044861
-2.654114	-1.937561	0.368958	0.033569
-2.615356	-1.877747	0.458069	0.107727
-2.550049	-1.766052	0.544739	0.188293
-2.470398	-1.610718	0.613403	0.279236
-2.382813	-1.429443	0.660706	0.364380
-2.276611	-1.243896	0.689392	0.447693
-2.153931	-1.054688	0.693359	0.534363
-2.032471	-0.895386	0.680542	0.611572
-1.919556	-0.759583	0.655823	0.680847
-1.831665	-0.646667	0.617065	0.732727
-1.762695	-0.552979	0.574036	0.757141
-1.709290	-0.449829	0.530396	0.754700
-1.667175	-0.340271	0.486450	0.733948
-1.615601	-0.221558	0.439453	0.706482
-1.548462	-0.101013	0.399170	0.681152
-1.451721	-0.003052	0.379028	0.658569
-1.327820	0.068359	0.382385	0.635376
-1.177063	0.124512	0.418396	0.625916
-0.998535	0.181274	0.477905	0.629272
-0.800781	0.245667	0.538635	0.637512
-0.594482	0.309753	0.592957	0.647888
-0.399780	0.375977	0.639038	0.654297
-0.231934	0.437927	0.685120	0.652161
-0.088196	0.494080	0.738220	0.645752
0.022888	0.540771	0.792236	0.623169
0.108643	0.562439	0.856628	0.584412
0.174561	0.557861	0.910034	0.532227
0.240479	0.538025	0.943909	0.466003
0.307007	0.498962	0.950012	0.390625
0.368042	0.457458	0.928955	0.307617
0.406494	0.413513	0.876770	0.211487
0.418091	0.352173	0.800476	0.112915
0.393372	0.283203	0.712280	0.023193
0.324707	0.213623	0.616150	-0.062561
0.214539	0.128479	0.511475	-0.136719
0.093384	0.034485	0.411682	-0.187683
-0.025635	-0.047607	0.311279	-0.214844
-0.153809	-0.112915	0.194397	-0.219727
-0.285339	-0.154419	0.067139	-0.206604
-0.427246	-0.179443	-0.061035	-0.177307
-0.567017	-0.193787	-0.171814	-0.132141
-0.714111	-0.206604	-0.274048	-0.075684
-0.860901	-0.219421	-0.359802	-0.013123
-1.009827	-0.236511	-0.416870	0.054016
-1.142273	-0.262146	-0.455322	0.110779
-1.245728	-0.277100	-0.477905	0.153198
-1.326599	-0.288391	-0.503235	0.183411
-1.365356	-0.292358	-0.522156	0.198364
-1.355286	-0.287781	-0.531006	0.204773
-1.304321	-0.290527	-0.522156	0.216675
-1.208801	-0.304565	-0.513611	0.229492
-1.067810	-0.319214	-0.511780	0.237732
-0.897217	-0.323486	-0.522766	0.234680
-0.714417	-0.304565	-0.548401	0.215454
-0.525208	-0.265808	-0.574951	0.191040
-0.327148	-0.210571	-0.603943	0.167847
-0.127869	-0.149536	-0.645447	0.148315
0.065002	-0.101013	-0.692139	0.137329
0.240784	-0.083313	-0.742188	0.136414
0.413513	-0.094604	-0.785522	0.134583
0.583801	-0.123901	-0.817566	0.134277
0.737305	-0.173035	-0.836182	0.138550
0.871582	-0.220642	-0.844116	0.136414
0.982971	-0.253601	-0.859680	0.129395
1.065979	-0.278625	-0.879211	0.119019
1.125183	-0.293579	-0.895081	0.104675
1.150513	-0.299683	-0.912170	0.086365
1.154480	-0.300598	-0.924072	0.059814
1.138611	-0.299988	-0.931702	0.018921
1.108093	-0.290833	-0.939026	-0.037842
1.074829	-0.276794	-0.958862	-0.107727
1.032715	-0.239868	-1.003418	-0.176697
0.981445	-0.171204	-1.073608	-0.237122
0.916443	-0.080872	-1.148682	-0.286560
0.846252	0.028992	-1.210938	-0.322876
0.764771	0.152283	-1.253357	-0.348206
0.673523	0.283508	-1.275635	-0.360413
0.591125	0.415649	-1.277771	-0.356445
0.522156	0.540161	-1.252441	-0.340271
0.472717	0.654907	-1.193542	-0.317383
0.443115	0.751038	-1.119080	-0.288696
0.422363	0.823975	-1.039429	-0.257263
0.410461	0.867615	-0.955200	-0.231323
0.407715	0.885010	-0.867004	-0.212402
0.409851	0.877991	-0.769653	-0.197144
0.418091	0.843201	-0.662231	-0.188293
0.433350	0.789185	-0.564880	-0.179138
0.452576	0.732422	-0.486145	-0.173035
0.477295	0.689392	-0.432129	-0.171814
0.509644	0.672607	-0.404358	-0.172424
0.545349	0.666809	-0.382385	-0.173035
0.583496	0.659180	-0.361328	-0.173035
0.632935	0.648193	-0.334473	-0.169983
0.701904	0.636597	-0.296936	-0.163574
0.781250	0.630798	-0.251465	-0.151978
0.874023	0.632019	-0.197144	-0.127563
0.978699	0.650635	-0.141296	-0.098572
1.093445	0.691528	-0.071716	-0.057678
1.207886	0.763245	0.007629	0.000000
1.310730	0.865479	0.103455	0.066223
1.398315	0.973206	0.208130	0.133057
1.479187	1.073303	0.310059	0.201111
1.548462	1.162720	0.403442	0.258484
1.602478	1.240540	0.481567	0.300598
1.645813	1.309204	0.543823	0.327759
1.675110	1.375732	0.577393	0.333252
1.705322	1.438599	0.587769	0.323486
1.736755	1.484375	0.569763	0.306091
1.773987	1.509705	0.527039	0.286255
1.807556	1.513672	0.471191	0.266724
1.843872	1.487122	0.414429	0.243530
1.878357	1.427307	0.356445	0.213623
1.904297	1.343384	0.304565	0.186768
1.908264	1.255493	0.250244	0.162659
1.895752	1.184082	0.198669	0.139465
1.849365	1.115417	0.147095	0.118408
1.778564	1.046753	0.097656	0.104980
1.692200	0.975037	0.052795	0.098572
1.596985	0.909119	0.030212	0.098267
1.488953	0.848999	0.019226	0.096436
1.373901	0.786438	0.016785	0.086975
1.252441	0.733337	0.028381	0.078125
1.122131	0.688782	0.046082	0.070496
0.974426	0.651550	0.060730	0.063477
0.801697	0.619812	0.077209	0.050659
0.613708	0.593262	0.087585	0.024414
0.421143	0.559692	0.095520	-0.004883
0.232544	0.510254	0.105286	-0.036621
0.052795	0.455627	0.120544	-0.075378
-0.120239	0.398865	0.131836	-0.122986
-0.274658	0.335999	0.144348	-0.169067
-0.407410	0.261230	0.148621	-0.205994
-0.510864	0.189819	0.151978	-0.232849
-0.595703	0.121155	0.149841	-0.250854
-0.677490	0.064087	0.155640	-0.260315
-0.761414	0.010681	0.178833	-0.261536
-0.829773	-0.039978	0.216370	-0.250244
-0.878601	-0.083923	0.249939	-0.232544
-0.913696	-0.112305	0.282593	-0.210266
-0.930176	-0.119629	0.320740	-0.175171
-0.916443	-0.101013	0.358887	-0.130005
-0.882568	-0.069885	0.395813	-0.076294
-0.828857	-0.033875	0.447083	-0.022583
-0.762939	-0.001831	0.512085	0.026245
-0.692139	0.024414	0.585632	0.068665
-0.611877	0.040283	0.667114	0.101929
-0.531311	0.040894	0.747070	0.125427
-0.463562	0.024719	0.810547	0.136108
-0.414124	0.000000	0.861511	0.139465
-0.385132	-0.036621	0.905151	0.140381
-0.373535	-0.088806	0.929871	0.141602
-0.381470	-0.156555	0.926514	0.139771
-0.404358	-0.234375	0.912476	0.146790
-0.445251	-0.330505	0.899658	0.169983
-0.499878	-0.437317	0.881042	0.204468
-0.555115	-0.543823	0.845032	0.241699
-0.621948	-0.643005	0.789795	0.278931
-0.705261	-0.727844	0.723267	0.315247
-0.796204	-0.793152	0.644531	0.343323
-0.889587	-0.851746	0.562744	0.356445
-0.987244	-0.913391	0.489197	0.358887
-1.087036	-0.966797	0.426636	0.352478
-1.171875	-1.014099	0.386658	0.340576
-1.246643	-1.051025	0.365295	0.317993
-1.311646	-1.059875	0.364990	0.284119
-1.372375	-1.047058	0.370483	0.247192
-1.430359	-1.010132	0.381775	0.205994
-1.484680	-0.956726	0.398254	0.169373
-1.528625	-0.889282	0.415649	0.140076
-1.570129	-0.815125	0.427551	0.108948
-1.595459	-0.741577	0.448303	0.082092
-1.602783	-0.665283	0.468445	0.062866
-1.594543	-0.586853	0.475769	0.048523
-1.564026	-0.511780	0.473938	0.037842
-1.518860	-0.443115	0.459595	0.036011
-1.462402	-0.380859	0.436707	0.045776
-1.400146	-0.321045	0.406494	0.065613
-1.328735	-0.270691	0.390625	0.091248
-1.263428	-0.234680	0.388184	0.122986
-1.210327	-0.211487	0.396118	0.160828
-1.162415	-0.207214	0.417786	0.199890
-1.108704	-0.209045	0.447693	0.225525
-1.045227	-0.213623	0.479431	0.245972
-0.964966	-0.227661	0.509338	0.266113
-0.869446	-0.249329	0.536194	0.284119
-0.774841	-0.284729	0.562744	0.304871
-0.685425	-0.329590	0.591431	0.328674
-0.606995	-0.376282	0.623474	0.350037
-0.546875	-0.415039	0.658875	0.373535
-0.501709	-0.440063	0.689392	0.401917
-0.466309	-0.444641	0.712891	0.428467
-0.446777	-0.425415	0.729980	0.447998
-0.436096	-0.390930	0.745850	0.461426
-0.422668	-0.346985	0.756836	0.470581
-0.396423	-0.297852	0.761414	0.473022
-0.355225	-0.255737	0.765381	0.461731
-0.297852	-0.224915	0.765991	0.444031
-0.225830	-0.195313	0.765991	0.429993
-0.140076	-0.171509	0.762024	0.417786
-0.043640	-0.149841	0.748291	0.404358
0.055542	-0.120850	0.724487	0.386353
0.150146	-0.085144	0.700378	0.366211
0.232544	-0.053101	0.669861	0.347595
0.294189	-0.029602	0.627441	0.325012
0.332336	-0.024109	0.574036	0.299988
0.352478	-0.034790	0.513916	0.275879
0.354919	-0.049133	0.440369	0.252380
0.352173	-0.064392	0.354309	0.228577
0.334473	-0.081177	0.244751	0.202026
0.300598	-0.104980	0.118713	0.169067
0.251770	-0.138245	-0.022278	0.133362
0.196228	-0.173035	-0.164185	0.101624
0.139771	-0.216064	-0.297546	0.072937
0.090027	-0.261230	-0.415649	0.043640
0.046692	-0.310974	-0.525513	0.012207
0.021057	-0.361633	-0.621643	-0.015564
0.010681	-0.409546	-0.706482	-0.035095
