2020/1/9 16:31:47 40us
CH1			CH2			CH3			CH4
0.072327	0.018311	0.032349	0.066223
0.072937	0.018311	0.032654	0.066833
0.072021	0.018311	0.031128	0.066833
0.072632	0.018921	0.032043	0.066223
0.073242	0.018616	0.033569	0.066833
0.074158	0.018921	0.034485	0.067139
0.074158	0.018921	0.033875	0.067444
0.074158	0.018921	0.033569	0.066833
0.076294	0.019226	0.036316	0.067749
0.075378	0.018921	0.034790	0.066833
0.075684	0.019531	0.035095	0.067444
0.075989	0.018921	0.035400	0.067444
0.074463	0.018921	0.033875	0.067139
0.074463	0.019226	0.033875	0.066833
0.074768	0.018616	0.033569	0.067139
0.073242	0.018005	0.032043	0.066833
0.073853	0.018616	0.032349	0.066833
0.074463	0.018921	0.033569	0.067139
0.075073	0.018921	0.034485	0.067139
0.074768	0.018921	0.034180	0.067139
0.075989	0.019226	0.034790	0.066833
0.075073	0.018921	0.034485	0.066833
0.075989	0.019226	0.035095	0.067444
0.075989	0.019226	0.035095	0.067139
0.076599	0.019531	0.035706	0.067444
0.075073	0.018311	0.033264	0.066528
0.075989	0.018921	0.034485	0.067139
0.075073	0.018616	0.032654	0.066528
0.075073	0.018311	0.032959	0.066833
0.075073	0.018616	0.033875	0.067139
0.075073	0.018616	0.033264	0.066833
0.075378	0.018616	0.033875	0.066833
0.076294	0.018921	0.034485	0.066833
0.076294	0.018921	0.034485	0.066833
0.075684	0.018921	0.033264	0.066528
0.075989	0.018616	0.034790	0.066833
0.076599	0.018616	0.035706	0.067139
0.075378	0.017090	0.039063	0.066833
0.075684	0.020752	0.006409	0.066833
0.077515	0.013123	0.104980	0.066833
0.079041	0.036316	0.117798	0.067139
0.078735	-0.038757	0.064087	0.067749
0.080872	-0.069885	-0.062561	0.067749
0.081482	0.130310	-0.415649	0.067749
0.083008	0.334778	-0.776672	0.069275
0.079041	0.358887	-0.656738	0.067749
0.082092	0.200500	-0.253601	0.067749
0.090637	-0.142517	0.068970	0.073853
0.087280	-0.558777	0.334473	0.071106
0.061951	-0.844727	0.726624	0.064697
0.076294	-0.937805	1.251526	0.058594
0.109863	-0.848389	1.921387	0.073547
0.114746	-0.639343	2.651672	0.083008
0.091858	-0.541992	3.312073	0.093384
0.076294	-0.469666	3.822327	0.090637
0.086060	-0.282898	4.143372	0.085144
0.082397	0.052490	4.368591	0.082703
0.056152	0.414734	4.314270	0.072937
0.036316	0.914001	3.977051	0.051575
0.016479	1.459656	3.613892	0.028076
0.042725	1.982727	3.231812	0.009155
0.090637	2.490234	2.654724	0.022583
0.145569	2.982788	1.948547	0.030823
0.165100	3.286438	1.166992	0.008240
0.182190	3.445129	0.352783	-0.017395
0.211487	3.535461	-0.394897	-0.003357
0.218201	3.570557	-1.055908	0.025940
0.191956	3.519897	-1.712646	0.064392
0.129089	3.267517	-2.414856	0.090332
0.074768	2.732239	-3.012695	0.109863
0.065918	1.999512	-3.468933	0.143127
0.065308	1.132813	-3.701477	0.185547
0.034180	0.237427	-3.751221	0.222778
-0.033569	-0.594177	-3.706360	0.215759
-0.147705	-1.388245	-3.730469	0.202942
-0.283508	-2.059326	-3.796997	0.212708
-0.441589	-2.506409	-3.901978	0.242920
-0.605469	-2.876892	-4.073181	0.240173
-0.754700	-3.303223	-4.288940	0.203857
-0.864258	-3.664246	-4.466248	0.150757
-0.910339	-3.885803	-4.649658	0.108948
-0.894470	-4.011536	-4.788818	0.066528
-0.818787	-4.128723	-4.819031	0.017090
-0.754395	-4.263916	-4.788513	-0.034790
-0.689392	-4.379883	-4.787292	-0.063171
-0.596008	-4.441223	-4.837952	-0.047607
-0.460510	-4.454956	-4.853210	-0.004272
-0.284424	-4.471741	-4.699707	0.029907
-0.063171	-4.403381	-4.401855	0.034180
0.228577	-4.298096	-3.927002	0.048828
0.552368	-4.217224	-3.385315	0.090332
0.910034	-4.096985	-2.939758	0.148315
1.264648	-3.862000	-2.537842	0.209961
1.600647	-3.508911	-2.152710	0.289917
1.911621	-3.068237	-1.777039	0.386658
2.188110	-2.507019	-1.383057	0.490417
2.429810	-1.944275	-1.004639	0.573120
2.651367	-1.394348	-0.663147	0.624084
2.840271	-0.797424	-0.381470	0.655518
2.968750	-0.140991	-0.110168	0.675354
3.056641	0.581055	0.162048	0.695190
3.114319	1.250916	0.542908	0.715027
3.142395	1.825562	1.064758	0.742798
3.146057	2.347412	1.651917	0.764771
3.122253	2.771606	2.311096	0.780334
3.100281	3.048096	3.018188	0.781860
3.093567	3.152161	3.688354	0.741577
3.084106	3.109741	4.258118	0.667114
3.053284	2.984619	4.758911	0.575562
2.995300	2.850952	5.215149	0.459595
2.934875	2.742615	5.542297	0.303345
2.877502	2.645874	5.710144	0.113831
2.828369	2.545471	5.731201	-0.083923
2.793274	2.426147	5.623169	-0.278015
2.768250	2.228088	5.438843	-0.467834
2.739258	2.008057	5.239563	-0.646362
2.710571	1.864319	4.997864	-0.812683
2.647705	1.844177	4.572144	-0.971375
2.534485	1.949463	3.900452	-1.112061
2.391357	2.061768	3.122864	-1.222534
2.236938	2.067261	2.366028	-1.297913
2.066345	1.932373	1.637268	-1.331482
1.862183	1.713562	0.994263	-1.313782
1.625061	1.459351	0.468445	-1.242065
1.369019	1.214294	0.053101	-1.124268
1.099548	1.052856	-0.235901	-0.976257
0.811157	0.948792	-0.384521	-0.791626
0.503845	0.834961	-0.423889	-0.568848
0.207214	0.686035	-0.412292	-0.326538
-0.047913	0.494995	-0.355835	-0.097656
-0.258484	0.301819	-0.271606	0.108643
-0.428772	0.134888	-0.178223	0.294189
-0.565186	0.011902	-0.097656	0.461426
-0.661621	-0.067749	-0.082397	0.624695
-0.730591	-0.130615	-0.142822	0.752869
-0.779419	-0.149841	-0.274353	0.833740
-0.823975	-0.099792	-0.479736	0.856018
-0.858459	-0.040588	-0.710449	0.827332
-0.897827	-0.030823	-0.908203	0.836182
-0.937805	-0.091858	-1.049194	0.913696
-1.014099	-0.223389	-1.164856	0.925903
-1.079712	-0.438232	-1.293640	0.883789
-1.168823	-0.701294	-1.454163	0.856628
-1.349487	-0.969238	-1.640320	0.874634
-1.517334	-1.201172	-1.806030	0.911865
-1.684875	-1.413574	-1.900024	0.914612
-1.893616	-1.612549	-1.891174	0.885620
-2.168274	-1.807251	-1.777954	0.844727
-2.467651	-1.977234	-1.591187	0.835266
-2.778015	-2.060547	-1.388245	0.786133
-3.179932	-2.013550	-1.198120	0.640564
-3.701477	-1.802673	-1.052551	0.446167
-4.139709	-1.454773	-0.957642	0.274353
-4.482117	-1.018372	-0.867920	0.097961
-4.812927	-0.523987	-0.783691	-0.107422
-5.158997	0.024719	-0.729065	-0.359192
-5.531006	0.573730	-0.715027	-0.638123
-5.859375	1.014099	-0.669861	-0.895691
-6.080017	1.328430	-0.549927	-1.116028
-6.228638	1.573792	-0.364685	-1.350403
-6.339722	1.807861	-0.175781	-1.580505
-6.395569	2.021484	-0.015259	-1.751099
-6.404724	2.160645	0.129089	-1.858521
-6.418762	2.171021	0.268555	-1.918335
-6.427307	2.020874	0.446472	-1.951599
-6.328430	1.759949	0.661926	-1.930847
-6.123352	1.458130	0.852966	-1.846619
-5.867004	1.134338	0.965576	-1.722412
-5.564575	0.778198	1.013794	-1.574402
-5.213928	0.398560	1.029968	-1.409607
-4.844055	0.009766	1.008301	-1.250305
-4.466553	-0.354919	0.932922	-1.091614
-4.121704	-0.664368	0.807190	-0.931091
-3.793640	-0.899353	0.653992	-0.767822
-3.440857	-1.075134	0.519409	-0.567017
-3.063660	-1.177979	0.461121	-0.327454
-2.661743	-1.208801	0.478516	-0.079346
-2.259216	-1.176147	0.559998	0.126343
-1.849670	-1.113892	0.691223	0.302124
-1.438293	-1.031494	0.889893	0.508118
-1.049194	-0.965881	1.159363	0.743713
-0.689697	-0.933228	1.523438	0.959473
-0.372620	-0.933838	1.973877	1.143188
-0.099792	-0.967712	2.476196	1.305542
0.193481	-1.018372	2.969055	1.452026
0.564575	-1.017761	3.402710	1.585999
0.997009	-0.882263	3.732605	1.696472
1.449890	-0.592651	3.952332	1.774902
1.907654	-0.203552	4.098511	1.829224
2.383728	0.189819	4.194641	1.857605
2.899170	0.544128	4.264221	1.858826
3.427734	0.887451	4.270630	1.839294
3.934021	1.260986	4.136658	1.791992
4.370422	1.670837	3.825684	1.708679
4.706421	2.073059	3.388977	1.590271
4.971924	2.424927	2.913208	1.448975
5.190735	2.698059	2.447815	1.290894
5.343018	2.900696	2.009277	1.121521
5.363770	3.034668	1.594238	0.937805
5.243835	3.080750	1.232910	0.743408
4.996033	3.021545	0.940247	0.541077
4.673157	2.865906	0.735474	0.343933
4.327698	2.643738	0.605164	0.148315
3.959351	2.408447	0.510254	-0.047913
3.548584	2.193909	0.427551	-0.235291
3.122559	1.994324	0.345459	-0.388489
2.691650	1.760559	0.244751	-0.498657
2.252808	1.477661	0.138550	-0.586243
1.813354	1.176758	0.031433	-0.682983
1.386719	0.922852	-0.094910	-0.798035
0.972900	0.762634	-0.269775	-0.899048
0.559387	0.700989	-0.508118	-0.973511
0.149841	0.705872	-0.816956	-1.036682
-0.241394	0.726318	-1.203003	-1.083984
-0.599976	0.709534	-1.615295	-1.123962
-0.931396	0.614014	-2.010803	-1.146851
-1.223450	0.439758	-2.357483	-1.144714
-1.488953	0.196838	-2.679443	-1.102600
-1.720581	-0.075378	-3.008728	-1.039734
-1.941528	-0.345459	-3.327942	-0.957947
-2.158813	-0.631409	-3.626099	-0.875244
-2.377319	-0.960083	-3.879395	-0.792236
-2.594910	-1.317444	-4.094543	-0.698853
-2.781677	-1.656494	-4.276123	-0.588379
-2.911987	-1.958313	-4.421387	-0.462646
-3.005371	-2.225037	-4.493103	-0.327454
-3.034363	-2.460632	-4.476929	-0.191650
-2.997742	-2.657166	-4.407043	-0.066833
-2.899170	-2.810669	-4.342651	0.036926
-2.745667	-2.918701	-4.311829	0.132446
-2.576294	-2.993469	-4.303284	0.225525
-2.430725	-3.050537	-4.270325	0.328674
-2.275391	-3.125000	-4.154663	0.433044
-2.082520	-3.222046	-3.948059	0.537720
-1.850586	-3.321838	-3.669434	0.646057
-1.593933	-3.406982	-3.341980	0.753174
-1.347656	-3.461609	-2.987366	0.858459
-1.117859	-3.489380	-2.655334	0.959167
-0.881958	-3.481140	-2.333679	1.035156
-0.628662	-3.444824	-2.003479	1.078796
-0.366211	-3.393860	-1.656189	1.089478
-0.126343	-3.340759	-1.329956	1.069336
0.065613	-3.288269	-1.065674	1.022034
0.250854	-3.198853	-0.880737	0.970154
0.469360	-3.050537	-0.772400	0.904541
0.736694	-2.822266	-0.706787	0.828857
1.067810	-2.492981	-0.675049	0.729675
1.435242	-2.045593	-0.668030	0.596619
1.816406	-1.494446	-0.681152	0.456238
2.193298	-0.900574	-0.704651	0.332642
2.544556	-0.311890	-0.731201	0.233154
2.862854	0.219116	-0.732117	0.139160
3.155212	0.680542	-0.693054	0.014954
3.428040	1.096497	-0.605774	-0.119324
3.660889	1.507263	-0.488892	-0.235291
3.830261	1.914368	-0.349121	-0.334778
3.954773	2.279358	-0.162048	-0.432129
4.035645	2.561035	0.119934	-0.518799
4.080811	2.729187	0.512695	-0.585632
4.095154	2.783203	0.961304	-0.610046
4.083557	2.778625	1.450500	-0.603943
4.017944	2.769775	1.925354	-0.594482
3.907776	2.783203	2.374573	-0.583801
3.796692	2.807617	2.785950	-0.555115
3.728638	2.807007	3.135986	-0.504150
3.683472	2.750244	3.405151	-0.453796
3.624268	2.641296	3.599548	-0.402832
3.528748	2.510681	3.720093	-0.335693
3.417053	2.374878	3.780823	-0.249023
3.323059	2.229309	3.792419	-0.145264
3.276367	2.073059	3.767700	-0.045471
3.263855	1.908569	3.698425	0.041504
3.256836	1.738892	3.578491	0.136108
3.226929	1.554565	3.403931	0.256653
3.143005	1.350708	3.180847	0.396729
3.008118	1.111450	2.945251	0.542908
2.870789	0.838013	2.745667	0.691223
2.755737	0.543823	2.590942	0.828552
2.664795	0.256348	2.456055	0.957031
2.586060	-0.009766	2.304077	1.063843
2.538147	-0.233765	2.113953	1.141357
2.504272	-0.425110	1.874695	1.180115
2.468567	-0.590515	1.617432	1.175232
2.404480	-0.727539	1.376648	1.134644
2.287903	-0.843201	1.144714	1.073303
2.117004	-0.924988	0.910034	1.009216
1.900940	-0.967407	0.648193	0.944824
1.664734	-0.953674	0.354919	0.864868
1.438293	-0.887146	0.038452	0.756531
1.235962	-0.781860	-0.279846	0.627136
1.051025	-0.654602	-0.581360	0.500488
0.857239	-0.533447	-0.867920	0.388184
0.630188	-0.443726	-1.140137	0.276489
0.343628	-0.398254	-1.400757	0.155334
0.003662	-0.396423	-1.654358	0.028992
-0.376282	-0.443726	-1.914063	-0.098267
-0.771179	-0.523987	-2.184143	-0.223083
-1.169128	-0.599365	-2.457275	-0.334473
-1.571655	-0.632629	-2.714844	-0.435181
-1.976929	-0.617065	-2.941284	-0.520935
-2.364197	-0.579529	-3.123474	-0.593872
-2.710876	-0.542603	-3.254395	-0.665588
-3.002014	-0.511169	-3.324890	-0.732422
-3.243408	-0.468750	-3.342285	-0.802917
-3.450623	-0.395508	-3.331299	-0.870361
-3.629761	-0.284424	-3.306580	-0.946045
-3.781128	-0.140991	-3.250427	-1.026611
-3.909302	0.017395	-3.141785	-1.079712
-4.014282	0.155945	-2.968445	-1.107178
-4.108276	0.259094	-2.724304	-1.166077
-4.175720	0.322266	-2.398987	-1.232300
-4.237366	0.358887	-1.994629	-1.273499
-4.307861	0.375366	-1.525574	-1.253967
-4.338989	0.374756	-1.004944	-1.119385
-4.353027	0.354309	-0.456543	-1.014404
-4.343262	0.313110	0.096741	-1.018677
-4.272461	0.262756	0.636292	-0.957947
-4.229126	0.179749	1.139221	-0.800781
-4.183350	0.087891	1.604309	-0.599670
-4.034119	-0.023499	2.041931	-0.420227
-3.828125	-0.140991	2.449646	-0.248413
-3.638306	-0.219421	2.797852	-0.026245
-3.420715	-0.274658	3.073425	0.287476
-3.120117	-0.255737	3.261414	0.585327
-2.891235	-0.165100	3.366394	0.777893
-2.812500	-0.024414	3.398132	0.907593
-2.658691	0.113220	3.395996	1.064148
-2.276917	0.209351	3.383179	1.207581
-1.892700	0.239563	3.375549	1.294250
-1.605835	0.281372	3.351440	1.323547
-1.368408	0.379333	3.268738	1.325378
-1.116943	0.481873	3.153992	1.311340
-0.725403	0.541687	3.061218	1.289978
-0.179443	0.537415	2.987976	1.204834
0.374756	0.519409	2.920532	1.057129
0.897217	0.504761	2.849731	0.924683
1.348877	0.500183	2.771606	0.827637
1.657104	0.474854	2.666016	0.735779
1.842957	0.405579	2.551575	0.588074
2.041626	0.340271	2.427979	0.426636
2.264404	0.325623	2.265320	0.284729
2.423706	0.371094	2.057495	0.152588
2.566528	0.421448	1.842346	-0.005493
2.716370	0.437012	1.625366	-0.147095
2.829590	0.394897	1.425171	-0.276794
2.860107	0.326843	1.216431	-0.415039
2.788086	0.276184	0.989380	-0.536804
2.633057	0.244446	0.741882	-0.626831
2.437744	0.225525	0.467529	-0.648804
2.257080	0.224609	0.189209	-0.604248
2.090759	0.250549	-0.072937	-0.563965
1.956482	0.295105	-0.293274	-0.592651
1.836548	0.302124	-0.462952	-0.655823
1.717834	0.281372	-0.578613	-0.654602
1.560059	0.239563	-0.675354	-0.575256
1.341553	0.183716	-0.759277	-0.493469
1.056824	0.157166	-0.833130	-0.450745
0.721436	0.184937	-0.911560	-0.434875
0.379028	0.219421	-0.996704	-0.424194
0.072021	0.247498	-1.079102	-0.385132
-0.187378	0.316467	-1.144104	-0.300903
-0.445862	0.444336	-1.188965	-0.194092
-0.701599	0.592651	-1.170044	-0.051880
-0.906677	0.698242	-1.090393	0.115662
-1.025696	0.741882	-0.969238	0.277405
-1.051941	0.767822	-0.826721	0.433044
-1.057434	0.804443	-0.688171	0.562744
-1.082764	0.840759	-0.570984	0.661011
-1.147461	0.846252	-0.447083	0.733643
-1.191406	0.800476	-0.281067	0.784302
-1.150208	0.680847	-0.066833	0.809021
-1.061096	0.526123	0.149231	0.823669
-1.020203	0.397034	0.332031	0.835876
-1.042175	0.308838	0.486450	0.839844
-1.073914	0.227356	0.604553	0.823364
-1.062927	0.125427	0.660095	0.768433
-0.965271	0.009460	0.644531	0.690613
-0.816956	-0.111084	0.577698	0.594788
-0.681763	-0.199585	0.464478	0.485535
-0.559998	-0.252380	0.300903	0.387573
-0.423584	-0.299377	0.065002	0.327148
-0.278931	-0.332947	-0.225830	0.293274
-0.102844	-0.332336	-0.541382	0.245972
0.093689	-0.284119	-0.863037	0.174255
0.279541	-0.189209	-1.192932	0.095825
0.434875	-0.069885	-1.502380	0.031738
0.562439	0.035706	-1.785583	-0.005493
0.662842	0.101013	-2.062988	-0.036316
0.740967	0.120544	-2.314148	-0.082397
0.802307	0.095520	-2.489929	-0.140991
0.865479	0.054016	-2.585449	-0.175781
0.933533	0.018616	-2.639771	-0.172729
1.009827	-0.003052	-2.684021	-0.143127
1.085815	-0.027771	-2.717285	-0.113220
1.168518	-0.087891	-2.709656	-0.106201
1.259766	-0.219116	-2.650452	-0.136719
1.343994	-0.395203	-2.552490	-0.180359
1.408386	-0.555420	-2.454224	-0.204163
1.424866	-0.663452	-2.380066	-0.207520
1.402283	-0.723877	-2.310181	-0.201416
1.381836	-0.766296	-2.206116	-0.202637
1.374817	-0.810852	-2.070313	-0.226135
1.394043	-0.863342	-1.942139	-0.269470
1.452942	-0.936279	-1.823730	-0.312805
1.511841	-1.023865	-1.694336	-0.339050
1.546326	-1.106567	-1.532898	-0.338135
1.584473	-1.184998	-1.348267	-0.320435
1.657104	-1.264954	-1.155701	-0.292969
1.761169	-1.321411	-0.969238	-0.245056
1.870117	-1.331482	-0.765076	-0.172119
1.933289	-1.286621	-0.531616	-0.072937
1.931152	-1.197205	-0.309143	0.039368
1.907959	-1.084595	-0.085449	0.146179
1.899109	-0.966797	0.177612	0.233459
1.904297	-0.845337	0.483704	0.289917
1.875000	-0.730591	0.794678	0.318298
1.769409	-0.622864	1.067810	0.339050
1.626587	-0.500183	1.278076	0.359802
1.502686	-0.359192	1.429749	0.373840
1.425171	-0.224304	1.554260	0.375977
1.394043	-0.120544	1.679382	0.368347
1.381836	-0.036011	1.800232	0.354614
1.363220	0.043640	1.909790	0.339966
1.340942	0.112305	1.997681	0.328369
1.330566	0.158081	2.048645	0.322876
1.351013	0.164795	2.066956	0.319519
1.415100	0.128784	2.064209	0.309143
1.531982	0.050964	2.041321	0.287476
1.655273	-0.057678	1.983337	0.261841
1.751099	-0.181580	1.879883	0.244751
1.819153	-0.311890	1.735229	0.234985
1.860046	-0.444031	1.559753	0.220032
1.889038	-0.562134	1.362915	0.183411
1.907349	-0.642395	1.139221	0.133667
1.905518	-0.662842	0.882568	0.094910
1.892090	-0.623474	0.592041	0.070496
1.887207	-0.538635	0.289917	0.039368
1.905823	-0.430908	0.003052	-0.010071
1.934814	-0.313416	-0.269165	-0.069275
1.957092	-0.199890	-0.523071	-0.124207
1.957397	-0.095520	-0.743713	-0.170593
1.907959	0.022278	-0.929260	-0.202942
1.790771	0.172119	-1.096802	-0.219727
1.624146	0.350647	-1.232910	-0.231934
1.446228	0.549927	-1.303406	-0.251770
1.283569	0.744629	-1.298828	-0.279541
1.134644	0.911255	-1.226807	-0.292358
0.983582	1.044922	-1.109619	-0.264587
0.813904	1.159668	-0.964050	-0.193481
0.644226	1.267700	-0.794373	-0.094604
0.494385	1.359863	-0.600891	0.022888
0.372925	1.432495	-0.388794	0.149841
0.278931	1.482239	-0.177002	0.283508
0.197754	1.516418	0.019836	0.423279
0.123596	1.543579	0.191956	0.555725
0.077515	1.557312	0.336609	0.664978
0.075378	1.552734	0.456848	0.748901
0.109558	1.541138	0.550537	0.815735
0.150757	1.533508	0.618591	0.869446
0.162964	1.540222	0.659180	0.912170
0.133972	1.556396	0.678406	0.947571
0.065918	1.563110	0.686340	0.970764
-0.021973	1.542358	0.694275	0.968933
-0.119019	1.482239	0.717468	0.923462
-0.221252	1.389771	0.769043	0.838318
-0.345764	1.268005	0.833435	0.693054
-0.500793	1.124268	0.900574	0.554810
-0.664978	0.963745	0.955200	0.468445
-0.849609	0.788574	0.987549	0.386353
-0.991211	0.608826	1.002197	0.292358
-1.131897	0.426331	1.005249	0.172424
-1.307068	0.237732	1.006165	0.036621
-1.468506	0.072327	1.006470	-0.088806
-1.638794	-0.067139	0.998230	-0.205383
-1.809998	-0.177002	0.965271	-0.316772
-1.954956	-0.273132	0.906372	-0.423584
-2.075806	-0.364990	0.827942	-0.497437
-2.180176	-0.466309	0.725708	-0.534363
-2.285156	-0.577087	0.585022	-0.571899
-2.422180	-0.684509	0.410156	-0.604858
-2.527771	-0.783997	0.200500	-0.625000
-2.567444	-0.881958	-0.024414	-0.625305
-2.562256	-1.000366	-0.240173	-0.628967
-2.555542	-1.145630	-0.436707	-0.623779
-2.588806	-1.282349	-0.623169	-0.628357
-2.658386	-1.379700	-0.795593	-0.631409
-2.694092	-1.447144	-0.933228	-0.620117
-2.667542	-1.501465	-1.028442	-0.627747
-2.586365	-1.570740	-1.084595	-0.648193
-2.459717	-1.645203	-1.110229	-0.669250
-2.299805	-1.716614	-1.108704	-0.673828
-2.166443	-1.771240	-1.095886	-0.653992
-2.090149	-1.811829	-1.075745	-0.627441
-2.020874	-1.833191	-1.039734	-0.612793
-1.907959	-1.817627	-0.979004	-0.578613
-1.763000	-1.778564	-0.889893	-0.537109
-1.586304	-1.721191	-0.763245	-0.479736
-1.374817	-1.666870	-0.592651	-0.409851
-1.145935	-1.612549	-0.380859	-0.334167
-0.909424	-1.554871	-0.144043	-0.253906
-0.683594	-1.481018	0.109863	-0.167847
-0.497742	-1.387634	0.364685	-0.080566
-0.341187	-1.279297	0.612793	0.010376
-0.207520	-1.163940	0.852356	0.115356
-0.083313	-1.034851	1.091614	0.226135
0.058594	-0.885925	1.306763	0.307312
0.230408	-0.718384	1.512451	0.354309
0.408936	-0.538635	1.718750	0.387878
0.577698	-0.346985	1.918945	0.427856
0.706482	-0.132751	2.087708	0.475769
0.804749	0.111694	2.218628	0.523987
0.870972	0.376587	2.294922	0.555420
0.910339	0.653992	2.315674	0.562744
0.958862	0.920105	2.293701	0.562744
1.020203	1.177063	2.249756	0.556946
1.062927	1.429138	2.191162	0.557861
1.080627	1.685486	2.116699	0.569153
1.094055	1.939392	2.028198	0.588074
1.115112	2.157288	1.921692	0.612488
1.149597	2.333374	1.804504	0.637512
1.197510	2.480164	1.680298	0.650330
1.225891	2.601013	1.552429	0.645447
1.214600	2.688293	1.425171	0.617065
1.170349	2.731628	1.305237	0.568848
1.116028	2.731018	1.198120	0.513611
1.059570	2.686768	1.097412	0.458374
0.986938	2.605896	0.986633	0.406494
0.889282	2.506104	0.870361	0.364685
0.752563	2.385559	0.739441	0.327454
0.605164	2.246094	0.601196	0.284729
0.478210	2.083740	0.451660	0.232544
0.386047	1.900635	0.289307	0.170288
0.313721	1.706543	0.108948	0.099487
0.250244	1.519165	-0.084839	0.039978
0.183105	1.348572	-0.295410	0.004272
0.115356	1.188965	-0.534058	-0.007629
0.044861	1.047974	-0.776672	-0.008545
-0.021057	0.923767	-1.022339	-0.004883
-0.070496	0.813904	-1.263428	-0.000916
-0.114136	0.708618	-1.490784	0.010986
-0.149841	0.596924	-1.697388	0.042725
-0.177002	0.471191	-1.896057	0.090332
-0.193787	0.332947	-2.088318	0.144043
-0.203857	0.182495	-2.256775	0.189819
-0.209961	0.031738	-2.376099	0.222473
-0.216980	-0.109863	-2.447205	0.244446
-0.223389	-0.241089	-2.484436	0.264587
-0.213623	-0.356445	-2.490845	0.281677
-0.192261	-0.460815	-2.467346	0.286255
-0.161438	-0.568542	-2.409973	0.272217
-0.119629	-0.684814	-2.318420	0.238647
-0.074463	-0.801086	-2.204590	0.197144
-0.042419	-0.903625	-2.083740	0.161133
-0.033875	-0.987854	-1.973877	0.125732
-0.040894	-1.057739	-1.868896	0.086975
-0.050354	-1.122742	-1.759033	0.038757
-0.059509	-1.189270	-1.648560	-0.024719
-0.069885	-1.262207	-1.533813	-0.099792
-0.105896	-1.334839	-1.420288	-0.179138
-0.175781	-1.396179	-1.305847	-0.257568
-0.267334	-1.434937	-1.181946	-0.331116
-0.359192	-1.452026	-1.058960	-0.399780
-0.433960	-1.460571	-0.958252	-0.470581
-0.494690	-1.465454	-0.884399	-0.535889
-0.546265	-1.461487	-0.817871	-0.591736
-0.600281	-1.443787	-0.760193	-0.643311
-0.657043	-1.412048	-0.715637	-0.694885
-0.704346	-1.369629	-0.679016	-0.744324
-0.726318	-1.320801	-0.645142	-0.789185
-0.725403	-1.265564	-0.613098	-0.827637
-0.708313	-1.208191	-0.575867	-0.852356
-0.679321	-1.145325	-0.536499	-0.857544
-0.627136	-1.072388	-0.487366	-0.840454
-0.541992	-0.986633	-0.424500	-0.804749
-0.416565	-0.896301	-0.335388	-0.754395
-0.266113	-0.807190	-0.225830	-0.694275
-0.109253	-0.725403	-0.106201	-0.615540
0.046387	-0.650024	0.009766	-0.511475
0.199280	-0.578918	0.124817	-0.386353
0.351257	-0.518188	0.242615	-0.251160
0.506287	-0.471802	0.368042	-0.119629
0.669556	-0.444641	0.505981	-0.000305
0.845032	-0.439453	0.658569	0.107727
1.023560	-0.446777	0.819397	0.207825
1.197815	-0.455322	0.980530	0.299377
1.367493	-0.447998	1.136780	0.385132
1.528625	-0.416565	1.283264	0.463867
1.687012	-0.360107	1.409912	0.530396
1.837158	-0.275879	1.516724	0.594177
1.978760	-0.167236	1.592102	0.654602
2.128296	-0.038147	1.636963	0.702515
2.286072	0.102234	1.654053	0.747070
2.455444	0.244141	1.641541	0.792542
2.622681	0.381775	1.598511	0.825806
2.792358	0.518494	1.531372	0.856018
2.933350	0.662842	1.453247	0.881958
3.015137	0.822449	1.362610	0.899658
3.057861	0.993347	1.261292	0.911560
3.052979	1.158447	1.148987	0.908508
3.031311	1.314392	1.041870	0.886230
2.994995	1.440735	0.942383	0.845947
2.935181	1.536865	0.850525	0.795593
2.832947	1.600952	0.758362	0.736694
2.679749	1.636353	0.670471	0.671997
2.489929	1.650085	0.589294	0.605774
2.288513	1.641541	0.508118	0.534668
2.065735	1.608582	0.427856	0.458679
1.825256	1.548157	0.357971	0.382996
1.577454	1.467896	0.294189	0.312500
1.324463	1.381836	0.233459	0.241699
1.069641	1.294556	0.174561	0.176086
0.826416	1.208191	0.116882	0.113525
0.578918	1.119690	0.044556	0.054321
0.324097	1.029358	-0.049744	0.007324
0.071106	0.939636	-0.158386	-0.023499
-0.186768	0.845642	-0.276184	-0.040894
-0.444946	0.744019	-0.394287	-0.052795
-0.699158	0.631104	-0.509949	-0.072327
-0.938110	0.509338	-0.621033	-0.104065
-1.163635	0.383301	-0.727539	-0.140686
-1.377258	0.260315	-0.830383	-0.179749
-1.584778	0.143738	-0.931702	-0.212402
-1.781616	0.032654	-1.036682	-0.241089
-1.962280	-0.072937	-1.142578	-0.277405
-2.119446	-0.177612	-1.241760	-0.321350
-2.259521	-0.290222	-1.324158	-0.366211
-2.385254	-0.407715	-1.390991	-0.408630
-2.503967	-0.522156	-1.445923	-0.437622
-2.621765	-0.627441	-1.486206	-0.452576
-2.730408	-0.722656	-1.509399	-0.449829
-2.813416	-0.808411	-1.512146	-0.434265
-2.861633	-0.885315	-1.485901	-0.404358
-2.878113	-0.958252	-1.424255	-0.361328
-2.868958	-1.031799	-1.327820	-0.304565
-2.837524	-1.106873	-1.200867	-0.234985
-2.774963	-1.182861	-1.048889	-0.156860
-2.683411	-1.260681	-0.881958	-0.071411
-2.569885	-1.341553	-0.704041	0.018616
-2.439575	-1.420288	-0.518799	0.110779
-2.299194	-1.495056	-0.327454	0.199890
-2.150269	-1.567078	-0.136108	0.278931
-1.991882	-1.635742	0.043030	0.336609
-1.814880	-1.700134	0.209351	0.369263
-1.623840	-1.758423	0.358582	0.380249
-1.421204	-1.802979	0.497742	0.376587
-1.218872	-1.821289	0.624390	0.362854
-1.028442	-1.805420	0.730591	0.339050
-0.851746	-1.756897	0.811768	0.310669
-0.677490	-1.678772	0.874023	0.269470
-0.498352	-1.579895	0.921631	0.219116
-0.321045	-1.467285	0.956421	0.164795
-0.150452	-1.345215	0.983887	0.108948
0.001831	-1.214294	1.003723	0.060425
0.129395	-1.074524	1.009216	0.017395
0.245667	-0.924683	1.007080	-0.022888
0.340881	-0.766296	0.996094	-0.062256
0.411377	-0.601196	0.978088	-0.099487
0.468140	-0.430298	0.965576	-0.135498
0.513306	-0.258789	0.960693	-0.169983
0.546570	-0.093079	0.967102	-0.199280
0.569458	0.061951	0.991516	-0.226746
0.587158	0.200500	1.027832	-0.262451
0.599365	0.322571	1.068726	-0.303040
0.600281	0.432739	1.106262	-0.342102
0.598145	0.529480	1.142578	-0.370483
0.590210	0.618286	1.171570	-0.386047
0.595398	0.696716	1.195984	-0.390930
0.612488	0.756836	1.214294	-0.391235
0.642395	0.800171	1.233826	-0.381165
0.682068	0.830383	1.258850	-0.360413
0.719910	0.851135	1.282654	-0.322266
0.742493	0.865173	1.294250	-0.265503
0.753784	0.878906	1.288757	-0.193176
0.759277	0.892639	1.264648	-0.108337
0.754700	0.900574	1.216736	-0.014648
0.745850	0.899048	1.154175	0.081482
0.719910	0.884705	1.067505	0.175476
0.685730	0.857849	0.971375	0.270996
0.635986	0.819702	0.854492	0.361328
0.580750	0.772400	0.727234	0.444641
0.523376	0.714722	0.587463	0.515747
0.463562	0.654907	0.441589	0.573425
0.398254	0.594177	0.299988	0.618591
0.320740	0.534668	0.162354	0.652466
0.237122	0.480042	0.030212	0.672913
0.151367	0.430603	-0.090332	0.680237
0.070801	0.383606	-0.200500	0.675659
-0.008545	0.338135	-0.308533	0.662231
-0.091553	0.300598	-0.415649	0.644836
-0.183105	0.274353	-0.520020	0.624390
-0.282593	0.258789	-0.621948	0.599365
-0.384521	0.247803	-0.717773	0.567627
-0.481262	0.235291	-0.805664	0.530701
-0.570068	0.218506	-0.883179	0.487976
-0.646667	0.198364	-0.946655	0.442810
-0.715332	0.180359	-0.998230	0.399780
-0.777588	0.169983	-1.047974	0.359192
-0.829163	0.170898	-1.099548	0.316467
-0.866089	0.181580	-1.149902	0.266113
-0.885925	0.199890	-1.198120	0.204773
-0.895996	0.219116	-1.249390	0.134583
-0.900879	0.233459	-1.301575	0.058289
-0.902100	0.241699	-1.353760	-0.021362
-0.902405	0.246582	-1.401978	-0.103149
-0.903015	0.252686	-1.445313	-0.184631
-0.902405	0.263672	-1.480713	-0.265198
-0.903320	0.280457	-1.510010	-0.340576
-0.904541	0.307007	-1.527100	-0.405884
-0.904846	0.346985	-1.529236	-0.461426
-0.903625	0.396729	-1.512451	-0.503540
-0.899048	0.447388	-1.473694	-0.533752
-0.884399	0.495605	-1.407471	-0.552673
-0.866699	0.535889	-1.318970	-0.563049
-0.847473	0.570984	-1.205750	-0.563354
-0.827637	0.598450	-1.077271	-0.553589
-0.801086	0.618591	-0.935364	-0.534058
-0.759888	0.629272	-0.783081	-0.509949
-0.697632	0.628357	-0.621948	-0.483704
-0.616150	0.613098	-0.454102	-0.456848
-0.516357	0.583496	-0.283813	-0.429382
-0.407410	0.541687	-0.113525	-0.398865
-0.293274	0.488281	0.053711	-0.364380
-0.177917	0.423279	0.210266	-0.328064
-0.056763	0.351563	0.354004	-0.288086
0.068054	0.273132	0.474243	-0.245056
0.198364	0.189819	0.576172	-0.195313
0.327454	0.099487	0.660400	-0.138550
0.457458	0.002441	0.734253	-0.072937
0.579224	-0.098572	0.788879	-0.019836
0.705261	-0.205688	0.834351	0.032654
0.832825	-0.311890	0.865784	0.092773
0.938416	-0.408630	0.877075	0.142517
1.052246	-0.494080	0.879517	0.196838
1.150513	-0.562744	0.871887	0.246582
1.223450	-0.615540	0.859985	0.281982
1.297607	-0.655518	0.842896	0.307007
1.355896	-0.691833	0.827026	0.320435
1.398621	-0.727234	0.805969	0.321655
1.435547	-0.762024	0.786438	0.314026
1.470337	-0.791016	0.762329	0.303040
1.485596	-0.812683	0.724182	0.287170
1.482849	-0.829773	0.680542	0.260925
1.470032	-0.844116	0.629883	0.225525
1.467285	-0.850220	0.578613	0.184021
1.453552	-0.848083	0.518188	0.140076
1.419678	-0.835876	0.453491	0.094604
1.380920	-0.816345	0.390015	0.053101
1.333923	-0.786438	0.323792	0.010681
1.274719	-0.740662	0.254211	-0.028687
1.206665	-0.685425	0.175171	-0.064697
1.118164	-0.624084	0.083008	-0.103149
1.016846	-0.560608	-0.016785	-0.138855
0.915222	-0.493774	-0.119019	-0.171204
0.822449	-0.420227	-0.217590	-0.199280
0.739746	-0.345459	-0.310364	-0.223083
0.661011	-0.266724	-0.393677	-0.242920
0.584412	-0.180054	-0.469360	-0.261841
0.506287	-0.078735	-0.536194	-0.272217
0.429993	0.027771	-0.589905	-0.276184
0.357056	0.131836	-0.625916	-0.270081
0.289001	0.232239	-0.648804	-0.257263
0.225220	0.325623	-0.659485	-0.243835
0.171509	0.411377	-0.646362	-0.224609
0.118713	0.487366	-0.607605	-0.195923
0.061646	0.554810	-0.553284	-0.159912
0.002747	0.617065	-0.492859	-0.116882
-0.053101	0.674133	-0.422974	-0.065918
-0.108337	0.724792	-0.346069	-0.007935
-0.162354	0.765381	-0.266418	0.053711
-0.205078	0.798340	-0.175476	0.123901
-0.245972	0.823669	-0.077515	0.200500
-0.282898	0.842896	0.021057	0.279846
-0.324097	0.859680	0.113831	0.355835
-0.363770	0.875854	0.201111	0.426331
-0.404053	0.888672	0.273438	0.488892
-0.444946	0.901489	0.325012	0.547180
-0.480347	0.914917	0.356140	0.600891
-0.511475	0.924683	0.372314	0.644226
-0.544434	0.921631	0.377197	0.672302
-0.574036	0.905151	0.375977	0.685120
-0.599976	0.875854	0.361938	0.684204
-0.623779	0.833435	0.334473	0.674744
-0.643311	0.786133	0.303345	0.661316
-0.656738	0.740051	0.269165	0.643005
-0.665894	0.695801	0.228577	0.622559
-0.668640	0.644531	0.179749	0.598145
-0.656128	0.582886	0.129700	0.568542
-0.629578	0.512085	0.081177	0.535278
-0.599060	0.430603	0.036621	0.502319
-0.562439	0.339050	-0.000916	0.471497
-0.518188	0.242920	-0.032959	0.444641
-0.458069	0.146484	-0.061951	0.419312
-0.388184	0.054626	-0.085754	0.390625
-0.315857	-0.034180	-0.101929	0.356750
-0.248108	-0.121460	-0.114136	0.317383
-0.191650	-0.205688	-0.120850	0.273132
-0.143738	-0.290527	-0.123596	0.224609
-0.104675	-0.373230	-0.118713	0.174866
-0.079041	-0.456848	-0.114136	0.121460
-0.064392	-0.538635	-0.106812	0.069275
-0.064087	-0.617065	-0.104980	0.017700
-0.071411	-0.690308	-0.106201	-0.033875
-0.087280	-0.761414	-0.108337	-0.083313
-0.105286	-0.831299	-0.106506	-0.126953
-0.120850	-0.904236	-0.104980	-0.166016
-0.133362	-0.978699	-0.101624	-0.200195
-0.148010	-1.050415	-0.095215	-0.228882
-0.161743	-1.111145	-0.082397	-0.251160
-0.180054	-1.159363	-0.071106	-0.267944
-0.200500	-1.192627	-0.062561	-0.282288
-0.214233	-1.211548	-0.050964	-0.293579
-0.218506	-1.220093	-0.032654	-0.303040
-0.214539	-1.220398	-0.007935	-0.308533
-0.202637	-1.215820	0.026245	-0.307007
-0.180969	-1.207581	0.071106	-0.300598
-0.153503	-1.197815	0.122070	-0.290833
-0.122681	-1.185608	0.179749	-0.280762
-0.088806	-1.169434	0.245972	-0.266724
-0.054321	-1.152344	0.314026	-0.251465
-0.016174	-1.133118	0.390320	-0.237427
0.016785	-1.115723	0.470886	-0.224609
0.043030	-1.100464	0.557556	-0.209351
0.061035	-1.090088	0.640564	-0.195007
0.072021	-1.083679	0.721130	-0.181580
0.075378	-1.078186	0.793762	-0.165100
0.065918	-1.071167	0.849304	-0.146179
0.044861	-1.060791	0.882263	-0.122375
0.019836	-1.041565	0.895081	-0.095825
-0.004883	-1.014404	0.885315	-0.067749
-0.023499	-0.979309	0.857849	-0.041199
-0.038147	-0.939026	0.811462	-0.015869
-0.050964	-0.891724	0.746460	0.009155
-0.064392	-0.831909	0.668945	0.034790
-0.074768	-0.757141	0.583191	0.060730
-0.080872	-0.668335	0.489197	0.087280
-0.083618	-0.571594	0.386963	0.115051
-0.084534	-0.470276	0.285645	0.140991
-0.085449	-0.366821	0.187683	0.162048
-0.090332	-0.264282	0.093994	0.175171
-0.095825	-0.162354	0.010681	0.185852
-0.105286	-0.060425	-0.062256	0.196533
-0.116272	0.046997	-0.126648	0.204163
-0.124817	0.164795	-0.177917	0.211487
-0.129700	0.291748	-0.218506	0.221252
-0.130310	0.425110	-0.251770	0.232239
-0.125122	0.559998	-0.275879	0.245056
-0.111084	0.693359	-0.290222	0.257263
-0.088501	0.819702	-0.297852	0.267639
-0.057983	0.939331	-0.298462	0.277405
-0.021973	1.053162	-0.296631	0.289307
0.014954	1.161194	-0.293274	0.304871
0.051270	1.265869	-0.288391	0.325012
0.086060	1.366577	-0.281982	0.346375
0.120544	1.458740	-0.271912	0.366211
0.151978	1.535950	-0.261230	0.383911
0.180359	1.597595	-0.244141	0.398254
0.203552	1.641541	-0.220642	0.416870
0.223389	1.671448	-0.188293	0.425415
0.237122	1.689148	-0.152588	0.429382
0.243835	1.694641	-0.117188	0.440979
0.241089	1.692505	-0.078735	0.449829
0.240173	1.683655	-0.045471	0.458374
0.237732	1.665344	-0.015869	0.469666
0.222778	1.633606	0.011597	0.472412
0.213623	1.592407	0.041199	0.469360
0.203857	1.540222	0.067444	0.462952
0.188599	1.476440	0.087585	0.446472
0.171509	1.404419	0.104980	0.420227
0.161438	1.334839	0.117493	0.385742
0.142212	1.271362	0.122681	0.349121
0.107727	1.205750	0.122070	0.303345
0.067139	1.135864	0.125732	0.250549
0.033875	1.058350	0.128174	0.192566
0.013428	0.975647	0.130310	0.133667
-0.016479	0.882874	0.125732	0.067139
-0.040588	0.777588	0.119324	0.002136
-0.061951	0.662537	0.105896	-0.065002
-0.082397	0.543213	0.085449	-0.135498
-0.097961	0.417480	0.061646	-0.197754
-0.108643	0.284729	0.039368	-0.261536
-0.118408	0.144348	0.013428	-0.324097
-0.117188	0.000916	-0.011902	-0.380249
-0.111694	-0.146179	-0.039063	-0.433044
-0.098877	-0.294189	-0.068054	-0.479736
-0.088806	-0.436401	-0.102234	-0.522156
-0.077515	-0.568848	-0.145264	-0.563354
-0.063477	-0.685425	-0.196228	-0.597839
-0.057678	-0.789490	-0.254517	-0.625305
-0.054016	-0.882568	-0.310364	-0.642700
-0.054932	-0.970154	-0.367432	-0.651550
-0.062561	-1.047668	-0.422974	-0.656738
-0.078125	-1.114807	-0.475464	-0.658264
-0.096741	-1.171265	-0.513611	-0.652161
-0.122986	-1.217957	-0.541077	-0.638428
-0.153503	-1.252441	-0.563354	-0.616760
-0.182190	-1.271973	-0.571594	-0.587463
-0.214233	-1.282043	-0.563965	-0.552063
-0.244141	-1.284790	-0.538940	-0.512695
-0.263062	-1.278381	-0.495300	-0.471802
-0.273743	-1.264038	-0.432434	-0.424194
-0.277710	-1.238708	-0.357971	-0.372314
-0.270691	-1.199951	-0.270386	-0.318604
-0.249329	-1.148071	-0.176086	-0.260315
-0.211487	-1.087036	-0.081482	-0.201111
-0.158081	-1.016846	0.014038	-0.140076
-0.087280	-0.937500	0.107727	-0.075073
0.000916	-0.847168	0.200500	-0.010376
0.101624	-0.746765	0.296021	0.049744
0.206299	-0.637817	0.386658	0.106201
0.317993	-0.517578	0.469360	0.158081
0.435181	-0.391846	0.538635	0.205994
0.551453	-0.259705	0.598450	0.249023
0.662842	-0.120544	0.650330	0.285950
0.758667	0.023499	0.692749	0.316467
0.834656	0.167236	0.728149	0.341187
0.896912	0.303650	0.757141	0.355225
0.952759	0.434875	0.782166	0.361328
0.995178	0.561523	0.801697	0.361633
1.019287	0.681763	0.813599	0.360107
1.033936	0.798950	0.818481	0.359802
1.036987	0.908813	0.812988	0.361023
1.032410	1.011658	0.799255	0.362244
1.021118	1.103821	0.776367	0.364685
1.000366	1.181335	0.743408	0.367126
0.974426	1.247559	0.703430	0.369263
0.943298	1.300659	0.653687	0.372009
0.906372	1.341858	0.596619	0.374756
0.862732	1.372375	0.530701	0.378113
0.812683	1.391907	0.455017	0.379333
0.760193	1.403198	0.379028	0.379944
0.704346	1.404419	0.297852	0.377808
0.646057	1.393738	0.217590	0.374756
0.587769	1.367798	0.144348	0.372620
0.533447	1.325684	0.075989	0.370178
0.481873	1.269836	0.010986	0.363159
0.430298	1.201782	-0.051575	0.352173
0.381165	1.126709	-0.108643	0.338745
0.335083	1.048889	-0.163269	0.325928
0.290833	0.967407	-0.218811	0.315552
0.248413	0.882568	-0.274353	0.306396
0.209961	0.794067	-0.325623	0.299683
0.173950	0.704041	-0.374756	0.294189
0.145569	0.620422	-0.419006	0.291748
0.115967	0.539856	-0.465088	0.289612
0.082703	0.463867	-0.512390	0.289307
0.044250	0.392151	-0.557861	0.292053
0.001221	0.323181	-0.603333	0.297241
-0.043335	0.252991	-0.645142	0.305786
-0.091553	0.174866	-0.684814	0.312805
-0.137634	0.086670	-0.712891	0.318909
-0.187378	-0.011597	-0.730896	0.324097
-0.238953	-0.119324	-0.738831	0.328369
-0.285950	-0.235596	-0.735168	0.329895
-0.327454	-0.355835	-0.719299	0.326233
-0.361023	-0.477600	-0.689392	0.319824
-0.390320	-0.600586	-0.647583	0.310669
-0.415649	-0.720520	-0.594788	0.298157
-0.435486	-0.834045	-0.531006	0.279846
-0.451355	-0.941772	-0.460205	0.255737
-0.461426	-1.041260	-0.385132	0.227966
-0.465088	-1.129761	-0.310974	0.195923
-0.458984	-1.203918	-0.240784	0.161743
-0.448914	-1.264954	-0.179138	0.125427
-0.433350	-1.311951	-0.126648	0.089111
-0.410461	-1.346130	-0.084229	0.052490
-0.378723	-1.367798	-0.049744	0.016479
-0.337524	-1.377869	-0.018616	-0.020142
-0.289001	-1.377869	0.007935	-0.057373
-0.235901	-1.369934	0.027466	-0.092773
-0.176697	-1.353760	0.039978	-0.125122
-0.113220	-1.330566	0.046082	-0.155029
-0.048523	-1.300964	0.049744	-0.185547
0.015869	-1.269531	0.050049	-0.217285
0.080566	-1.239014	0.050964	-0.249023
0.143738	-1.213074	0.054626	-0.281982
0.204163	-1.192932	0.060730	-0.314941
0.264282	-1.175232	0.073547	-0.341187
0.320740	-1.156921	0.091553	-0.359497
0.376282	-1.136169	0.114136	-0.369568
0.427246	-1.111145	0.138550	-0.371094
0.469666	-1.080017	0.165405	-0.362854
0.508118	-1.042175	0.195923	-0.344543
0.543823	-0.999451	0.226440	-0.317993
0.578613	-0.950623	0.260315	-0.283813
0.609741	-0.899353	0.295715	-0.244751
0.643005	-0.842590	0.334778	-0.198669
0.672913	-0.780334	0.372620	-0.144958
0.692444	-0.715942	0.407104	-0.089417
0.704346	-0.646667	0.439453	-0.028381
0.715942	-0.572815	0.471191	0.034180
0.728455	-0.494690	0.498352	0.095215
0.742493	-0.419006	0.521240	0.154114
0.763245	-0.343323	0.542908	0.209656
0.789185	-0.266724	0.561218	0.260315
0.817261	-0.185852	0.574036	0.306396
0.848083	-0.101318	0.582275	0.352173
0.879517	-0.014954	0.581360	0.394287
0.912781	0.074463	0.574341	0.433350
0.948181	0.166016	0.558472	0.469971
0.985107	0.257874	0.535889	0.503540
1.020813	0.347290	0.505066	0.533752
1.051636	0.434875	0.471802	0.558167
1.075745	0.520325	0.437622	0.575562
1.087952	0.604248	0.399170	0.587463
1.086731	0.686035	0.357666	0.594788
1.071777	0.763550	0.314331	0.597229
1.043701	0.836487	0.270996	0.595703
1.000366	0.900269	0.226440	0.587463
0.945129	0.950623	0.184021	0.572510
0.876160	0.986328	0.141296	0.549927
0.798645	1.007690	0.103149	0.520630
0.709839	1.015015	0.062866	0.483704
0.614624	1.012573	0.020142	0.444946
0.505981	1.000977	-0.030518	0.403137
0.393677	0.984497	-0.080872	0.362244
0.274963	0.961914	-0.138245	0.316467
0.155945	0.935974	-0.193481	0.269775
0.033875	0.906067	-0.252991	0.222168
-0.086365	0.873718	-0.312500	0.175171
-0.202637	0.840454	-0.372009	0.127258
-0.311890	0.808105	-0.430908	0.079041
-0.416870	0.776978	-0.491943	0.031128
-0.512085	0.748596	-0.550537	-0.011902
-0.594788	0.722961	-0.600891	-0.052185
-0.670471	0.699158	-0.645752	-0.092468
-0.732727	0.675659	-0.678101	-0.129395
-0.783691	0.652466	-0.700989	-0.164185
-0.819092	0.628967	-0.709534	-0.195313
-0.840759	0.603333	-0.707092	-0.223389
-0.850830	0.576782	-0.693054	-0.251465
-0.850525	0.551758	-0.667725	-0.277405
-0.845337	0.528870	-0.632935	-0.300293
-0.831604	0.506287	-0.584717	-0.318909
-0.812073	0.481873	-0.525513	-0.333252
-0.787048	0.455322	-0.458984	-0.344849
-0.757446	0.426636	-0.384827	-0.350647
-0.721436	0.399170	-0.303650	-0.349121
-0.686035	0.373840	-0.222473	-0.340881
-0.648193	0.353699	-0.141907	-0.325317
-0.606995	0.338440	-0.061646	-0.303345
-0.564270	0.326538	0.013123	-0.275269
-0.517883	0.315247	0.084839	-0.242920
-0.468445	0.302429	0.153503	-0.208130
-0.413818	0.285950	0.223389	-0.171204
-0.353699	0.263977	0.292969	-0.132446
-0.291443	0.238953	0.360718	-0.096741
-0.230103	0.210571	0.422058	-0.065002
-0.162964	0.180664	0.479736	-0.036011
-0.091553	0.149231	0.531921	-0.012512
-0.015564	0.115051	0.577087	0.005798
