2020/1/9 16:31:48 40us
CH1			CH2			CH3			CH4
0.084229	0.017700	0.032959	0.066223
0.084839	0.017395	0.033569	0.066528
0.084839	0.017700	0.032959	0.066528
0.084534	0.017700	0.032654	0.066223
0.085144	0.017700	0.032959	0.066833
0.084839	0.018005	0.032959	0.066528
0.084839	0.017700	0.033875	0.066528
0.085449	0.017700	0.033264	0.066833
0.085754	0.017700	0.033569	0.066528
0.084839	0.018005	0.032654	0.066528
0.086060	0.018005	0.033875	0.066528
0.086060	0.018311	0.034485	0.066833
0.085144	0.017700	0.032959	0.066528
0.086975	0.018616	0.035095	0.066833
0.087280	0.018616	0.035400	0.066833
0.087585	0.018311	0.035706	0.066833
0.086670	0.018005	0.034485	0.066528
0.088501	0.018616	0.036316	0.067444
0.088501	0.018616	0.036011	0.066833
0.086975	0.018311	0.034485	0.066223
0.087280	0.018311	0.034790	0.066833
0.086670	0.018005	0.034485	0.066833
0.087891	0.018921	0.035400	0.066528
0.089722	0.019531	0.037537	0.067139
0.089417	0.019226	0.036621	0.066833
0.088501	0.018616	0.035095	0.066833
0.089722	0.019531	0.037537	0.067139
0.089417	0.018921	0.035706	0.066833
0.087891	0.018921	0.034485	0.066223
0.088806	0.018921	0.035095	0.066528
0.089417	0.019226	0.036316	0.066528
0.089111	0.019531	0.035400	0.066528
0.087891	0.018311	0.033569	0.066833
0.089417	0.019226	0.035400	0.066528
0.089111	0.018921	0.035400	0.066528
0.090027	0.018921	0.036316	0.067139
0.090027	0.018921	0.036011	0.067139
0.087891	0.018616	0.041809	0.066223
0.089417	0.014648	0.001831	0.066223
0.090332	0.048523	0.085144	0.067139
0.090637	-0.027466	0.176697	0.067139
0.088501	-0.002441	0.029297	0.067139
0.091248	0.122986	-0.148621	0.066833
0.087280	0.131226	-0.309753	0.067749
0.096741	0.092468	-0.322571	0.068970
0.097351	0.059509	-0.254211	0.072632
0.090942	-0.018616	-0.097656	0.067444
0.079956	-0.162659	0.105896	0.060425
0.096436	-0.353394	0.332947	0.064087
0.122681	-0.474548	0.668335	0.078125
0.121155	-0.447083	1.057434	0.083923
0.111694	-0.265808	1.470947	0.096741
0.112610	0.000916	1.879883	0.095825
0.097961	0.174866	2.278442	0.078125
0.079346	0.278931	2.615662	0.057678
0.061340	0.457764	2.799377	0.053406
0.032043	0.690002	2.876587	0.050964
0.004272	0.983887	2.809448	0.035095
0.027771	1.332092	2.753296	0.014648
0.078735	1.610413	2.581177	0.013428
0.120544	1.890869	2.334290	-0.005493
0.131226	2.182617	2.000732	-0.020752
0.155945	2.373657	1.489868	-0.008850
0.166931	2.471924	0.945740	0.029602
0.134583	2.444458	0.418091	0.059509
0.105896	2.335205	-0.195618	0.096130
0.068359	2.179260	-0.881348	0.137939
0.049438	1.915894	-1.539917	0.143433
0.028687	1.444092	-2.120056	0.133972
-0.010071	0.802612	-2.610168	0.138245
-0.060425	0.123596	-2.952271	0.167542
-0.119934	-0.574341	-3.190613	0.188904
-0.196533	-1.210327	-3.337402	0.214233
-0.283508	-1.827393	-3.367920	0.224915
-0.362854	-2.355957	-3.360901	0.208435
-0.427856	-2.719421	-3.364258	0.187988
-0.468445	-2.978210	-3.438416	0.170288
-0.469055	-3.150940	-3.559875	0.126953
-0.439453	-3.311768	-3.661499	0.085144
-0.365906	-3.435669	-3.768005	0.064392
-0.249634	-3.521118	-3.854675	0.056458
-0.127869	-3.538818	-3.904419	0.061646
0.026245	-3.492432	-3.942871	0.068665
0.210571	-3.438110	-3.969727	0.077209
0.419922	-3.378601	-4.012146	0.078735
0.657043	-3.298340	-4.035034	0.107422
0.928650	-3.195801	-3.999939	0.140686
1.179504	-3.098145	-3.901062	0.179749
1.392517	-2.969360	-3.666382	0.227051
1.607361	-2.841797	-3.339844	0.279541
1.809692	-2.704468	-2.997742	0.331421
2.007141	-2.518616	-2.662659	0.391235
2.220459	-2.297974	-2.349548	0.444946
2.388916	-2.075500	-2.050781	0.485535
2.488098	-1.886902	-1.713867	0.528564
2.544556	-1.743469	-1.333313	0.572205
2.578125	-1.536255	-0.971680	0.609436
2.584534	-1.217651	-0.634460	0.632324
2.564087	-0.778503	-0.324402	0.645752
2.511597	-0.311584	0.003662	0.647583
2.424011	0.136719	0.394592	0.644531
2.337341	0.586853	0.869446	0.625000
2.257996	1.077271	1.431580	0.601196
2.195740	1.589355	2.053833	0.565796
2.144165	2.030029	2.704468	0.505371
2.097778	2.370911	3.340454	0.440674
2.047424	2.600403	3.945618	0.377502
2.000732	2.735901	4.450378	0.292969
1.988525	2.824402	4.845276	0.178833
1.989136	2.905579	5.145874	0.037231
2.000122	2.958374	5.336914	-0.136719
2.005615	2.954407	5.384521	-0.306396
1.975708	2.920532	5.298157	-0.444031
1.919556	2.846069	5.137024	-0.556335
1.875305	2.696228	4.911194	-0.665283
1.841431	2.510986	4.584961	-0.764771
1.804199	2.356262	4.182129	-0.851135
1.752625	2.244263	3.650513	-0.920105
1.680298	2.153015	2.984314	-0.967102
1.576233	2.014771	2.278748	-0.991211
1.426697	1.804199	1.601257	-0.987549
1.238098	1.545715	0.983276	-0.948181
1.027527	1.287231	0.412903	-0.877686
0.795593	1.033325	-0.090027	-0.782166
0.537415	0.794983	-0.480652	-0.662537
0.276489	0.582886	-0.747681	-0.524902
0.021057	0.377808	-0.913696	-0.368347
-0.215149	0.173035	-0.987854	-0.203857
-0.414429	-0.013733	-0.998840	-0.042419
-0.567932	-0.174561	-0.972595	0.096741
-0.700989	-0.322266	-0.898438	0.208435
-0.813293	-0.454407	-0.771484	0.302429
-0.894775	-0.565796	-0.627441	0.390930
-0.948792	-0.628357	-0.495911	0.482178
-0.975037	-0.641479	-0.399780	0.555115
-0.971985	-0.608215	-0.331421	0.578003
-0.970154	-0.549622	-0.289307	0.576172
-0.991821	-0.503235	-0.268250	0.591736
-1.035156	-0.473328	-0.266113	0.630798
-1.074219	-0.461731	-0.303040	0.663757
-1.099243	-0.466614	-0.398865	0.676575
-1.150513	-0.496521	-0.569458	0.675964
-1.223755	-0.555115	-0.807800	0.696716
-1.307068	-0.620422	-1.077576	0.722046
-1.437683	-0.663147	-1.344910	0.712585
-1.641541	-0.671692	-1.543579	0.665588
-1.917725	-0.680847	-1.662903	0.597534
-2.183533	-0.718079	-1.684875	0.515747
-2.447510	-0.769653	-1.639404	0.409241
-2.762146	-0.784912	-1.536865	0.270996
-3.125610	-0.718994	-1.392212	0.112000
-3.519287	-0.568848	-1.203918	-0.060425
-3.889465	-0.349731	-0.954895	-0.237427
-4.208069	-0.094604	-0.693665	-0.414734
-4.480286	0.162659	-0.444641	-0.596924
-4.716797	0.397339	-0.194702	-0.768738
-4.924011	0.578613	0.061951	-0.916748
-5.126648	0.704956	0.321045	-1.041260
-5.345764	0.819397	0.580139	-1.153564
-5.546570	0.935974	0.826721	-1.259766
-5.676880	1.049805	1.034851	-1.341248
-5.723877	1.141663	1.195374	-1.386719
-5.711365	1.189575	1.330261	-1.394958
-5.641785	1.175842	1.463623	-1.374817
-5.515137	1.073914	1.576843	-1.336060
-5.330811	0.906677	1.644897	-1.292419
-5.103149	0.713501	1.644592	-1.239624
-4.859314	0.518799	1.572266	-1.167603
-4.615479	0.319519	1.441956	-1.072388
-4.375305	0.107727	1.263428	-0.951233
-4.112244	-0.105591	1.060181	-0.820923
-3.808594	-0.289612	0.844116	-0.700989
-3.468933	-0.417786	0.628967	-0.602417
-3.102112	-0.477295	0.444946	-0.500793
-2.734985	-0.466919	0.323486	-0.376282
-2.391968	-0.408325	0.270996	-0.221252
-2.083740	-0.311584	0.285034	-0.052795
-1.805115	-0.185547	0.342102	0.117493
-1.542664	-0.057983	0.427551	0.283813
-1.263733	0.052185	0.556946	0.455627
-0.944824	0.149536	0.751953	0.643616
-0.599060	0.231628	1.017761	0.840759
-0.230103	0.288391	1.353760	1.032410
0.162964	0.306702	1.727600	1.212158
0.590210	0.303955	2.091675	1.360168
1.052856	0.325317	2.425842	1.478882
1.528931	0.394592	2.706299	1.571045
1.991882	0.501099	2.915344	1.637878
2.410889	0.607910	3.071594	1.674500
2.788391	0.683594	3.191528	1.683655
3.151855	0.725098	3.257141	1.661682
3.497314	0.750427	3.232422	1.619263
3.808594	0.786133	3.095703	1.562805
4.038391	0.841675	2.848816	1.494141
4.165344	0.905151	2.526245	1.415100
4.197083	0.971985	2.169495	1.313477
4.158936	1.041260	1.807556	1.182251
4.064636	1.114807	1.443481	1.020813
3.922424	1.195068	1.094360	0.837097
3.725891	1.271667	0.766296	0.648804
3.476563	1.333313	0.479736	0.474243
3.186951	1.378479	0.248108	0.324097
2.877808	1.420288	0.071106	0.188293
2.564392	1.465759	-0.067139	0.051575
2.241211	1.519775	-0.181580	-0.091553
1.907349	1.571655	-0.281982	-0.232239
1.567078	1.583862	-0.370789	-0.370483
1.222534	1.531982	-0.450439	-0.500488
0.881348	1.420288	-0.534363	-0.628662
0.557556	1.288757	-0.634766	-0.756531
0.250549	1.165466	-0.755615	-0.872192
-0.033875	1.067200	-0.898438	-0.961304
-0.295410	0.970764	-1.071777	-1.011353
-0.546265	0.836792	-1.284485	-1.027832
-0.774231	0.643616	-1.519775	-1.029358
-0.971985	0.388184	-1.765442	-1.022339
-1.150208	0.076599	-2.004089	-1.008911
-1.311646	-0.261230	-2.239990	-0.988464
-1.470642	-0.597839	-2.491455	-0.946655
-1.634521	-0.915222	-2.756958	-0.873718
-1.800537	-1.223145	-3.008423	-0.782471
-1.943359	-1.537476	-3.236389	-0.683594
-2.045898	-1.861572	-3.431396	-0.583191
-2.102356	-2.187500	-3.590698	-0.485229
-2.104797	-2.490234	-3.702393	-0.381470
-2.089233	-2.742310	-3.756714	-0.267029
-2.057800	-2.934570	-3.757629	-0.146484
-2.002258	-3.075867	-3.726196	-0.030212
-1.913452	-3.166504	-3.690796	0.085449
-1.773376	-3.215637	-3.656311	0.202332
-1.627808	-3.221436	-3.601685	0.320129
-1.466980	-3.193054	-3.502808	0.437317
-1.293030	-3.140869	-3.345642	0.551453
-1.097412	-3.072205	-3.131714	0.650330
-0.877991	-2.984009	-2.881775	0.732422
-0.641785	-2.873230	-2.615356	0.796204
-0.407715	-2.750244	-2.351990	0.843506
-0.201111	-2.619324	-2.113647	0.886536
0.005493	-2.487793	-1.893616	0.923157
0.223694	-2.354126	-1.688232	0.940247
0.462646	-2.224121	-1.493835	0.933533
0.716553	-2.089539	-1.321106	0.903625
0.976563	-1.952209	-1.172791	0.857849
1.219482	-1.812744	-1.058655	0.802307
1.449585	-1.657410	-0.961914	0.747986
1.677551	-1.477661	-0.875854	0.695496
1.911926	-1.260681	-0.782776	0.633850
2.148438	-0.997620	-0.684814	0.556335
2.389221	-0.698853	-0.574036	0.463257
2.604980	-0.389709	-0.450745	0.359802
2.783813	-0.088806	-0.317688	0.259399
2.928772	0.199890	-0.174561	0.166931
3.028870	0.483093	-0.031433	0.082703
3.096008	0.765381	0.117798	-0.002441
3.132629	1.049194	0.271301	-0.086670
3.146057	1.326294	0.442200	-0.164490
3.147583	1.575317	0.646667	-0.233765
3.151550	1.780701	0.898743	-0.297852
3.163147	1.931763	1.199341	-0.355530
3.185120	2.041626	1.524963	-0.401001
3.218994	2.126160	1.850586	-0.437317
3.252869	2.203674	2.158508	-0.453491
3.269043	2.282715	2.442017	-0.452881
3.263855	2.352905	2.685242	-0.437927
3.246460	2.394409	2.877808	-0.414124
3.227844	2.394409	3.012390	-0.393677
3.218384	2.346497	3.090210	-0.366821
3.212891	2.260132	3.110352	-0.328979
3.192444	2.142029	3.071899	-0.264587
3.145447	2.006226	2.988281	-0.173645
3.067322	1.864014	2.870789	-0.061035
2.974854	1.720581	2.720642	0.061951
2.863159	1.577148	2.539368	0.190430
2.747192	1.435547	2.340698	0.318298
2.619324	1.281738	2.133484	0.445862
2.480774	1.117554	1.941223	0.566101
2.337036	0.941162	1.777649	0.669250
2.198486	0.749817	1.632690	0.757446
2.062683	0.551453	1.490784	0.827026
1.925354	0.360107	1.336060	0.876160
1.788025	0.179749	1.166382	0.909119
1.643372	0.005188	0.993652	0.927124
1.495667	-0.171204	0.834045	0.928955
1.352234	-0.347900	0.693054	0.912476
1.219788	-0.509033	0.567627	0.874634
1.095276	-0.643616	0.439453	0.818176
0.966492	-0.740051	0.292053	0.744934
0.823975	-0.797729	0.117188	0.665588
0.663147	-0.830383	-0.088501	0.581970
0.497742	-0.845337	-0.314636	0.492859
0.326843	-0.858459	-0.556946	0.396118
0.144653	-0.878296	-0.804443	0.286865
-0.058289	-0.903320	-1.048889	0.167847
-0.289307	-0.932617	-1.287537	0.055542
-0.546265	-0.955200	-1.521912	-0.054932
-0.823975	-0.960083	-1.750488	-0.173035
-1.110535	-0.940552	-1.967163	-0.283203
-1.392212	-0.890503	-2.157288	-0.388489
-1.674194	-0.807495	-2.309875	-0.494690
-1.937256	-0.697021	-2.425232	-0.580750
-2.194824	-0.577393	-2.498474	-0.651855
-2.452087	-0.456238	-2.529602	-0.718384
-2.684021	-0.336609	-2.516785	-0.795898
-2.902527	-0.211182	-2.465210	-0.896301
-3.097229	-0.078125	-2.379150	-0.998535
-3.258057	0.065002	-2.257690	-1.075439
-3.397522	0.211182	-2.095947	-1.102600
-3.527832	0.345459	-1.889648	-1.099243
-3.651428	0.454712	-1.634216	-1.117859
-3.727417	0.524902	-1.334534	-1.137085
-3.752441	0.558777	-1.005249	-1.116943
-3.770752	0.563354	-0.657654	-1.051025
-3.757324	0.552368	-0.294495	-0.971985
-3.709106	0.520630	0.074463	-0.887146
-3.648987	0.475464	0.440979	-0.782166
-3.559265	0.404053	0.802307	-0.633240
-3.431702	0.304260	1.143799	-0.458374
-3.305054	0.194397	1.466675	-0.295410
-3.216248	0.092163	1.772156	-0.146179
-3.117065	0.019226	2.063904	0.011902
-2.944946	-0.034180	2.325134	0.191040
-2.708130	-0.064087	2.547607	0.361023
-2.479248	-0.061035	2.723999	0.496826
-2.280579	-0.005493	2.856750	0.601501
-2.117004	0.089417	2.947083	0.689392
-1.932068	0.186768	3.014221	0.758972
-1.672668	0.261841	3.063049	0.812073
-1.351929	0.317993	3.084717	0.831909
-1.001282	0.373535	3.068542	0.824585
-0.656738	0.442200	3.012695	0.812378
-0.349731	0.511780	2.910767	0.794678
-0.096436	0.566406	2.767029	0.764771
0.135803	0.602722	2.610168	0.735779
0.384216	0.630188	2.461853	0.709534
0.631104	0.658875	2.322998	0.688171
0.863342	0.681152	2.200928	0.655823
1.087646	0.679321	2.092285	0.613708
1.285706	0.647888	1.989441	0.567017
1.447754	0.593872	1.876221	0.505676
1.559143	0.541382	1.741333	0.426636
1.623535	0.496216	1.573181	0.339355
1.657104	0.444946	1.371460	0.259094
1.685486	0.377808	1.151733	0.201111
1.721497	0.302734	0.932312	0.158997
1.761169	0.233154	0.723877	0.098267
1.798401	0.177002	0.536194	0.008850
1.838379	0.145874	0.369568	-0.083008
1.862488	0.144958	0.211792	-0.143433
1.851807	0.166321	0.054016	-0.177612
1.787109	0.203857	-0.091248	-0.206909
1.664429	0.252380	-0.223694	-0.245361
1.491394	0.290222	-0.348511	-0.290527
1.297302	0.295105	-0.470276	-0.337219
1.108398	0.281982	-0.588684	-0.374146
0.921631	0.283813	-0.707703	-0.394897
0.727234	0.314331	-0.816956	-0.393677
0.531311	0.363464	-0.903625	-0.367737
0.356750	0.412903	-0.960999	-0.322571
0.217896	0.456848	-0.986023	-0.267029
0.103760	0.504150	-0.977783	-0.204773
-0.003357	0.556030	-0.955811	-0.142212
-0.118103	0.607910	-0.922852	-0.081177
-0.236511	0.646667	-0.870361	-0.019226
-0.332031	0.666199	-0.794678	0.042114
-0.399170	0.664978	-0.709839	0.104370
-0.471497	0.655212	-0.630188	0.169067
-0.578003	0.636902	-0.547791	0.230103
-0.715942	0.603333	-0.456543	0.288086
-0.856934	0.539246	-0.352173	0.338440
-0.970459	0.439148	-0.238953	0.383301
-1.035461	0.321350	-0.122681	0.419006
-1.059875	0.210571	-0.014038	0.448914
-1.066284	0.114136	0.069275	0.475159
-1.046753	0.025024	0.125427	0.508423
-1.002502	-0.063171	0.146179	0.549622
-0.934143	-0.146484	0.136414	0.585327
-0.838318	-0.221252	0.102539	0.599365
-0.711975	-0.283508	0.053711	0.589905
-0.565491	-0.332642	-0.023193	0.561829
-0.402527	-0.363770	-0.126953	0.527039
-0.232239	-0.377808	-0.270386	0.482483
-0.055542	-0.376892	-0.454712	0.422058
0.122986	-0.371704	-0.671692	0.345764
0.312805	-0.363770	-0.886230	0.264893
0.503235	-0.356445	-1.094360	0.194702
0.695496	-0.350037	-1.292419	0.141602
0.876160	-0.347900	-1.486511	0.101013
1.031494	-0.352478	-1.664429	0.065613
1.166687	-0.379028	-1.819153	0.025940
1.270752	-0.428772	-1.944885	-0.018311
1.354675	-0.483093	-2.055969	-0.059814
1.417236	-0.524292	-2.158508	-0.090942
1.461182	-0.552063	-2.243042	-0.110168
1.490784	-0.582886	-2.295532	-0.123291
1.514587	-0.626831	-2.304077	-0.140076
1.538391	-0.681458	-2.273254	-0.169067
1.558228	-0.737305	-2.219849	-0.209045
1.570129	-0.781555	-2.151184	-0.251160
1.569824	-0.802612	-2.067566	-0.283813
1.558228	-0.802612	-1.964722	-0.301819
1.548767	-0.794983	-1.842651	-0.307617
1.561890	-0.787659	-1.701965	-0.300598
1.598511	-0.786438	-1.541748	-0.279541
1.643066	-0.791016	-1.367798	-0.243530
1.683044	-0.796509	-1.183472	-0.192261
1.721802	-0.798340	-0.993958	-0.129700
1.767578	-0.791931	-0.807800	-0.065002
1.824646	-0.773315	-0.612793	-0.003357
1.876526	-0.747070	-0.414124	0.048523
1.901245	-0.720825	-0.219421	0.092468
1.889038	-0.696106	-0.032349	0.131531
1.852722	-0.668640	0.152588	0.169067
1.806335	-0.638428	0.331421	0.202637
1.764526	-0.603943	0.506592	0.231628
1.731262	-0.560303	0.670166	0.257874
1.697998	-0.496826	0.818176	0.281372
1.653748	-0.415039	0.942688	0.299072
1.599121	-0.321960	1.045837	0.312500
1.539612	-0.237122	1.130981	0.320740
1.490479	-0.174561	1.218262	0.322571
1.459961	-0.138855	1.315002	0.308838
1.443787	-0.122070	1.416626	0.286255
1.431274	-0.108032	1.510010	0.264893
1.410522	-0.090027	1.580505	0.241699
1.385193	-0.067749	1.625671	0.223083
1.347961	-0.048828	1.643677	0.203552
1.296692	-0.039063	1.634827	0.178528
1.250000	-0.036316	1.599426	0.160522
1.204529	-0.039063	1.528931	0.154114
1.173096	-0.044556	1.427307	0.157166
1.171265	-0.050659	1.295776	0.161438
1.200867	-0.053406	1.136169	0.162659
1.256104	-0.046692	0.947266	0.157471
1.326294	-0.033875	0.736389	0.144348
1.398621	-0.010681	0.507507	0.126343
1.468506	0.028992	0.271301	0.110474
1.516113	0.083923	0.032654	0.093079
1.538391	0.148315	-0.195007	0.068359
1.547546	0.218506	-0.400085	0.033875
1.543884	0.290833	-0.577698	-0.007019
1.522217	0.363159	-0.727234	-0.044556
1.476440	0.440369	-0.849915	-0.070496
1.407166	0.523987	-0.940247	-0.083618
1.317139	0.610352	-0.986938	-0.083008
1.224976	0.690002	-0.978394	-0.068359
1.131592	0.753479	-0.916748	-0.041504
1.027222	0.796814	-0.815430	-0.001831
0.910339	0.832520	-0.685730	0.048828
0.785828	0.872498	-0.542908	0.104980
0.675354	0.920715	-0.393982	0.165405
0.577698	0.974426	-0.255432	0.229492
0.494385	1.032104	-0.124207	0.298767
0.420532	1.085510	-0.003967	0.369263
0.342407	1.132507	0.104370	0.437012
0.255127	1.165771	0.205078	0.499573
0.161133	1.181335	0.297546	0.552368
0.069580	1.182556	0.381775	0.590210
-0.007019	1.177979	0.463562	0.607300
-0.078735	1.169128	0.536499	0.613098
-0.158081	1.154785	0.595398	0.589600
-0.244446	1.130981	0.645142	0.541382
-0.340576	1.085510	0.688477	0.498657
-0.445251	1.013184	0.728760	0.460815
-0.551758	0.914917	0.769653	0.415649
-0.650330	0.798645	0.814209	0.373230
-0.763245	0.677795	0.856628	0.306702
-0.883484	0.564880	0.890198	0.228271
-1.001587	0.469666	0.912170	0.163269
-1.118774	0.390930	0.915833	0.089417
-1.243286	0.316467	0.917969	0.016479
-1.356201	0.242310	0.921326	-0.055237
-1.454773	0.166626	0.924072	-0.116882
-1.560059	0.086060	0.914917	-0.167236
-1.669922	0.001221	0.892639	-0.215149
-1.764221	-0.078735	0.856628	-0.263977
-1.824646	-0.144653	0.791626	-0.308228
-1.894836	-0.217590	0.706482	-0.349121
-1.957397	-0.306091	0.603638	-0.376587
-2.015076	-0.415344	0.488586	-0.401917
-2.077332	-0.526733	0.365295	-0.428162
-2.132568	-0.639648	0.243835	-0.442505
-2.172241	-0.762634	0.126953	-0.465393
-2.203979	-0.893555	0.007935	-0.497742
-2.199097	-1.026611	-0.119019	-0.533142
-2.167053	-1.143494	-0.251465	-0.571289
-2.123108	-1.244202	-0.385437	-0.596619
-2.085876	-1.333008	-0.517578	-0.618591
-2.048950	-1.411438	-0.636292	-0.633240
-2.005310	-1.483765	-0.733337	-0.638733
-1.944580	-1.541748	-0.807800	-0.629578
-1.862793	-1.585083	-0.862427	-0.610657
-1.757507	-1.608276	-0.893860	-0.570679
-1.624451	-1.602478	-0.905457	-0.527039
-1.470337	-1.562500	-0.895996	-0.479736
-1.291504	-1.498108	-0.841980	-0.419312
-1.119080	-1.419983	-0.749207	-0.354614
-0.952454	-1.333008	-0.617981	-0.283508
-0.790405	-1.241455	-0.456848	-0.202637
-0.637207	-1.145935	-0.263367	-0.118713
-0.488892	-1.045532	-0.051575	-0.036011
-0.336304	-0.931702	0.173645	0.039978
-0.174255	-0.804138	0.413513	0.111389
-0.023804	-0.664063	0.652466	0.180664
0.112915	-0.509033	0.890503	0.251465
0.225830	-0.349426	1.113281	0.323486
0.328064	-0.185547	1.321106	0.389709
0.404053	-0.027161	1.503601	0.441895
0.460815	0.133667	1.652527	0.484924
0.512085	0.303040	1.772461	0.515747
0.545044	0.484009	1.850281	0.533447
0.569153	0.686646	1.886597	0.545959
0.584717	0.895081	1.875916	0.552368
0.592651	1.101074	1.824646	0.556946
0.603333	1.287231	1.752014	0.561523
0.616760	1.450500	1.670837	0.561523
0.631104	1.600952	1.586304	0.555725
0.644531	1.742859	1.497803	0.547485
0.659180	1.874390	1.399536	0.529175
0.680847	1.992493	1.309814	0.503235
0.703125	2.090454	1.222229	0.467529
0.727234	2.166138	1.147156	0.431213
0.747070	2.209473	1.081848	0.399475
0.759277	2.221985	1.023865	0.369568
0.763855	2.207642	0.970154	0.337524
0.766907	2.168884	0.924377	0.305176
0.763855	2.107849	0.874634	0.266724
0.755920	2.033081	0.805054	0.223999
0.742493	1.949463	0.715637	0.182495
0.716248	1.852722	0.594177	0.144043
0.673523	1.748657	0.453491	0.114746
0.613098	1.628418	0.292969	0.095825
0.540466	1.491699	0.119629	0.086975
0.465393	1.347961	-0.064697	0.085144
0.387268	1.197510	-0.262756	0.088196
0.307922	1.045227	-0.474548	0.096741
0.234375	0.897217	-0.704346	0.111389
0.166016	0.751953	-0.948792	0.129089
0.101318	0.600586	-1.192932	0.145264
0.047607	0.437012	-1.416016	0.157471
-0.002441	0.260925	-1.610718	0.167847
-0.052490	0.075684	-1.779480	0.181274
-0.094910	-0.108032	-1.921387	0.195313
-0.130310	-0.281067	-2.042236	0.208740
-0.154724	-0.436401	-2.137146	0.220337
-0.164185	-0.569458	-2.199097	0.228271
-0.163574	-0.679626	-2.229004	0.228271
-0.156250	-0.765686	-2.225952	0.220947
-0.151062	-0.834351	-2.200012	0.205994
-0.145569	-0.892029	-2.151184	0.183716
-0.134277	-0.943604	-2.078552	0.155334
-0.114746	-0.990906	-1.987610	0.118408
-0.087891	-1.033325	-1.879578	0.069580
-0.064087	-1.068420	-1.762695	0.013123
-0.053101	-1.096497	-1.651001	-0.048523
-0.046387	-1.121826	-1.538391	-0.110779
-0.046082	-1.147766	-1.419983	-0.173950
-0.051270	-1.180725	-1.300049	-0.239258
-0.059509	-1.219788	-1.174622	-0.300598
-0.072021	-1.259766	-1.046753	-0.354614
-0.091248	-1.290894	-0.927124	-0.405884
-0.123291	-1.307068	-0.827332	-0.453491
-0.159607	-1.306152	-0.744934	-0.495911
-0.200806	-1.291809	-0.684204	-0.530396
-0.241394	-1.271057	-0.640259	-0.558777
-0.278320	-1.250000	-0.608826	-0.580139
-0.314026	-1.226501	-0.584412	-0.595093
-0.348816	-1.194153	-0.561829	-0.601196
-0.377808	-1.148376	-0.539551	-0.597839
-0.396118	-1.086426	-0.512695	-0.590820
-0.399780	-1.006470	-0.476990	-0.580444
-0.385437	-0.913086	-0.430908	-0.565796
-0.353699	-0.813904	-0.378418	-0.540161
-0.304871	-0.713806	-0.312195	-0.501404
-0.241089	-0.619812	-0.225830	-0.454407
-0.156250	-0.535889	-0.113220	-0.404053
-0.053101	-0.466614	0.015869	-0.351257
0.068970	-0.412903	0.157166	-0.296021
0.210571	-0.368347	0.307312	-0.238342
0.360718	-0.329895	0.450439	-0.180664
0.519104	-0.290833	0.592346	-0.118713
0.675354	-0.253296	0.726013	-0.052795
0.829773	-0.218811	0.855103	0.018311
0.980225	-0.185852	0.982666	0.093079
1.125488	-0.151672	1.100464	0.172729
1.265564	-0.112305	1.197510	0.254517
1.398926	-0.062561	1.264343	0.337219
1.532898	0.000000	1.300964	0.421448
1.666565	0.071411	1.304932	0.491333
1.799011	0.151062	1.284790	0.554810
1.928711	0.238037	1.246338	0.617676
2.037354	0.327148	1.193848	0.670471
2.138367	0.415039	1.133423	0.719910
2.221375	0.504761	1.063538	0.762329
2.278442	0.594177	0.988159	0.789490
2.331238	0.687561	0.913391	0.807800
2.366943	0.782776	0.844116	0.816040
2.378540	0.874939	0.780945	0.813599
2.367554	0.959167	0.724487	0.803528
2.340698	1.031494	0.679016	0.790710
2.289124	1.086121	0.643921	0.772095
2.205811	1.116943	0.618896	0.742188
2.098999	1.129150	0.599365	0.705566
1.982422	1.134033	0.579834	0.664063
1.849060	1.140747	0.549622	0.616150
1.694031	1.148987	0.510559	0.561218
1.529846	1.154175	0.461121	0.503540
1.351624	1.150513	0.397949	0.438843
1.163330	1.136780	0.325012	0.373230
0.975037	1.108398	0.244141	0.311890
0.774231	1.065063	0.155640	0.248718
0.565491	1.009827	0.061340	0.185242
0.356445	0.947571	-0.039978	0.121155
0.154114	0.878296	-0.143127	0.055237
-0.043335	0.798340	-0.249634	-0.010376
-0.240479	0.709229	-0.355530	-0.075989
-0.437317	0.611572	-0.458679	-0.142212
-0.631714	0.508423	-0.552368	-0.204163
-0.823975	0.399780	-0.633240	-0.263062
-1.009521	0.285034	-0.702515	-0.316772
-1.187439	0.168762	-0.768738	-0.362549
-1.360474	0.055847	-0.836182	-0.401917
-1.524963	-0.048523	-0.900269	-0.431824
-1.685791	-0.146484	-0.957947	-0.450134
-1.840515	-0.239563	-1.012573	-0.456543
-1.984558	-0.332336	-1.060791	-0.449829
-2.113037	-0.428772	-1.094055	-0.434265
-2.225952	-0.529175	-1.105347	-0.412292
-2.320862	-0.630493	-1.093140	-0.385132
-2.398376	-0.729675	-1.068726	-0.352173
-2.457581	-0.822144	-1.030579	-0.310974
-2.493591	-0.911560	-0.977783	-0.262451
-2.507019	-0.996704	-0.906677	-0.209961
-2.500916	-1.081238	-0.819702	-0.154724
-2.473755	-1.167297	-0.714111	-0.095215
-2.430115	-1.255188	-0.597229	-0.032043
-2.362976	-1.344299	-0.476074	0.033264
-2.275085	-1.428223	-0.354309	0.091553
-2.175598	-1.503601	-0.239258	0.137329
-2.060852	-1.561890	-0.124512	0.174561
-1.931458	-1.600647	-0.016479	0.202026
-1.788025	-1.623840	0.082703	0.221252
-1.633301	-1.631470	0.173645	0.234680
-1.465149	-1.619873	0.260010	0.242615
-1.286926	-1.588135	0.344543	0.244751
-1.108704	-1.538696	0.417175	0.237122
-0.922241	-1.471558	0.483093	0.221558
-0.732422	-1.382446	0.536194	0.196228
-0.544739	-1.271362	0.582581	0.166321
-0.366516	-1.143494	0.619507	0.132751
-0.194092	-1.009827	0.652161	0.097961
-0.034485	-0.876770	0.677185	0.061951
0.113220	-0.751648	0.703125	0.027771
0.243835	-0.633240	0.729370	-0.004578
0.356445	-0.516968	0.757141	-0.034485
0.446167	-0.401306	0.777283	-0.064087
0.522156	-0.285950	0.800171	-0.092163
0.580139	-0.171814	0.820007	-0.118408
0.619202	-0.065613	0.842896	-0.139771
0.637512	0.031433	0.869751	-0.157776
0.636902	0.121765	0.900574	-0.174561
0.622864	0.207825	0.932007	-0.187378
0.601807	0.290527	0.963440	-0.195618
0.579529	0.370178	0.993958	-0.198364
0.557251	0.446472	1.012573	-0.198364
0.545044	0.521545	1.029053	-0.194092
0.533142	0.590515	1.034546	-0.186768
0.524292	0.656128	1.040039	-0.173645
0.514832	0.714722	1.040649	-0.155945
0.511475	0.762939	1.039124	-0.133972
0.509949	0.802002	1.034241	-0.108032
0.509949	0.833740	1.024475	-0.077515
0.512695	0.861816	1.007385	-0.039368
0.513306	0.883484	0.975647	0.006104
0.513916	0.898438	0.929565	0.054321
0.508423	0.904846	0.871277	0.104370
0.493164	0.898132	0.800171	0.155334
0.469055	0.877991	0.723572	0.208130
0.437622	0.846558	0.642090	0.260315
0.396118	0.806580	0.549011	0.309143
0.345459	0.763550	0.445862	0.355225
0.284424	0.720215	0.329285	0.396118
0.217896	0.675659	0.203857	0.431519
0.148621	0.628662	0.074463	0.460510
0.077209	0.579224	-0.052795	0.483093
0.003357	0.526428	-0.175781	0.502625
-0.075989	0.464478	-0.293579	0.516663
-0.155334	0.397644	-0.401306	0.523987
-0.231628	0.328674	-0.495911	0.523682
-0.307007	0.259705	-0.581665	0.515442
-0.379944	0.197449	-0.654297	0.500793
-0.449219	0.143738	-0.718689	0.480347
-0.509338	0.098572	-0.770569	0.456238
-0.560303	0.058899	-0.812988	0.428162
-0.604553	0.023193	-0.848083	0.396118
-0.639343	-0.009460	-0.875549	0.360718
-0.666504	-0.037537	-0.896301	0.320740
-0.685120	-0.053101	-0.913391	0.274658
-0.700684	-0.054016	-0.938110	0.220642
-0.709839	-0.039368	-0.971985	0.160522
-0.708008	-0.010071	-1.011963	0.097351
-0.700378	0.028076	-1.059265	0.030823
-0.687256	0.070496	-1.107483	-0.037537
-0.671692	0.114136	-1.157837	-0.106506
-0.653992	0.160522	-1.204529	-0.175171
-0.634460	0.209656	-1.244507	-0.240479
-0.614929	0.260925	-1.276245	-0.303040
-0.599060	0.309753	-1.299744	-0.359802
-0.582275	0.357361	-1.305847	-0.410461
-0.569458	0.398254	-1.295776	-0.453186
-0.560608	0.427551	-1.262817	-0.485840
-0.560303	0.442200	-1.213074	-0.507507
-0.556946	0.441589	-1.137390	-0.518799
-0.548401	0.429688	-1.037903	-0.521545
-0.533447	0.406494	-0.920410	-0.516052
-0.512695	0.375366	-0.790100	-0.502930
-0.487366	0.339355	-0.653076	-0.485535
-0.453796	0.302429	-0.506287	-0.463257
-0.413513	0.265503	-0.350647	-0.437317
-0.369568	0.226440	-0.194702	-0.407410
-0.319214	0.186157	-0.038147	-0.372314
-0.260010	0.144348	0.118713	-0.331116
-0.188904	0.104980	0.266418	-0.286865
-0.106201	0.066528	0.400085	-0.232849
-0.010681	0.032043	0.517273	-0.184021
0.091248	-0.000916	0.612488	-0.138550
0.201721	-0.037231	0.691833	-0.085449
0.310669	-0.076904	0.758057	-0.035095
0.422974	-0.120850	0.807800	0.015869
0.532837	-0.168762	0.846252	0.066833
0.628662	-0.218506	0.872498	0.110168
0.720825	-0.267029	0.884094	0.145874
0.806580	-0.311890	0.880432	0.176392
0.882568	-0.350342	0.862732	0.198364
0.949402	-0.387878	0.836182	0.213928
1.017761	-0.420837	0.798035	0.224915
1.074829	-0.449524	0.749512	0.232849
1.117249	-0.479431	0.695801	0.232849
1.145020	-0.510864	0.641174	0.227966
1.166077	-0.540466	0.581970	0.216370
1.183167	-0.562134	0.519409	0.202026
1.182556	-0.573120	0.454407	0.181885
1.179199	-0.574951	0.389099	0.160217
1.169128	-0.567627	0.325928	0.135498
1.148987	-0.552979	0.266724	0.110474
1.125183	-0.535889	0.213623	0.090942
1.089783	-0.519409	0.168152	0.070801
1.040039	-0.502319	0.128479	0.049438
0.981445	-0.479736	0.090027	0.030212
0.921936	-0.449524	0.053711	0.010986
0.861816	-0.411682	0.016785	-0.006409
0.791626	-0.367737	-0.025635	-0.024414
0.714417	-0.319214	-0.071716	-0.044250
0.633850	-0.264587	-0.119324	-0.062561
0.551758	-0.208130	-0.165710	-0.080261
0.471191	-0.152283	-0.212708	-0.094604
0.393066	-0.095215	-0.262146	-0.106506
0.319214	-0.031128	-0.313110	-0.118713
0.253296	0.042419	-0.361938	-0.128479
0.192261	0.120850	-0.406494	-0.134583
0.132446	0.202637	-0.446167	-0.136414
0.076599	0.284119	-0.482178	-0.131836
0.025940	0.360718	-0.506897	-0.120239
-0.026245	0.430298	-0.513000	-0.100403
-0.076599	0.489502	-0.502014	-0.075378
-0.118103	0.543518	-0.471497	-0.043640
-0.155640	0.591125	-0.424194	-0.004272
-0.189209	0.635681	-0.361938	0.041199
-0.225220	0.676880	-0.288696	0.088806
-0.258179	0.716553	-0.202332	0.139465
-0.293884	0.746765	-0.111084	0.189819
-0.330505	0.769348	-0.013428	0.241089
-0.368347	0.784607	0.081787	0.294495
-0.403137	0.796814	0.174561	0.343933
-0.439758	0.803223	0.260620	0.384827
-0.481567	0.806885	0.329895	0.417175
-0.521240	0.806580	0.380859	0.440674
-0.556946	0.797729	0.409241	0.458984
-0.582581	0.781860	0.429993	0.473633
-0.601501	0.756226	0.436707	0.484009
-0.616150	0.721741	0.428467	0.491943
-0.622559	0.678711	0.408936	0.498047
-0.619812	0.625305	0.375671	0.499878
-0.607300	0.564575	0.332947	0.498962
-0.587463	0.499878	0.285339	0.494385
-0.562134	0.427856	0.233459	0.488586
-0.528259	0.349426	0.180664	0.483093
-0.487671	0.263062	0.126648	0.475769
-0.438232	0.167542	0.076294	0.465393
-0.385132	0.068054	0.036926	0.451355
-0.333862	-0.035095	0.000305	0.432129
-0.280762	-0.135193	-0.028992	0.407715
-0.232239	-0.228271	-0.057983	0.377197
-0.184631	-0.311279	-0.080566	0.342407
-0.143433	-0.385742	-0.101318	0.303345
-0.109863	-0.454407	-0.117493	0.259705
-0.086670	-0.519409	-0.128174	0.211182
-0.072021	-0.580139	-0.134888	0.158386
-0.066223	-0.638733	-0.136719	0.104065
-0.066223	-0.694275	-0.135193	0.051575
-0.067749	-0.742798	-0.131836	0.002136
-0.074158	-0.785217	-0.134888	-0.044556
-0.079346	-0.820618	-0.135803	-0.086365
-0.088196	-0.853271	-0.138855	-0.124207
-0.101318	-0.883179	-0.141296	-0.155640
-0.118103	-0.914001	-0.141907	-0.181580
-0.134277	-0.946350	-0.139465	-0.202332
-0.148926	-0.977783	-0.131836	-0.217590
-0.160522	-1.006165	-0.118103	-0.227966
-0.164490	-1.029053	-0.099182	-0.232239
-0.161743	-1.048889	-0.080566	-0.235291
-0.152893	-1.062927	-0.057373	-0.236816
-0.140076	-1.072388	-0.031128	-0.237122
-0.125732	-1.079102	-0.001831	-0.236206
-0.106506	-1.083069	0.035095	-0.234375
-0.081177	-1.080933	0.081787	-0.230103
-0.055542	-1.072083	0.134277	-0.224915
-0.032043	-1.054688	0.188599	-0.218201
-0.011292	-1.027832	0.240479	-0.209656
0.005188	-0.993652	0.292358	-0.199890
0.019836	-0.953674	0.343323	-0.189209
0.029602	-0.910950	0.393677	-0.174866
0.035095	-0.868835	0.443115	-0.155945
0.034790	-0.829163	0.490417	-0.133057
0.031128	-0.792542	0.533142	-0.107117
0.025330	-0.755615	0.570374	-0.078735
0.014954	-0.719299	0.595398	-0.050354
0.003967	-0.680847	0.611572	-0.021362
-0.007324	-0.638428	0.616455	0.007324
-0.016785	-0.596313	0.610352	0.033264
-0.024414	-0.551453	0.594482	0.058289
-0.028992	-0.504456	0.568542	0.083008
-0.033875	-0.455322	0.530090	0.104065
-0.039063	-0.402527	0.480347	0.121460
-0.041504	-0.341187	0.422363	0.134888
-0.044556	-0.273438	0.352783	0.144653
-0.045166	-0.199280	0.275574	0.153809
-0.043945	-0.119629	0.193787	0.162964
-0.040283	-0.036316	0.112000	0.172729
-0.032349	0.047302	0.038452	0.183716
-0.023804	0.132141	-0.027771	0.196228
-0.017395	0.217896	-0.085754	0.210266
-0.010986	0.306396	-0.132446	0.227966
-0.001831	0.401306	-0.168152	0.244141
0.009460	0.500183	-0.195923	0.261230
0.024109	0.601501	-0.214233	0.277405
0.041809	0.703125	-0.223694	0.291443
0.064392	0.799561	-0.220642	0.308533
0.086670	0.888672	-0.213318	0.321350
0.109863	0.971069	-0.202637	0.326233
0.132751	1.045227	-0.187988	0.333862
0.153809	1.111755	-0.174561	0.344543
0.174866	1.171875	-0.159912	0.353394
0.200195	1.224976	-0.147705	0.364075
0.219727	1.271057	-0.139160	0.370483
0.232849	1.310120	-0.130615	0.372009
0.249023	1.339417	-0.121155	0.373840
0.257263	1.357727	-0.112305	0.376282
0.261536	1.364746	-0.102844	0.376587
0.272522	1.363220	-0.087891	0.374756
0.283508	1.355896	-0.072632	0.374146
0.288696	1.343079	-0.056763	0.371094
0.286255	1.322021	-0.039673	0.361938
0.277710	1.294250	-0.017395	0.348816
0.274963	1.263733	0.008850	0.333252
0.264893	1.229858	0.038452	0.309448
0.246887	1.188965	0.067444	0.282288
0.229492	1.143799	0.098877	0.250244
0.210266	1.096802	0.124512	0.211182
0.192261	1.049500	0.144348	0.171509
0.168457	0.997314	0.157166	0.128784
0.139465	0.939636	0.164490	0.080566
0.106812	0.874634	0.164795	0.030212
0.075989	0.804749	0.159607	-0.019836
0.050659	0.725403	0.150146	-0.069275
0.019836	0.636597	0.137634	-0.116272
-0.018921	0.537415	0.115051	-0.165405
-0.054626	0.433044	0.090332	-0.213318
-0.088806	0.323486	0.060120	-0.257263
-0.119934	0.206604	0.028992	-0.299377
-0.144348	0.084534	-0.001221	-0.332336
-0.162659	-0.043335	-0.032654	-0.362549
-0.179138	-0.175476	-0.066528	-0.391235
-0.187073	-0.307007	-0.093994	-0.416260
-0.195618	-0.440369	-0.120544	-0.439148
-0.201416	-0.566711	-0.150146	-0.460815
-0.202637	-0.682068	-0.181274	-0.478821
-0.203552	-0.783691	-0.212097	-0.493774
-0.207520	-0.871887	-0.242615	-0.505066
-0.213623	-0.946045	-0.273132	-0.513611
-0.219116	-1.005249	-0.298767	-0.515747
-0.227661	-1.050415	-0.317993	-0.513000
-0.238953	-1.079102	-0.329895	-0.505371
-0.255737	-1.091919	-0.334167	-0.494080
-0.273132	-1.087646	-0.333862	-0.477600
-0.288696	-1.069946	-0.325317	-0.456238
-0.300293	-1.040039	-0.312195	-0.427856
-0.306396	-1.002502	-0.294189	-0.393982
-0.308533	-0.960999	-0.271912	-0.358276
-0.305176	-0.917358	-0.239563	-0.320740
-0.291748	-0.870056	-0.198059	-0.279236
-0.269470	-0.819702	-0.154114	-0.235291
-0.233154	-0.765991	-0.101624	-0.186768
-0.183411	-0.706177	-0.039063	-0.136414
-0.120544	-0.638733	0.028992	-0.085144
-0.050964	-0.563965	0.099487	-0.033569
0.025024	-0.485840	0.170288	0.017395
0.108643	-0.406494	0.241089	0.063477
0.197144	-0.323792	0.315247	0.107117
0.285034	-0.235596	0.388794	0.146790
0.368652	-0.144043	0.454712	0.181885
0.450439	-0.047302	0.513611	0.213623
0.523987	0.055542	0.562134	0.240479
0.593567	0.165710	0.608521	0.263977
0.650635	0.276184	0.647583	0.284119
0.698242	0.389404	0.680542	0.303040
0.740356	0.504150	0.709839	0.318298
0.772705	0.612793	0.730896	0.331421
0.797729	0.720520	0.748291	0.343628
0.811462	0.821533	0.755920	0.353088
0.816345	0.915527	0.758972	0.361023
0.809631	1.001282	0.752258	0.365906
0.795593	1.078491	0.739136	0.367737
0.771179	1.141663	0.716858	0.367737
0.744019	1.192932	0.689697	0.368347
0.714417	1.232910	0.654297	0.367126
0.683289	1.260376	0.611267	0.364685
0.647583	1.273804	0.558167	0.360718
0.611877	1.276855	0.501099	0.357361
0.572510	1.269836	0.433960	0.352783
0.532532	1.253662	0.359192	0.347290
0.491638	1.227722	0.280151	0.340271
0.451050	1.189880	0.200195	0.333557
0.410156	1.140442	0.123291	0.328674
0.374146	1.079712	0.051880	0.325012
0.339050	1.009521	-0.015869	0.321045
0.302124	0.930481	-0.083008	0.315857
0.270081	0.848389	-0.142822	0.312195
0.237732	0.762634	-0.202026	0.310059
0.208740	0.675354	-0.256042	0.308838
0.180664	0.587463	-0.306091	0.307617
0.151062	0.498657	-0.350647	0.307007
0.119324	0.409546	-0.391541	0.307312
0.087280	0.318909	-0.428162	0.308228
0.056763	0.227661	-0.460815	0.308533
0.028381	0.137939	-0.489502	0.308838
0.000305	0.050354	-0.516052	0.310364
-0.027771	-0.036316	-0.540466	0.312500
-0.055237	-0.123291	-0.562744	0.314026
-0.081787	-0.209961	-0.581360	0.312805
-0.108643	-0.298767	-0.595398	0.307617
-0.135803	-0.385742	-0.604248	0.300598
-0.163574	-0.473938	-0.606995	0.289917
-0.189819	-0.563049	-0.602722	0.275574
-0.213623	-0.652161	-0.592346	0.257874
-0.234985	-0.739136	-0.578613	0.239563
-0.249939	-0.821838	-0.555725	0.219116
-0.262451	-0.901794	-0.528259	0.196838
-0.270691	-0.977173	-0.494690	0.171814
-0.271301	-1.046448	-0.453186	0.144653
-0.263977	-1.108704	-0.408325	0.117188
-0.250549	-1.161804	-0.363770	0.089722
-0.229797	-1.203613	-0.318909	0.065308
-0.205078	-1.234741	-0.277405	0.038452
-0.176086	-1.254578	-0.238647	0.010681
-0.142822	-1.264343	-0.200500	-0.014038
-0.110779	-1.267090	-0.165100	-0.037842
-0.076294	-1.261902	-0.133057	-0.061646
-0.039673	-1.249084	-0.104980	-0.084229
-0.002136	-1.229248	-0.076294	-0.108337
0.033875	-1.204224	-0.051880	-0.133057
0.072021	-1.174316	-0.029907	-0.154724
0.108337	-1.142273	-0.010681	-0.173645
0.146179	-1.108704	0.008240	-0.190430
0.188599	-1.075134	0.027161	-0.204468
0.231018	-1.042786	0.044250	-0.213318
0.272522	-1.013184	0.064697	-0.217590
0.317993	-0.985107	0.090637	-0.218811
0.364685	-0.960083	0.117798	-0.216980
0.413208	-0.933533	0.144348	-0.212402
0.459290	-0.903931	0.175171	-0.202942
0.503235	-0.873413	0.205078	-0.188293
0.548401	-0.837402	0.236816	-0.166321
0.587769	-0.798035	0.263367	-0.142517
0.629272	-0.752563	0.292358	-0.110168
0.669861	-0.699768	0.319824	-0.074463
0.707092	-0.640869	0.343323	-0.035400
0.744934	-0.574036	0.365295	0.005798
0.781860	-0.498657	0.380554	0.047302
0.819092	-0.415039	0.393677	0.090637
0.852051	-0.326843	0.402527	0.136414
0.881958	-0.237732	0.406494	0.180969
0.907898	-0.148315	0.404968	0.224915
0.933533	-0.061646	0.400696	0.267334
0.961304	0.022888	0.398865	0.310059
0.984497	0.102234	0.390625	0.350647
1.008606	0.178833	0.381470	0.388794
1.029663	0.253906	0.368347	0.422974
1.050110	0.325623	0.354614	0.454712
1.064148	0.393066	0.337830	0.482178
1.072083	0.455627	0.319214	0.504761
1.075134	0.510559	0.298157	0.523376
1.072083	0.559082	0.278320	0.535889
1.060486	0.599670	0.256042	0.542908
1.043396	0.634766	0.233459	0.544739
1.018982	0.666199	0.208740	0.541382
0.986023	0.693359	0.179749	0.532532
0.945435	0.719604	0.149231	0.519714
0.893555	0.741882	0.114441	0.501099
0.832825	0.760193	0.080872	0.478821
0.763245	0.775146	0.045776	0.451050
0.685425	0.786438	0.009460	0.419922
0.603943	0.795288	-0.024414	0.385437
0.514526	0.800781	-0.060730	0.346680
0.420227	0.802917	-0.096741	0.305176
0.321045	0.803223	-0.134277	0.261230
0.220947	0.802002	-0.171509	0.214539
0.119629	0.796204	-0.209045	0.167847
0.021362	0.788879	-0.243530	0.121460
-0.074463	0.780029	-0.277710	0.076294
-0.163879	0.769348	-0.308228	0.033569
-0.247803	0.755615	-0.337524	-0.007629
-0.325928	0.739136	-0.367432	-0.047607
-0.397949	0.719604	-0.397339	-0.086060
-0.461426	0.700378	-0.422363	-0.121765
-0.518188	0.679932	-0.445251	-0.156250
-0.567017	0.657349	-0.463867	-0.188293
-0.606689	0.632935	-0.477600	-0.217590
-0.639343	0.606384	-0.482178	-0.244446
-0.661621	0.577698	-0.475464	-0.269165
-0.672913	0.547485	-0.457764	-0.290222
-0.675354	0.517273	-0.431824	-0.306702
-0.671387	0.487671	-0.397339	-0.318298
-0.658569	0.458069	-0.351257	-0.323181
-0.637512	0.428162	-0.294189	-0.322266
-0.612793	0.396118	-0.232544	-0.316772
-0.583191	0.363464	-0.167542	-0.307007
-0.547791	0.331726	-0.095520	-0.292053
-0.509338	0.301819	-0.021667	-0.272827
-0.466919	0.274353	0.053711	-0.250854
-0.421753	0.250854	0.126953	-0.225830
-0.372009	0.230713	0.198059	-0.198364
-0.325012	0.212097	0.260315	-0.172729
-0.276184	0.195618	0.318604	-0.148315
-0.228882	0.178833	0.369568	-0.126343
-0.183716	0.161438	0.410461	-0.106506
-0.134583	0.144348	0.450439	-0.090332
-0.086670	0.125732	0.483704	-0.078125
-0.038147	0.105591	0.513306	-0.066223
0.013123	0.084534	0.534668	-0.057983
0.066528	0.063477	0.552673	-0.050964
