2020/1/9 16:31:58 40us
CH1			CH2			CH3			CH4
0.086365	0.018005	0.031433	0.066833
0.087585	0.018921	0.033569	0.067444
0.087891	0.018616	0.032959	0.067139
0.088196	0.018616	0.034180	0.067139
0.086975	0.018311	0.032043	0.066833
0.088196	0.018616	0.033264	0.066833
0.087585	0.018616	0.032349	0.066833
0.086365	0.018616	0.031128	0.066833
0.086365	0.018311	0.031128	0.066528
0.085754	0.017700	0.028687	0.066223
0.085449	0.017700	0.028992	0.066528
0.084229	0.017395	0.028381	0.066528
0.085449	0.017395	0.029297	0.066223
0.085754	0.017700	0.029602	0.066833
0.086975	0.018005	0.030823	0.066528
0.086060	0.017700	0.029602	0.066223
0.085754	0.017700	0.028992	0.065918
0.085144	0.018005	0.028992	0.066223
0.084839	0.017700	0.028992	0.066223
0.085144	0.017395	0.027771	0.066223
0.084839	0.018005	0.028076	0.066528
0.084839	0.017700	0.026855	0.065002
0.086365	0.015869	0.028381	0.069275
0.056763	0.023804	0.021973	0.078125
0.050964	0.005493	0.036926	0.060120
0.097046	0.007324	0.025330	0.039063
0.170593	0.052490	0.008850	0.036926
0.203247	0.068359	-0.002441	0.072632
0.251465	0.027466	-0.045776	0.110779
0.330811	-0.041504	-0.031738	0.137939
0.381165	-0.098267	0.040283	0.162048
0.382080	-0.108948	0.107117	0.201721
0.330200	-0.056152	0.159302	0.234680
0.169373	-0.005493	0.224304	0.263062
-0.004578	0.063171	0.249634	0.275574
-0.159302	0.144043	0.215149	0.276794
-0.291443	0.234070	0.130310	0.259094
-0.369568	0.315247	0.011902	0.218506
-0.410156	0.413513	-0.130920	0.114136
-0.453796	0.466003	-0.340881	0.001526
-0.509644	0.415039	-0.545959	-0.098267
-0.546875	0.281067	-0.681763	-0.174866
-0.574036	0.103455	-0.759888	-0.233459
-0.579834	-0.071106	-0.797119	-0.314941
-0.498352	-0.249023	-0.777283	-0.432129
-0.342102	-0.438538	-0.693054	-0.528564
-0.118103	-0.592651	-0.556946	-0.610046
0.162048	-0.713501	-0.390930	-0.664368
0.491028	-0.834045	-0.182800	-0.660706
0.790100	-0.937500	0.045471	-0.622864
1.044006	-1.024475	0.299988	-0.550842
1.248169	-1.075134	0.614014	-0.422974
1.371765	-1.117249	0.963135	-0.240479
1.438293	-1.074219	1.345825	-0.078125
1.414795	-0.941162	1.700439	0.016785
1.331482	-0.691528	2.014160	0.067749
1.275024	-0.383301	2.321472	0.122986
1.201172	-0.047302	2.549744	0.169678
1.051331	0.342407	2.664185	0.210876
0.841370	0.746155	2.679138	0.231018
0.548096	1.085205	2.594604	0.247803
0.219421	1.365967	2.418518	0.268250
-0.114746	1.569519	2.208862	0.292358
-0.473022	1.699219	1.964722	0.284424
-0.854492	1.773071	1.678467	0.243225
-1.219177	1.771851	1.361694	0.195007
-1.554260	1.691284	1.057739	0.169067
-1.853638	1.568298	0.811462	0.159302
-2.088013	1.483459	0.614014	0.135193
-2.225342	1.415405	0.445862	0.118408
-2.310486	1.358948	0.318298	0.122681
-2.336731	1.319580	0.246277	0.140076
-2.310181	1.268616	0.255127	0.162354
-2.232361	1.216431	0.314026	0.162048
-2.071228	1.133423	0.392456	0.120239
-1.825867	1.008911	0.513306	0.070801
-1.528015	0.859375	0.639954	0.039978
-1.198730	0.665588	0.715332	0.029297
-0.823059	0.451965	0.756531	0.011292
-0.480042	0.245972	0.783386	-0.004578
-0.197754	0.032959	0.804138	-0.021667
0.021057	-0.168457	0.791931	-0.032959
0.168457	-0.319824	0.699768	-0.032043
0.246582	-0.411072	0.548096	-0.018311
0.239258	-0.464172	0.320129	0.003052
0.154724	-0.494385	-0.004272	0.037231
0.032959	-0.493164	-0.385437	0.068665
-0.119324	-0.470581	-0.819397	0.093994
-0.303955	-0.444031	-1.329041	0.130615
-0.536804	-0.429688	-1.860962	0.185547
-0.821228	-0.420227	-2.366333	0.272827
-1.113281	-0.411072	-2.853394	0.387268
-1.366882	-0.390015	-3.273621	0.484924
-1.576843	-0.370178	-3.598633	0.527649
-1.750488	-0.323792	-3.850708	0.521851
-1.883850	-0.260620	-3.993835	0.462952
-1.993103	-0.213623	-4.007874	0.359192
-2.085876	-0.194092	-3.921204	0.244446
-2.164001	-0.190735	-3.767395	0.142212
-2.241821	-0.195923	-3.543091	0.049133
-2.337952	-0.200500	-3.256226	-0.045471
-2.453918	-0.210876	-2.931824	-0.163269
-2.607422	-0.247192	-2.565002	-0.292053
-2.783203	-0.302429	-2.179565	-0.440063
-2.950745	-0.410461	-1.807556	-0.612793
-3.094482	-0.578308	-1.466980	-0.794373
-3.197937	-0.762024	-1.170349	-0.960388
-3.261719	-0.952454	-0.927734	-1.092834
-3.300781	-1.171875	-0.729675	-1.174622
-3.334961	-1.407166	-0.555420	-1.201782
-3.335876	-1.648254	-0.399475	-1.185608
-3.247375	-1.882629	-0.256653	-1.142578
-3.063660	-2.095642	-0.133972	-1.076355
-2.798462	-2.305298	-0.022278	-0.983887
-2.482910	-2.499390	0.096436	-0.857849
-2.150574	-2.669373	0.228577	-0.696411
-1.806641	-2.798157	0.358276	-0.509644
-1.449585	-2.885437	0.485840	-0.297546
-1.093445	-2.931824	0.599670	-0.060730
-0.737610	-2.916565	0.677185	0.195007
-0.354004	-2.839966	0.727539	0.469055
0.041504	-2.693176	0.758667	0.744019
0.427551	-2.479858	0.767822	0.996094
0.798035	-2.211914	0.780945	1.209717
1.143188	-1.888733	0.794067	1.370544
1.473694	-1.521606	0.826416	1.480713
1.800232	-1.123047	0.881958	1.552429
2.140503	-0.715332	0.945435	1.593628
2.489929	-0.303040	1.024780	1.612244
2.849731	0.126953	1.147156	1.602783
3.215332	0.583496	1.314392	1.563721
3.553772	1.073914	1.499939	1.493835
3.847351	1.565247	1.690063	1.399536
4.089355	2.022095	1.854858	1.287231
4.284973	2.434692	2.004395	1.165771
4.446411	2.799988	2.131653	1.038513
4.584961	3.125916	2.217102	0.905151
4.703674	3.402710	2.246399	0.759583
4.796448	3.613281	2.222900	0.611877
4.844971	3.758850	2.145386	0.480957
4.847717	3.830872	2.018738	0.363464
4.827271	3.822327	1.864014	0.251770
4.789734	3.735046	1.700439	0.135498
4.736328	3.551636	1.517029	0.003662
4.661560	3.279724	1.325378	-0.131531
4.550171	2.939758	1.131897	-0.267029
4.382324	2.553711	0.925903	-0.452881
4.151001	2.134094	0.705566	-0.669556
3.865356	1.697693	0.467834	-0.866699
3.551331	1.266479	0.211792	-0.984497
3.215942	0.854797	-0.059204	-0.964355
2.846375	0.483398	-0.338440	-0.916443
2.435913	0.158081	-0.607300	-0.948181
1.985168	-0.125732	-0.845947	-0.948792
1.457825	-0.386353	-1.067200	-0.876160
0.912170	-0.611267	-1.269836	-0.760498
0.434570	-0.808716	-1.449280	-0.631409
-0.045166	-0.990601	-1.599121	-0.480652
-0.537415	-1.160889	-1.723328	-0.268860
-0.971680	-1.367188	-1.819458	0.044556
-1.325684	-1.600952	-1.896973	0.345764
-1.720581	-1.834106	-1.955261	0.549927
-2.197876	-2.049255	-2.000732	0.687866
-2.586670	-2.252808	-2.044983	0.827637
-2.774048	-2.463989	-2.097473	0.956726
-2.912903	-2.691040	-2.139282	1.035461
-3.086853	-2.872620	-2.178650	1.051331
-3.265686	-2.962952	-2.227478	1.019592
-3.428650	-2.975159	-2.270508	0.960388
-3.479614	-2.947693	-2.293701	0.882263
-3.353271	-2.903442	-2.316589	0.751648
-3.144531	-2.827148	-2.351990	0.575562
-2.904663	-2.702942	-2.397766	0.407410
-2.684937	-2.532043	-2.459412	0.251465
-2.578430	-2.345276	-2.541809	0.076904
-2.573547	-2.159424	-2.615662	-0.142212
-2.572021	-1.953735	-2.659607	-0.359802
-2.563782	-1.706238	-2.687988	-0.526123
-2.556152	-1.417236	-2.683105	-0.657349
-2.510376	-1.126709	-2.614746	-0.780334
-2.405701	-0.862732	-2.487488	-0.874329
-2.295532	-0.637817	-2.313843	-0.952454
-2.224426	-0.434265	-2.099915	-1.044617
-2.208862	-0.245056	-1.853333	-1.137390
-2.243042	-0.096436	-1.593628	-1.219482
-2.275696	-0.005188	-1.319275	-1.249695
-2.251282	0.034790	-1.027527	-1.214294
-2.154236	0.050354	-0.719910	-1.159668
-1.983032	0.072937	-0.410156	-1.130066
-1.741943	0.100098	-0.089417	-1.101990
-1.438904	0.142212	0.250854	-1.016235
-1.098938	0.186462	0.585632	-0.864563
-0.761414	0.213013	0.904846	-0.705872
-0.473938	0.243530	1.203918	-0.571594
-0.227966	0.297852	1.477356	-0.457458
-0.010071	0.368958	1.724548	-0.366821
0.208740	0.453186	1.943970	-0.283203
0.415649	0.594482	2.135010	-0.174255
0.585022	0.803223	2.312012	-0.039978
0.741272	1.060486	2.514648	0.124512
0.917053	1.330872	2.722473	0.310669
1.116028	1.601868	2.913513	0.505066
1.330566	1.884460	3.079224	0.701599
1.532288	2.174988	3.209229	0.870667
1.689453	2.453918	3.292236	0.992432
1.763916	2.684326	3.335571	1.076660
1.771851	2.855225	3.354797	1.137695
1.803589	2.945251	3.354492	1.187439
1.870117	2.961121	3.324585	1.251831
1.884766	2.930908	3.276672	1.290283
1.828918	2.865601	3.259277	1.310730
1.726074	2.749939	3.278198	1.335754
1.610718	2.572021	3.326111	1.319885
1.581116	2.338562	3.403625	1.281128
1.596069	2.070007	3.511047	1.218567
1.597900	1.794739	3.635559	1.133728
1.648560	1.524048	3.755188	1.057129
1.705322	1.239014	3.854370	1.011353
1.761169	0.942993	3.910828	0.966187
1.864929	0.658569	3.934631	0.895996
2.014771	0.421448	3.910522	0.804443
2.166443	0.258484	3.812256	0.696411
2.287292	0.144958	3.633118	0.574036
2.389526	0.064087	3.360901	0.444946
2.469482	0.011597	2.973022	0.307617
2.507019	0.012207	2.489014	0.148926
2.458496	0.046082	1.958618	-0.042725
2.374878	0.105591	1.401367	-0.220642
2.261658	0.190735	0.808105	-0.373840
2.084961	0.291748	0.175476	-0.480652
1.866760	0.386963	-0.464783	-0.541992
1.593628	0.449829	-1.085510	-0.609131
1.265869	0.473022	-1.669312	-0.694885
0.885315	0.467529	-2.220459	-0.787964
0.456543	0.460815	-2.739868	-0.865479
-0.028687	0.447998	-3.230286	-0.898438
-0.568542	0.421753	-3.659668	-0.912476
-1.128235	0.378113	-4.010010	-0.931702
-1.660156	0.312500	-4.270630	-0.951538
-2.183838	0.209656	-4.473572	-0.977173
-2.682495	0.057068	-4.605713	-0.999146
-3.165894	-0.128174	-4.657288	-1.007690
-3.659668	-0.321350	-4.620667	-1.007385
-4.100647	-0.524292	-4.495850	-1.000671
-4.453125	-0.755615	-4.295044	-0.971985
-4.732056	-1.003723	-4.036865	-0.923157
-4.947205	-1.249084	-3.722534	-0.848694
-5.150146	-1.470032	-3.345947	-0.742493
-5.326843	-1.659851	-2.950134	-0.612183
-5.414429	-1.809082	-2.560730	-0.476074
-5.387268	-1.923218	-2.169800	-0.346375
-5.265808	-2.012634	-1.764221	-0.233459
-5.072021	-2.088013	-1.375427	-0.138855
-4.858398	-2.143860	-1.022339	-0.060120
-4.612122	-2.164917	-0.708923	0.016174
-4.303894	-2.138367	-0.423279	0.081482
-3.942261	-2.066040	-0.158691	0.145874
-3.525696	-1.956482	0.072632	0.227356
-3.051758	-1.801147	0.275574	0.315247
-2.568359	-1.608582	0.440063	0.402222
-2.082825	-1.396179	0.570984	0.500793
-1.601563	-1.182251	0.675659	0.595703
-1.130066	-0.991821	0.773926	0.686340
-0.653076	-0.833130	0.888367	0.747375
-0.155334	-0.701599	1.014709	0.776672
0.323181	-0.590210	1.138000	0.786743
0.728455	-0.492554	1.239319	0.797729
1.069641	-0.396423	1.322632	0.804749
1.374817	-0.290527	1.395569	0.806580
1.646118	-0.169983	1.462402	0.799255
1.874695	-0.030823	1.503296	0.785522
2.066956	0.124207	1.507568	0.786743
2.229919	0.289307	1.473694	0.800781
2.402344	0.460205	1.428833	0.802002
2.590942	0.627441	1.383667	0.790405
2.789307	0.796204	1.328430	0.769653
2.998962	0.961609	1.257019	0.740356
3.204956	1.115723	1.206055	0.705261
3.384399	1.265259	1.177368	0.668030
3.523560	1.416626	1.150208	0.626526
3.641663	1.560669	1.119385	0.574951
3.747559	1.687012	1.089172	0.489197
3.861694	1.796265	1.069031	0.363464
3.976135	1.876831	1.057739	0.220337
4.062195	1.923523	1.055298	0.078430
4.107361	1.944275	1.044312	-0.051880
4.119263	1.941528	1.023254	-0.171204
4.104614	1.895752	0.999756	-0.286865
4.078064	1.802063	0.984802	-0.395508
4.031982	1.667786	0.967712	-0.484924
3.963013	1.511841	0.930176	-0.545654
3.871765	1.361389	0.870972	-0.583496
3.760986	1.218567	0.798645	-0.605469
3.634949	1.072998	0.723877	-0.609131
3.500977	0.926514	0.639954	-0.583801
3.345642	0.782776	0.546265	-0.531921
3.147583	0.648193	0.446777	-0.446777
2.886658	0.520935	0.344849	-0.330811
2.568054	0.394287	0.257874	-0.190735
2.227173	0.268860	0.201111	-0.042419
1.888428	0.139771	0.167542	0.100098
1.562500	0.005188	0.145874	0.233154
1.242371	-0.131836	0.121155	0.363464
0.928345	-0.271606	0.081177	0.493774
0.628967	-0.418091	0.037842	0.620117
0.366211	-0.570679	-0.021667	0.732117
0.153503	-0.729370	-0.117798	0.816650
-0.010681	-0.892944	-0.248413	0.873413
-0.139771	-1.054993	-0.401917	0.903931
-0.247192	-1.200562	-0.571594	0.917053
-0.337524	-1.314392	-0.763550	0.912476
-0.414124	-1.394958	-0.974731	0.884094
-0.459900	-1.447144	-1.183472	0.830994
-0.451660	-1.476746	-1.360474	0.756836
-0.397644	-1.492615	-1.500549	0.665894
-0.307312	-1.489868	-1.618958	0.567322
-0.185852	-1.466980	-1.737366	0.469360
-0.036011	-1.429749	-1.854858	0.373840
0.124207	-1.376953	-1.969604	0.278015
0.271606	-1.314087	-2.073975	0.184937
0.381470	-1.250305	-2.171936	0.103760
0.433960	-1.179504	-2.266846	0.038452
0.425720	-1.089172	-2.346497	-0.018311
0.369263	-0.975342	-2.400818	-0.077209
0.282288	-0.841675	-2.417297	-0.147095
0.165405	-0.704041	-2.399902	-0.226135
0.017090	-0.570679	-2.351379	-0.307312
-0.157776	-0.433350	-2.272644	-0.385742
-0.362244	-0.292664	-2.170715	-0.461731
-0.581055	-0.156555	-2.028809	-0.532837
-0.787048	-0.040894	-1.851196	-0.604858
-0.960693	0.038757	-1.652222	-0.677795
-1.089783	0.089111	-1.435242	-0.754700
-1.163025	0.126343	-1.214905	-0.828857
-1.192017	0.166016	-0.980835	-0.882874
-1.177368	0.213013	-0.742493	-0.900879
-1.109924	0.267334	-0.511475	-0.882568
-0.985413	0.335693	-0.282898	-0.831604
-0.813293	0.418396	-0.053711	-0.744629
-0.608826	0.506592	0.176392	-0.638428
-0.383301	0.595398	0.414429	-0.517273
-0.145569	0.682678	0.657959	-0.369568
0.107727	0.769653	0.904846	-0.210266
0.368652	0.857849	1.147461	-0.055237
0.636292	0.941772	1.386414	0.099792
0.881653	1.017151	1.616516	0.249634
1.089783	1.083069	1.817932	0.385132
1.280823	1.132507	1.990967	0.514832
1.436462	1.158447	2.132263	0.631409
1.585693	1.154785	2.250366	0.726929
1.729126	1.116333	2.346497	0.796204
1.845093	1.047974	2.419128	0.841064
1.920471	0.954285	2.461853	0.860596
1.953125	0.840454	2.473755	0.859680
1.952515	0.706787	2.453613	0.844421
1.939392	0.554810	2.405090	0.822449
1.884766	0.379639	2.329102	0.780640
1.811829	0.185852	2.232971	0.734558
1.716919	-0.015259	2.122192	0.690002
1.599121	-0.209351	1.992798	0.644226
1.483154	-0.376892	1.858521	0.608826
1.369324	-0.523682	1.721802	0.569153
1.265564	-0.649719	1.584167	0.516663
1.170044	-0.752869	1.442871	0.456848
1.106873	-0.831604	1.307678	0.383301
1.064148	-0.893860	1.176758	0.302429
1.023254	-0.937500	1.048889	0.217285
0.997009	-0.966187	0.921021	0.119934
0.990906	-0.974731	0.784912	0.018005
0.996399	-0.960999	0.640869	-0.084839
0.990295	-0.924377	0.485840	-0.185242
0.962830	-0.856628	0.324707	-0.273438
0.905762	-0.756836	0.152588	-0.354614
0.816345	-0.628967	-0.012817	-0.430908
0.698242	-0.484314	-0.163574	-0.498962
0.546265	-0.330505	-0.301819	-0.557251
0.374146	-0.171814	-0.438538	-0.605774
0.194702	-0.009460	-0.567017	-0.630188
0.009155	0.154724	-0.684204	-0.630188
-0.168152	0.317078	-0.783997	-0.605774
-0.317688	0.469971	-0.853882	-0.568848
-0.437317	0.598755	-0.872192	-0.516357
-0.532227	0.697632	-0.841675	-0.452271
-0.609741	0.771790	-0.767212	-0.380554
-0.674744	0.834656	-0.658569	-0.300903
-0.722656	0.892334	-0.530090	-0.218811
-0.756226	0.947876	-0.390320	-0.138550
-0.767517	1.006165	-0.249634	-0.054016
-0.750732	1.067200	-0.103760	0.038757
-0.717773	1.131287	0.040894	0.135193
-0.682983	1.202698	0.171814	0.229797
-0.652161	1.287231	0.280762	0.318604
-0.626831	1.376038	0.368958	0.397339
-0.607605	1.463013	0.447998	0.466309
-0.589905	1.542664	0.517273	0.521240
-0.573120	1.622009	0.578613	0.559998
-0.566406	1.696472	0.627747	0.588379
-0.563049	1.750793	0.673218	0.601501
-0.544434	1.775513	0.719910	0.604553
-0.501709	1.760559	0.766907	0.596313
-0.440674	1.704102	0.814209	0.577087
-0.360718	1.612549	0.861206	0.551758
-0.264587	1.499634	0.908813	0.521240
-0.168762	1.369019	0.937805	0.485840
-0.070496	1.220703	0.948181	0.446167
0.018921	1.059570	0.925293	0.402527
0.099487	0.889587	0.867615	0.357666
0.168457	0.709534	0.776672	0.315247
0.231018	0.520935	0.661926	0.283813
0.279541	0.326843	0.518799	0.261536
0.319824	0.132446	0.357666	0.245972
0.339661	-0.061340	0.186768	0.231628
0.338745	-0.250549	0.009155	0.213928
0.311890	-0.430298	-0.177307	0.196838
0.263977	-0.591431	-0.360413	0.186462
0.200195	-0.729980	-0.535889	0.184937
0.122681	-0.842590	-0.699463	0.185242
0.038147	-0.935974	-0.848389	0.177307
-0.046692	-1.012573	-0.976563	0.159302
-0.126648	-1.069946	-1.085205	0.117493
-0.205383	-1.112366	-1.181335	0.056152
-0.290527	-1.132813	-1.255493	-0.013428
-0.371399	-1.128845	-1.306152	-0.093689
-0.460510	-1.100159	-1.325989	-0.171204
-0.556030	-1.053772	-1.314087	-0.245361
-0.635986	-0.995483	-1.270752	-0.318909
-0.704041	-0.929565	-1.197510	-0.385742
-0.741882	-0.860596	-1.102600	-0.444946
-0.737000	-0.793457	-0.999146	-0.492859
-0.676880	-0.731812	-0.894775	-0.527039
-0.570679	-0.684509	-0.794983	-0.555115
-0.420227	-0.651855	-0.692139	-0.573425
-0.234375	-0.632935	-0.589600	-0.578308
-0.034485	-0.624390	-0.494385	-0.570374
0.179443	-0.623474	-0.410767	-0.549927
0.398254	-0.628967	-0.333252	-0.518799
0.602112	-0.632935	-0.263672	-0.483704
0.808716	-0.629883	-0.193787	-0.441284
0.991516	-0.618286	-0.122986	-0.388184
1.139526	-0.600281	-0.047913	-0.324097
1.242065	-0.580444	0.025635	-0.257874
1.293640	-0.559998	0.098877	-0.183411
1.287537	-0.545349	0.178223	-0.108948
1.228027	-0.537415	0.262756	-0.037842
1.135254	-0.536194	0.352173	0.023804
1.021729	-0.530701	0.444641	0.081177
0.893250	-0.513306	0.534668	0.129395
0.756531	-0.481567	0.617676	0.172424
0.625000	-0.443115	0.694885	0.216370
0.510559	-0.404358	0.763855	0.252686
0.415955	-0.374146	0.825806	0.286865
0.354614	-0.354309	0.878906	0.319824
0.319214	-0.335693	0.920105	0.350952
0.311584	-0.311584	0.946350	0.379639
0.344543	-0.274963	0.956421	0.407715
0.430298	-0.221558	0.950317	0.431824
0.556030	-0.150757	0.924072	0.458069
0.719299	-0.058289	0.884094	0.486450
0.912170	0.055237	0.829163	0.513916
1.133118	0.192871	0.767822	0.543518
1.373291	0.348511	0.696716	0.569763
1.618042	0.510559	0.622253	0.590210
1.860962	0.679932	0.545654	0.599976
2.080078	0.853577	0.461426	0.598450
2.259216	1.022339	0.374756	0.584412
2.385864	1.181641	0.283813	0.561829
2.454529	1.328125	0.193481	0.534058
2.477417	1.456299	0.108643	0.503845
2.451172	1.564026	0.037231	0.471802
2.374268	1.648865	-0.015869	0.437622
2.250061	1.711426	-0.060425	0.401917
2.092896	1.757202	-0.097961	0.378113
1.908875	1.788635	-0.129700	0.349426
1.714783	1.805420	-0.162659	0.327148
1.523743	1.809387	-0.198059	0.322266
1.331177	1.792297	-0.230103	0.317688
1.170044	1.747131	-0.258484	0.322876
1.022644	1.672058	-0.292358	0.330505
0.881958	1.567993	-0.327454	0.336304
0.771484	1.443176	-0.366516	0.340271
0.671997	1.303711	-0.399475	0.344543
0.583191	1.152954	-0.426331	0.350952
0.522461	1.000977	-0.440063	0.361633
0.488586	0.842896	-0.439758	0.375977
0.465088	0.686646	-0.428467	0.388794
0.437927	0.532532	-0.408630	0.388489
0.410767	0.385132	-0.386658	0.374451
0.397034	0.248108	-0.369873	0.347290
0.380249	0.123596	-0.365906	0.308838
0.339050	0.013428	-0.373840	0.256348
0.277405	-0.088806	-0.401306	0.195923
0.184021	-0.185242	-0.448303	0.127258
0.066223	-0.279846	-0.510254	0.054626
-0.062866	-0.382996	-0.582886	-0.017395
-0.208130	-0.493469	-0.664673	-0.092773
-0.366821	-0.611267	-0.751648	-0.164795
-0.524292	-0.731201	-0.839539	-0.230408
-0.673828	-0.855408	-0.922546	-0.290222
-0.821533	-0.991821	-0.999146	-0.344238
-0.971985	-1.143799	-1.063232	-0.396118
-1.123657	-1.310425	-1.112976	-0.446167
-1.266785	-1.484070	-1.146240	-0.488281
-1.403809	-1.659546	-1.156616	-0.523071
-1.533813	-1.828613	-1.145630	-0.542908
-1.655273	-1.982117	-1.116943	-0.551147
-1.763000	-2.107239	-1.071777	-0.556641
-1.849976	-2.197876	-1.006775	-0.559692
-1.924133	-2.259827	-0.927124	-0.558472
-1.980896	-2.286682	-0.836182	-0.558167
-2.023926	-2.275696	-0.741577	-0.558167
-2.045898	-2.227173	-0.637817	-0.561523
-2.040405	-2.151184	-0.521545	-0.568237
-2.002869	-2.049255	-0.398865	-0.578003
-1.935120	-1.928406	-0.277405	-0.588074
-1.838989	-1.791077	-0.154724	-0.594177
-1.708984	-1.638184	-0.035095	-0.592346
-1.554260	-1.471558	0.075378	-0.586243
-1.373901	-1.297607	0.176392	-0.569458
-1.170654	-1.128540	0.273132	-0.540466
-0.954895	-0.968628	0.369263	-0.495300
-0.720825	-0.816650	0.464783	-0.433350
-0.473633	-0.666809	0.557556	-0.358887
-0.233154	-0.525513	0.642090	-0.272827
-0.001221	-0.388489	0.722351	-0.173340
0.234985	-0.249329	0.799866	-0.064697
0.462646	-0.116577	0.876770	0.054321
0.681152	0.016174	0.960388	0.178833
0.886230	0.151367	1.050720	0.308228
1.064758	0.288696	1.141357	0.433044
1.217041	0.424805	1.227112	0.552063
1.354675	0.554504	1.315918	0.652771
1.472778	0.679932	1.403503	0.734253
1.572876	0.804749	1.493835	0.798950
1.646118	0.929260	1.587219	0.853882
1.700439	1.048889	1.680298	0.893555
1.727600	1.162720	1.772156	0.919800
1.729736	1.269531	1.868286	0.932922
1.707458	1.369019	1.963196	0.932312
1.650696	1.464233	2.046814	0.920105
1.572571	1.564636	2.114563	0.897217
1.477051	1.672058	2.153015	0.867310
1.378174	1.788025	2.164917	0.835266
1.262817	1.904602	2.136841	0.800781
1.139832	2.011719	2.070618	0.755310
1.011047	2.101135	1.965332	0.700073
0.888977	2.168579	1.829529	0.639343
0.777588	2.212830	1.670837	0.572510
0.671997	2.235718	1.493835	0.502625
0.578308	2.239075	1.298218	0.427856
0.505371	2.217102	1.092529	0.348511
0.440979	2.165527	0.877686	0.266724
0.386047	2.079773	0.664063	0.185547
0.330505	1.960754	0.445862	0.104675
0.273438	1.811523	0.230408	0.029297
0.211487	1.633301	0.018311	-0.043030
0.140686	1.439209	-0.186768	-0.108948
0.053406	1.231384	-0.385132	-0.169067
-0.057678	1.016541	-0.577698	-0.221252
-0.191345	0.801697	-0.764160	-0.269470
-0.351257	0.592957	-0.949097	-0.306702
-0.533752	0.392151	-1.121521	-0.329285
-0.728455	0.195923	-1.275635	-0.339661
-0.923157	0.003357	-1.407166	-0.338135
-1.112061	-0.187073	-1.518555	-0.329895
-1.289368	-0.374146	-1.608276	-0.316467
-1.461487	-0.557556	-1.680298	-0.297546
-1.623535	-0.736389	-1.739807	-0.275269
-1.775208	-0.906982	-1.784058	-0.254517
-1.909485	-1.068726	-1.812134	-0.232849
-2.025452	-1.217957	-1.822205	-0.212708
-2.124634	-1.354675	-1.820068	-0.192871
-2.209167	-1.473389	-1.808472	-0.171509
-2.276001	-1.575317	-1.792908	-0.152893
-2.320557	-1.657104	-1.781921	-0.139160
-2.336426	-1.714783	-1.770630	-0.130310
-2.333069	-1.750793	-1.762695	-0.127869
-2.308655	-1.765747	-1.751404	-0.132141
-2.264709	-1.762390	-1.736755	-0.142212
-2.203064	-1.741028	-1.717529	-0.155334
-2.120361	-1.706543	-1.684570	-0.171814
-2.023926	-1.661072	-1.632996	-0.189819
-1.920166	-1.603699	-1.557922	-0.212097
-1.813965	-1.533203	-1.463013	-0.239563
-1.701660	-1.447754	-1.344299	-0.268250
-1.582642	-1.347351	-1.198730	-0.293884
-1.458130	-1.231995	-1.027527	-0.316467
-1.335144	-1.109314	-0.830994	-0.336914
-1.214294	-0.988464	-0.614929	-0.354614
-1.094360	-0.873413	-0.380554	-0.370789
-0.978088	-0.765381	-0.139465	-0.381165
-0.867920	-0.663452	0.101929	-0.382690
-0.765076	-0.568542	0.335083	-0.375977
-0.662231	-0.480652	0.554504	-0.357666
-0.556335	-0.398254	0.756836	-0.329590
-0.443115	-0.325012	0.935364	-0.292053
-0.330200	-0.264587	1.086121	-0.246887
-0.210876	-0.209961	1.211548	-0.197754
-0.078125	-0.157776	1.312561	-0.151978
0.069275	-0.103760	1.383362	-0.110168
0.233459	-0.046082	1.426392	-0.072937
0.413513	0.014343	1.440430	-0.039673
0.610352	0.079041	1.431580	-0.010681
0.814819	0.148926	1.400452	0.014343
1.018066	0.227356	1.350403	0.033875
1.205444	0.307312	1.287842	0.050659
1.383362	0.393677	1.219177	0.068359
1.549683	0.486755	1.152954	0.089417
1.705627	0.584717	1.090088	0.116272
1.848450	0.687256	1.034241	0.148926
1.971130	0.794373	0.984497	0.188293
2.072754	0.900269	0.939941	0.232849
2.153015	0.997925	0.903931	0.282593
2.213135	1.082764	0.872192	0.336304
2.253418	1.152344	0.849915	0.389709
2.271729	1.203613	0.832214	0.442200
2.269897	1.235657	0.815125	0.491333
2.245789	1.248474	0.792236	0.534058
2.206116	1.243286	0.766296	0.568848
2.145691	1.218872	0.734558	0.591431
2.066040	1.176758	0.699768	0.604858
1.970215	1.117859	0.656433	0.609131
1.863708	1.045227	0.606384	0.607300
1.750183	0.959167	0.546265	0.598755
1.628113	0.862732	0.473022	0.580444
1.496277	0.758057	0.382385	0.552673
1.348572	0.649414	0.274353	0.517578
1.190491	0.539856	0.151367	0.476379
1.022949	0.435791	0.013733	0.432434
0.847473	0.342712	-0.135498	0.389709
0.666504	0.261841	-0.293579	0.348206
0.484314	0.193176	-0.454407	0.307007
0.298767	0.133972	-0.617676	0.265198
0.112915	0.082092	-0.776672	0.218811
-0.072327	0.038147	-0.925903	0.169373
-0.254211	0.003967	-1.061096	0.116577
-0.433655	-0.021667	-1.183472	0.061951
-0.605774	-0.041504	-1.289063	0.006409
-0.771484	-0.057983	-1.376953	-0.048218
-0.926819	-0.073547	-1.444092	-0.101318
-1.073914	-0.087585	-1.495667	-0.151062
-1.210938	-0.097961	-1.534729	-0.196838
-1.336670	-0.105286	-1.564941	-0.241699
-1.449585	-0.111389	-1.589050	-0.285645
-1.549988	-0.117798	-1.605225	-0.325623
-1.643066	-0.129395	-1.617126	-0.358887
-1.726685	-0.148621	-1.620178	-0.385742
-1.804504	-0.177307	-1.615906	-0.406494
-1.879883	-0.219421	-1.597595	-0.422058
-1.950073	-0.276184	-1.565247	-0.429688
-2.002563	-0.344238	-1.512451	-0.428162
-2.032776	-0.420227	-1.441345	-0.417480
-2.040100	-0.498962	-1.355286	-0.399475
-2.027283	-0.581970	-1.256409	-0.375977
-1.990356	-0.661316	-1.148682	-0.346680
-1.930237	-0.737915	-1.031494	-0.314331
-1.849365	-0.809937	-0.909424	-0.279541
-1.755371	-0.873413	-0.787048	-0.245972
-1.647034	-0.926208	-0.659790	-0.211182
-1.528015	-0.964355	-0.528870	-0.174561
-1.403503	-0.984497	-0.405273	-0.138550
-1.271667	-0.986023	-0.284119	-0.100708
-1.139832	-0.972290	-0.168762	-0.065002
-1.007385	-0.943604	-0.049438	-0.030212
-0.878296	-0.907288	0.073547	0.002747
-0.751343	-0.867920	0.198364	0.032043
-0.617981	-0.826111	0.330811	0.059204
-0.479126	-0.783081	0.464783	0.083008
-0.333557	-0.739746	0.604553	0.107422
-0.187073	-0.698853	0.741577	0.127563
-0.035400	-0.653687	0.876465	0.140991
0.120850	-0.602722	1.007690	0.149841
0.271301	-0.548401	1.128845	0.158386
0.423889	-0.490112	1.240234	0.169373
0.568848	-0.429688	1.333618	0.176392
0.707703	-0.369263	1.410217	0.174255
0.842285	-0.309448	1.463013	0.176086
0.958862	-0.252380	1.488953	0.182190
1.062622	-0.196228	1.491394	0.184631
1.156006	-0.143127	1.467896	0.189514
1.234741	-0.089722	1.426392	0.187988
1.287537	-0.037842	1.366272	0.182495
1.328125	0.010376	1.289368	0.177917
1.342163	0.052490	1.205139	0.171509
1.334839	0.090332	1.119080	0.164795
1.320496	0.126953	1.033630	0.155640
1.284180	0.164490	0.946960	0.147095
1.224060	0.202942	0.865784	0.134277
1.144714	0.231323	0.790710	0.114441
1.058044	0.251770	0.726318	0.092163
0.977783	0.266113	0.665283	0.070190
0.880127	0.271301	0.605774	0.037842
0.780334	0.268555	0.550537	0.005798
0.675049	0.253296	0.494995	-0.028687
0.563660	0.234985	0.437622	-0.063477
0.450134	0.209961	0.376587	-0.089417
0.339661	0.179749	0.316467	-0.107117
0.223694	0.141907	0.248108	-0.122986
0.109558	0.097351	0.170898	-0.129700
0.009460	0.050049	0.090637	-0.126343
-0.078125	-0.003967	0.009460	-0.113220
-0.163574	-0.063171	-0.072021	-0.091553
-0.245667	-0.124512	-0.154419	-0.065002
-0.323486	-0.182800	-0.237122	-0.033264
-0.392761	-0.236206	-0.312195	0.003357
-0.457764	-0.286255	-0.377197	0.042725
-0.521545	-0.332336	-0.433655	0.085449
-0.589905	-0.369568	-0.483093	0.124512
-0.663757	-0.392151	-0.519714	0.159302
-0.735168	-0.396729	-0.541077	0.190430
-0.813599	-0.383606	-0.550232	0.218811
-0.898743	-0.352783	-0.557861	0.241089
-0.977783	-0.301819	-0.563354	0.263062
-1.056824	-0.236206	-0.567932	0.280151
-1.134033	-0.161743	-0.572205	0.292664
-1.198425	-0.079956	-0.574036	0.297546
-1.251831	0.004883	-0.572815	0.299683
-1.293030	0.092773	-0.566711	0.299683
-1.323853	0.175171	-0.563660	0.295715
-1.344299	0.254822	-0.556946	0.287781
-1.353149	0.325623	-0.547791	0.276489
-1.353760	0.380859	-0.541077	0.260620
-1.335144	0.426941	-0.532532	0.245667
-1.300049	0.462952	-0.527039	0.228271
-1.247253	0.489502	-0.515442	0.205383
-1.184692	0.505981	-0.502625	0.179749
-1.114197	0.512695	-0.496216	0.154419
-1.032104	0.509949	-0.497131	0.129395
-0.939026	0.499573	-0.500488	0.106506
-0.841370	0.485840	-0.502319	0.085449
-0.748596	0.472717	-0.501709	0.063477
-0.660400	0.458984	-0.496216	0.041199
-0.572815	0.444946	-0.476685	0.017395
-0.488586	0.426636	-0.449829	-0.010986
-0.410767	0.407410	-0.411072	-0.040283
-0.344238	0.389404	-0.356140	-0.069885
-0.289001	0.372009	-0.290222	-0.097656
-0.241394	0.356750	-0.214844	-0.122986
-0.203552	0.339661	-0.139160	-0.145569
-0.170593	0.320435	-0.060425	-0.164795
-0.141907	0.298767	0.017395	-0.178833
-0.113220	0.272827	0.085754	-0.187683
-0.084534	0.242920	0.143127	-0.191040
-0.047302	0.207214	0.189514	-0.185547
-0.002136	0.165710	0.228882	-0.172119
0.051270	0.119934	0.260315	-0.152588
0.109558	0.068359	0.288391	-0.128174
0.172729	0.011597	0.309448	-0.101624
0.242004	-0.051270	0.325928	-0.070801
0.313416	-0.120850	0.343628	-0.035706
0.381165	-0.197754	0.362244	-0.000916
0.439453	-0.279541	0.380554	0.039368
0.488586	-0.364075	0.403748	0.067749
0.531311	-0.451050	0.432434	0.079651
0.557556	-0.535278	0.460205	0.095520
0.583191	-0.611877	0.485535	0.108643
0.593567	-0.679932	0.505676	0.113525
0.606995	-0.740051	0.522766	0.119324
0.610352	-0.790710	0.530396	0.112305
0.599976	-0.831299	0.534363	0.093384
0.602417	-0.862732	0.530396	0.070190
0.594482	-0.882874	0.516052	0.038147
0.585022	-0.890808	0.493469	0.002747
0.575256	-0.888977	0.459290	-0.032043
0.565796	-0.876465	0.418701	-0.064392
0.553284	-0.857239	0.372620	-0.098572
0.533752	-0.834351	0.327759	-0.135803
0.516052	-0.806885	0.279541	-0.173950
0.516357	-0.773926	0.226746	-0.205994
0.506287	-0.736084	0.173950	-0.240173
0.503845	-0.699158	0.120544	-0.270081
0.506592	-0.659790	0.067749	-0.293579
0.503540	-0.611267	0.012817	-0.309753
0.493774	-0.559082	-0.043335	-0.312805
0.477295	-0.502014	-0.098267	-0.305786
0.447388	-0.443420	-0.150146	-0.296021
0.407715	-0.383606	-0.202637	-0.278320
0.367737	-0.320435	-0.253601	-0.256653
0.323486	-0.255737	-0.301819	-0.229492
0.265503	-0.190430	-0.350342	-0.205078
0.195313	-0.120239	-0.399475	-0.184937
0.116272	-0.035400	-0.444031	-0.164795
0.033569	0.057373	-0.482483	-0.142822
-0.053711	0.153503	-0.509949	-0.120239
-0.137024	0.254211	-0.526428	-0.093079
-0.210571	0.356445	-0.536194	-0.067139
-0.278320	0.462036	-0.536194	-0.039673
-0.327454	0.570374	-0.517273	-0.004272
-0.369263	0.673828	-0.487366	0.035400
-0.392456	0.772095	-0.447998	0.079346
-0.398560	0.862732	-0.403748	0.130005
-0.392456	0.940552	-0.349121	0.183411
-0.374451	1.005249	-0.285950	0.242004
-0.339966	1.059570	-0.216675	0.299683
-0.291748	1.107178	-0.143738	0.359802
-0.236206	1.149597	-0.066223	0.419312
-0.175171	1.190491	0.015564	0.473938
-0.116577	1.230774	0.094299	0.522766
-0.054016	1.268005	0.171814	0.563660
0.001526	1.299133	0.243530	0.596008
0.055237	1.323242	0.303040	0.621033
0.108948	1.336365	0.357056	0.639038
0.151367	1.334839	0.400696	0.642395
0.181885	1.318359	0.441284	0.634155
0.202332	1.288757	0.470276	0.617676
0.218506	1.246948	0.489197	0.595093
0.227051	1.192017	0.500793	0.570068
0.227966	1.131897	0.505676	0.543213
0.217285	1.069641	0.500488	0.514526
0.200195	1.004639	0.489502	0.486450
0.177612	0.936279	0.471191	0.455017
0.148926	0.862427	0.437622	0.418396
0.119019	0.786743	0.397034	0.379028
0.081787	0.709229	0.343628	0.337219
0.049744	0.630188	0.284119	0.298157
0.027466	0.546875	0.216370	0.260620
0.012207	0.455017	0.139160	0.220947
0.010071	0.355225	0.068970	0.180664
0.015564	0.247803	-0.000305	0.137634
0.030823	0.132141	-0.064697	0.092468
0.057068	0.010071	-0.116882	0.044250
0.087280	-0.121765	-0.164185	-0.006104
0.121460	-0.258179	-0.203247	-0.058594
0.153198	-0.396423	-0.237122	-0.111694
0.175781	-0.536194	-0.264893	-0.169373
0.187683	-0.670776	-0.289612	-0.230713
0.188293	-0.797729	-0.310669	-0.290833
0.178223	-0.915222	-0.320129	-0.345764
0.150452	-1.019287	-0.328979	-0.395508
0.112000	-1.106567	-0.332031	-0.436096
0.059509	-1.177979	-0.331421	-0.469360
-0.005493	-1.234436	-0.323486	-0.493469
-0.082397	-1.276245	-0.311584	-0.508728
-0.168457	-1.304626	-0.297241	-0.515747
-0.252686	-1.321716	-0.276184	-0.514832
-0.329590	-1.331177	-0.247803	-0.504456
-0.398254	-1.333923	-0.214844	-0.487366
-0.453186	-1.331482	-0.175476	-0.465393
-0.492554	-1.323242	-0.133667	-0.437927
-0.520020	-1.308899	-0.088501	-0.405884
-0.539856	-1.292114	-0.042419	-0.370178
-0.547180	-1.270142	0.006409	-0.328064
-0.543823	-1.243286	0.054932	-0.280762
-0.529785	-1.210632	0.105591	-0.231934
-0.506897	-1.172485	0.158386	-0.181885
-0.473633	-1.129761	0.210876	-0.130005
-0.436401	-1.085815	0.255127	-0.078125
-0.390930	-1.037903	0.299683	-0.028687
-0.339355	-0.986328	0.343018	0.020447
-0.280457	-0.928955	0.385742	0.066833
-0.217590	-0.867004	0.427551	0.112305
-0.153503	-0.802612	0.466614	0.158691
-0.090027	-0.735168	0.502014	0.200806
-0.027771	-0.660095	0.537720	0.237122
0.035095	-0.576782	0.577087	0.268250
0.099487	-0.486145	0.613098	0.293884
0.163879	-0.389709	0.641785	0.314331
0.230103	-0.287170	0.666504	0.331421
0.293579	-0.181274	0.682068	0.344543
0.360107	-0.070801	0.692444	0.359192
0.419617	0.038757	0.691528	0.372925
0.473633	0.145874	0.682678	0.387878
0.523682	0.249634	0.665894	0.401001
0.567932	0.351563	0.639648	0.415344
0.605164	0.450134	0.600891	0.430603
0.640564	0.547180	0.553589	0.450439
0.668640	0.640869	0.494385	0.468750
0.694885	0.731812	0.429077	0.484619
0.717773	0.817261	0.357361	0.496521
0.737000	0.899353	0.287781	0.505981
0.750732	0.974426	0.220947	0.508728
0.759583	1.043701	0.158081	0.505676
0.765076	1.106567	0.100708	0.497131
0.760193	1.162720	0.048828	0.484314
0.748291	1.213074	0.007019	0.469971
0.725403	1.258240	-0.028992	0.454712
0.691528	1.296692	-0.057983	0.439758
0.650635	1.328125	-0.078125	0.425415
0.606384	1.350098	-0.091553	0.414124
0.564880	1.364746	-0.095215	0.406494
0.517883	1.368103	-0.098572	0.399780
0.473633	1.363220	-0.094910	0.393677
0.429993	1.349487	-0.090332	0.385437
0.388184	1.325073	-0.086060	0.378418
0.345764	1.288757	-0.082092	0.371094
0.305786	1.240234	-0.077515	0.363464
0.267639	1.180725	-0.074768	0.355225
0.235901	1.106567	-0.069580	0.345154
0.210266	1.017761	-0.068665	0.330200
0.186462	0.914917	-0.073242	0.312195
0.166016	0.799255	-0.081482	0.288086
0.148315	0.674133	-0.093079	0.259094
0.131531	0.542908	-0.110474	0.225830
0.110779	0.408020	-0.132446	0.190430
0.086060	0.270386	-0.162659	0.152893
0.055847	0.131836	-0.195618	0.115662
0.019836	-0.003052	-0.232849	0.079956
-0.018005	-0.132751	-0.271301	0.044861
-0.065613	-0.256348	-0.316162	0.010681
-0.116577	-0.371704	-0.360107	-0.021973
-0.171814	-0.480957	-0.408630	-0.053711
-0.231018	-0.582581	-0.457458	-0.083313
-0.294189	-0.678101	-0.502625	-0.113831
-0.357666	-0.769348	-0.542603	-0.144043
-0.418396	-0.857239	-0.576477	-0.173950
-0.475464	-0.943909	-0.601807	-0.202942
-0.524292	-1.025085	-0.620117	-0.231628
-0.558472	-1.098022	-0.626526	-0.257874
-0.579834	-1.160889	-0.625305	-0.283203
-0.585632	-1.213684	-0.614014	-0.307007
-0.575256	-1.254578	-0.593872	-0.327148
-0.551147	-1.284485	-0.567322	-0.345764
-0.512085	-1.300659	-0.532532	-0.361938
-0.462952	-1.305542	-0.491638	-0.374756
-0.402832	-1.301270	-0.443115	-0.383911
-0.333862	-1.286621	-0.390625	-0.390015
-0.260620	-1.262512	-0.332336	-0.393677
-0.184631	-1.230774	-0.269470	-0.393982
-0.107117	-1.190186	-0.199585	-0.389404
-0.030518	-1.141968	-0.124512	-0.380859
0.045776	-1.087036	-0.045166	-0.368652
0.122681	-1.024170	0.037842	-0.353699
0.197144	-0.955200	0.120850	-0.336304
0.271301	-0.876770	0.202637	-0.315247
0.345459	-0.787659	0.281677	-0.291138
0.415039	-0.688171	0.354614	-0.264893
0.482788	-0.578613	0.423279	-0.234375
0.549622	-0.460510	0.485840	-0.200806
0.610657	-0.333557	0.541382	-0.162964
0.664978	-0.199585	0.588379	-0.120544
0.715942	-0.059204	0.629883	-0.075378
0.765381	0.087280	0.672607	-0.025940
0.807800	0.237732	0.711975	0.026550
0.848694	0.389099	0.749207	0.081482
0.887756	0.537109	0.781860	0.137634
0.931091	0.679932	0.817261	0.196228
0.975647	0.814514	0.849609	0.253601
1.022949	0.938416	0.881042	0.308228
1.074829	1.051636	0.913086	0.359497
1.130676	1.151428	0.944214	0.406494
1.190186	1.238403	0.972900	0.446777
1.252136	1.312561	0.997620	0.480347
1.309509	1.372681	1.015320	0.506897
1.360779	1.420593	1.024780	0.526123
1.403198	1.456299	1.023254	0.539551
1.432800	1.479797	1.006775	0.545044
1.446228	1.491699	0.974426	0.542603
1.443481	1.491699	0.926208	0.533752
1.423950	1.480103	0.861511	0.520020
1.383667	1.458130	0.774536	0.498962
1.331787	1.429443	0.677490	0.476685
1.261292	1.394653	0.567932	0.452576
1.176453	1.355591	0.450439	0.428467
1.078186	1.310425	0.328369	0.404358
0.968628	1.261902	0.203552	0.381775
0.852966	1.210022	0.081482	0.359192
0.729065	1.150513	-0.037537	0.337219
0.603943	1.087036	-0.144958	0.315552
0.473633	1.017761	-0.246582	0.292664
0.343628	0.944214	-0.338135	0.268250
0.214233	0.866394	-0.420532	0.242004
0.086975	0.786438	-0.491333	0.215759
-0.039368	0.704346	-0.553894	0.187683
-0.161133	0.621338	-0.608215	0.158691
-0.275269	0.538025	-0.652771	0.128784
-0.380859	0.454407	-0.689087	0.098572
-0.475769	0.373230	-0.717773	0.068054
-0.562439	0.293884	-0.744019	0.036621
-0.635376	0.220337	-0.760803	0.008850
-0.699463	0.149841	-0.770264	-0.016479
-0.753174	0.082703	-0.770569	-0.037537
-0.796814	0.019531	-0.762634	-0.054932
-0.830994	-0.040588	-0.744019	-0.068359
-0.858459	-0.099792	-0.717468	-0.079956
-0.875244	-0.155640	-0.682678	-0.088806
-0.887146	-0.207520	-0.642395	-0.096130
-0.891113	-0.254822	-0.594482	-0.101624
-0.888977	-0.295715	-0.543518	-0.105591
-0.877686	-0.330811	-0.489197	-0.108948
-0.859070	-0.358276	-0.432129	-0.110168
-0.833130	-0.379333	-0.372925	-0.110474
-0.800476	-0.393677	-0.312195	-0.110779
-0.759277	-0.402222	-0.250244	-0.111084
-0.710144	-0.407410	-0.190125	-0.112610
-0.653076	-0.409241	-0.130310	-0.113220
-0.591736	-0.411377	-0.073853	-0.112915
-0.527039	-0.415649	-0.017700	-0.113525
-0.459595	-0.423279	0.039368	-0.111694
-0.389709	-0.434570	0.098267	-0.109558
-0.317688	-0.451050	0.158691	-0.107117
-0.243835	-0.470276	0.218506	-0.104675
-0.166931	-0.490417	0.280151	-0.101318
-0.086060	-0.510254	0.340576	-0.096436
-0.003662	-0.527039	0.397339	-0.090027
0.078735	-0.539246	0.451355	-0.082397
0.162659	-0.546875	0.499878	-0.074158
0.250549	-0.548401	0.546265	-0.064697
0.339355	-0.543213	0.586853	-0.051575
0.429077	-0.533752	0.621948	-0.040283
0.520325	-0.520630	0.653992	-0.028076
0.614929	-0.504761	0.683899	-0.008850
0.706482	-0.486450	0.705566	0.011902
0.800171	-0.466003	0.722046	0.035400
0.889893	-0.440979	0.732727	0.060425
0.972290	-0.411987	0.742188	0.083313
1.046753	-0.380859	0.744934	0.104065
1.114502	-0.348816	0.742188	0.124817
1.171570	-0.315857	0.732422	0.144348
1.219482	-0.283203	0.717468	0.162354
1.263428	-0.248413	0.700378	0.180969
1.293335	-0.214233	0.675049	0.199280
1.309204	-0.181580	0.645752	0.215759
1.315308	-0.151367	0.614014	0.232544
1.315002	-0.124512	0.580139	0.249023
1.311340	-0.097656	0.544739	0.265503
1.294556	-0.074463	0.506287	0.278931
1.276550	-0.053101	0.470276	0.293274
1.250610	-0.035706	0.430603	0.306091
1.218262	-0.017395	0.392456	0.317688
1.179810	0.000916	0.351563	0.331116
1.135254	0.022583	0.313110	0.343628
1.083984	0.046387	0.273132	0.354919
1.030884	0.074463	0.231934	0.365601
0.973816	0.107727	0.187378	0.374146
0.914612	0.142822	0.141907	0.381165
0.850830	0.178223	0.098267	0.385132
0.787354	0.213013	0.054626	0.385437
0.721130	0.249023	0.007324	0.382996
0.656128	0.282288	-0.043030	0.378418
0.592957	0.312195	-0.091553	0.373535
0.531921	0.336304	-0.142212	0.368042
0.469971	0.355530	-0.198059	0.358276
0.411987	0.372009	-0.252991	0.344543
0.354919	0.384827	-0.307922	0.327454
0.300903	0.395813	-0.359497	0.307312
0.248718	0.400696	-0.412598	0.285034
0.201721	0.401001	-0.460815	0.262756
0.152588	0.393372	-0.507813	0.238037
0.105896	0.380249	-0.550232	0.213623
0.063477	0.360718	-0.588379	0.188599
0.021057	0.334778	-0.621033	0.165405
-0.020142	0.305481	-0.647278	0.144958
-0.064087	0.275269	-0.670776	0.126038
-0.112000	0.245972	-0.690308	0.111694
-0.158997	0.217896	-0.706177	0.102234
-0.211487	0.188904	-0.720825	0.094910
-0.263672	0.161133	-0.733948	0.091248
-0.314636	0.135193	-0.746765	0.088196
-0.366821	0.109863	-0.760803	0.084229
-0.412598	0.089111	-0.771790	0.080261
-0.450134	0.071716	-0.781250	0.074158
