2020/1/9 16:32:06 40us
CH1			CH2			CH3			CH4
0.081177	0.017395	0.028381	0.065613
0.080872	0.017090	0.028076	0.065613
0.080872	0.016785	0.028076	0.065613
0.080261	0.017395	0.027771	0.065613
0.080566	0.016785	0.028076	0.065613
0.080566	0.016785	0.027771	0.065613
0.081787	0.017090	0.028992	0.065613
0.082397	0.017700	0.030518	0.066223
0.082397	0.017700	0.029602	0.066223
0.081177	0.017090	0.029297	0.065918
0.081787	0.017090	0.028687	0.066223
0.081177	0.017090	0.028381	0.065613
0.079651	0.016479	0.026550	0.065613
0.081482	0.017395	0.029297	0.065918
0.081787	0.017090	0.029297	0.065918
0.083008	0.017395	0.029907	0.065918
0.081482	0.017395	0.029297	0.065918
0.080872	0.017090	0.028076	0.065613
0.082703	0.017395	0.029907	0.066223
0.082703	0.017395	0.029602	0.066223
0.083313	0.018005	0.030518	0.066528
0.081177	0.017395	0.028381	0.065918
0.082703	0.017700	0.029297	0.065918
0.079956	0.016785	0.026550	0.065613
0.076599	0.015564	0.022278	0.064697
0.073853	0.014648	0.019226	0.064087
0.071716	0.014343	0.018005	0.063782
0.072327	0.014038	0.019226	0.064087
0.072937	0.014648	0.019836	0.064392
0.073242	0.015564	0.021057	0.064392
0.076294	0.016785	0.025330	0.065308
0.078735	0.017395	0.028076	0.066223
0.081482	0.017700	0.030823	0.066528
0.083618	0.018616	0.032959	0.067139
0.083923	0.018616	0.033569	0.066833
0.087280	0.019836	0.037231	0.067749
0.088196	0.019836	0.037842	0.067749
0.089722	0.020142	0.039368	0.068054
0.089111	0.019836	0.038757	0.067444
0.089417	0.019836	0.038147	0.067444
0.067139	0.019531	0.038452	0.067749
0.164490	0.019226	0.037842	0.068359
0.090332	0.018921	0.037537	0.069275
-0.113831	0.019226	0.036621	0.072632
-0.142212	0.020142	0.043945	0.082092
0.032959	0.019836	0.027771	0.045471
0.188904	0.021057	0.044556	0.067444
0.292053	0.015869	0.052490	0.066833
0.478210	0.018616	0.030212	0.058289
0.780334	0.034485	0.001831	0.114441
1.127319	0.028076	0.020752	0.154724
1.437073	-0.001831	0.085754	0.128174
1.729431	-0.018921	0.098572	0.083618
2.088928	-0.005493	0.045166	0.021973
2.411499	0.028687	0.029297	-0.033569
2.599487	0.048218	0.052795	-0.040588
2.640991	0.062866	0.074158	-0.007935
2.667847	0.079956	0.069885	0.007324
2.714233	0.075073	0.101929	0.013428
2.679749	0.078430	0.119019	0.055542
2.518921	0.069580	0.104065	0.108643
2.254333	0.062866	0.083923	0.180359
1.973267	0.023499	0.046082	0.284424
1.630554	-0.037537	0.007324	0.383301
1.137085	-0.084534	-0.010071	0.475159
0.479736	-0.140076	-0.045166	0.568848
-0.238037	-0.213928	-0.139771	0.665588
-1.029968	-0.267029	-0.279236	0.724792
-1.816406	-0.252686	-0.425110	0.745239
-2.590942	-0.218201	-0.553589	0.719604
-3.330383	-0.219421	-0.706482	0.675049
-3.977661	-0.210266	-0.827942	0.603638
-4.596863	-0.145874	-0.907898	0.465698
-5.200806	-0.076599	-0.968323	0.289612
-5.818176	-0.023804	-1.040649	0.112000
-6.434937	0.025940	-1.039734	-0.053101
-6.937256	0.097961	-0.951538	-0.193176
-7.296143	0.188293	-0.826721	-0.317078
-7.482605	0.281372	-0.691528	-0.451050
-7.560730	0.359497	-0.517578	-0.572510
-7.577820	0.454712	-0.304871	-0.699768
-7.494507	0.529785	-0.061340	-0.849304
-7.228088	0.584106	0.200806	-0.971680
-6.873474	0.628052	0.473938	-1.036682
-6.492004	0.692749	0.757141	-1.032104
-6.129456	0.744934	1.059570	-1.000977
-5.740356	0.732117	1.318359	-0.984192
-5.319519	0.669250	1.524048	-0.987854
-4.890442	0.606384	1.708374	-1.014099
-4.477539	0.590210	1.903687	-1.034851
-4.086914	0.603638	2.101135	-1.032104
-3.754578	0.645752	2.272949	-0.985107
-3.457947	0.697937	2.436523	-0.901794
-3.171692	0.757446	2.581482	-0.775757
-2.850952	0.783691	2.687988	-0.644226
-2.460022	0.785522	2.776794	-0.513611
-2.021179	0.794983	2.836304	-0.375671
-1.587830	0.810242	2.855225	-0.227356
-1.128540	0.838623	2.829895	-0.062561
-0.682678	0.864563	2.796326	0.116577
-0.269775	0.848389	2.756958	0.285950
0.105286	0.780640	2.706299	0.416565
0.466919	0.697937	2.649231	0.527344
0.844727	0.643311	2.590637	0.644226
1.221008	0.610352	2.524109	0.766907
1.601257	0.558167	2.445984	0.885620
1.970520	0.476685	2.375183	1.004944
2.320862	0.358582	2.330627	1.125488
2.652588	0.189209	2.286072	1.225281
2.929993	-0.000916	2.202759	1.309509
3.158264	-0.192261	2.067871	1.364136
3.320618	-0.379333	1.948547	1.371765
3.408813	-0.554504	1.891479	1.327515
3.442383	-0.722351	1.844788	1.234436
3.418274	-0.885315	1.767578	1.102905
3.321838	-1.052856	1.645813	0.945740
3.169556	-1.218567	1.488342	0.773621
2.955933	-1.388245	1.299438	0.604553
2.710571	-1.546326	1.126404	0.451050
2.467651	-1.682129	0.976868	0.316772
2.239685	-1.785583	0.809326	0.190430
1.993713	-1.838989	0.611572	0.076904
1.708984	-1.856689	0.406799	-0.021667
1.434021	-1.824646	0.192566	-0.098572
1.174316	-1.729431	-0.062561	-0.134888
0.924988	-1.578979	-0.347900	-0.145874
0.697327	-1.379089	-0.635681	-0.157776
0.485229	-1.134644	-0.935974	-0.166626
0.276794	-0.826111	-1.252747	-0.170593
0.094299	-0.467834	-1.569519	-0.170593
-0.035706	-0.105896	-1.886292	-0.181885
-0.113525	0.229492	-2.215271	-0.223083
-0.161438	0.536804	-2.516479	-0.275574
-0.187378	0.857849	-2.771912	-0.318604
-0.194092	1.197815	-2.989502	-0.347900
-0.176392	1.549377	-3.187561	-0.373840
-0.132751	1.899414	-3.359985	-0.390930
-0.039368	2.203979	-3.496704	-0.409851
0.081177	2.454224	-3.581238	-0.439148
0.204468	2.647400	-3.642273	-0.466614
0.321655	2.797852	-3.686523	-0.473022
0.440674	2.896729	-3.713684	-0.457153
0.564270	2.921448	-3.701782	-0.415955
0.686035	2.870178	-3.642883	-0.352173
0.795593	2.715149	-3.573914	-0.281372
0.904846	2.442322	-3.531799	-0.220032
1.013184	2.052002	-3.523865	-0.166931
1.100769	1.583252	-3.539734	-0.117188
1.145935	1.071777	-3.536682	-0.062256
1.118469	0.536804	-3.512573	0.000610
1.033630	-0.020447	-3.468323	0.070190
0.906982	-0.597534	-3.421936	0.147705
0.754089	-1.183777	-3.371277	0.233459
0.590820	-1.774902	-3.319702	0.331421
0.435791	-2.339783	-3.271179	0.437927
0.298767	-2.847900	-3.218689	0.529785
0.182190	-3.275757	-3.157959	0.602112
0.082703	-3.616333	-3.068848	0.657349
-0.028992	-3.884583	-2.968750	0.696411
-0.157166	-4.082031	-2.864685	0.716858
-0.287781	-4.202881	-2.766724	0.708923
-0.404663	-4.251709	-2.658081	0.672302
-0.491943	-4.226990	-2.527771	0.615540
-0.532532	-4.119568	-2.387085	0.545349
-0.520630	-3.924866	-2.241211	0.476685
-0.465088	-3.649902	-2.111816	0.414124
-0.362244	-3.322144	-2.012329	0.365906
-0.203552	-2.957764	-1.936646	0.334778
0.012817	-2.583618	-1.867981	0.317688
0.270691	-2.216187	-1.782837	0.303040
0.568848	-1.841736	-1.661987	0.279846
0.892944	-1.458435	-1.508484	0.243835
1.252136	-1.056213	-1.307068	0.195313
1.620789	-0.661926	-1.087952	0.133362
1.968689	-0.309753	-0.868530	0.068359
2.298279	0.013428	-0.644531	0.004272
2.612305	0.308228	-0.416260	-0.053406
2.916870	0.586243	-0.191345	-0.104675
3.204651	0.861511	0.039368	-0.155945
3.475952	1.128540	0.292969	-0.213318
3.751221	1.371765	0.559998	-0.279236
4.052429	1.572571	0.835571	-0.351257
4.372864	1.731262	1.116333	-0.426025
4.694214	1.855469	1.393433	-0.489502
4.994507	1.965942	1.657715	-0.537415
5.266418	2.078552	1.927795	-0.573425
5.498352	2.191162	2.199402	-0.597534
5.685120	2.290955	2.461243	-0.606995
5.825195	2.357788	2.697144	-0.598145
5.912476	2.393494	2.896423	-0.569763
5.956116	2.400208	3.062439	-0.522766
5.956726	2.393494	3.198242	-0.454407
5.903015	2.372437	3.298340	-0.372314
5.802002	2.322998	3.363342	-0.285645
5.651550	2.236633	3.395996	-0.196533
5.452881	2.111511	3.397827	-0.098267
5.201111	1.957703	3.364563	0.015259
4.902039	1.775513	3.297729	0.140686
4.563904	1.573181	3.204041	0.269775
4.180908	1.356506	3.095703	0.391541
3.749695	1.137695	2.985535	0.500488
3.267822	0.925903	2.873840	0.593262
2.739258	0.733337	2.751465	0.672302
2.172852	0.547180	2.600403	0.747986
1.582947	0.360413	2.425537	0.812683
0.982971	0.164490	2.222595	0.848083
0.381165	-0.040894	1.999207	0.878906
-0.207214	-0.245056	1.753235	0.906982
-0.786438	-0.433960	1.479797	0.911865
-1.310425	-0.607605	1.175842	0.908508
-1.794434	-0.779114	0.851135	0.885315
-2.244568	-0.959778	0.527649	0.850220
-2.601318	-1.152039	0.210266	0.814514
-2.904663	-1.350708	-0.100403	0.774231
-3.162231	-1.535950	-0.408630	0.727844
-3.369446	-1.690674	-0.713806	0.672913
-3.526001	-1.789856	-0.986023	0.617371
-3.654785	-1.845093	-1.246948	0.548096
-3.755188	-1.862793	-1.489563	0.457153
-3.811340	-1.846924	-1.710510	0.352783
-3.789063	-1.774292	-1.898193	0.236206
-3.727417	-1.640320	-2.042847	0.093384
-3.626404	-1.459351	-2.148743	-0.072632
-3.476563	-1.244812	-2.230530	-0.250244
-3.289795	-0.994263	-2.292175	-0.429077
-3.063354	-0.711975	-2.314453	-0.589600
-2.814941	-0.419006	-2.291870	-0.732422
-2.583923	-0.130005	-2.239990	-0.862732
-2.398987	0.148315	-2.153625	-0.967102
-2.258301	0.412903	-2.028809	-1.050415
-2.153625	0.646362	-1.850586	-1.121216
-2.098083	0.847778	-1.622314	-1.179199
-2.111206	1.016235	-1.365356	-1.221619
-2.181396	1.152344	-1.101685	-1.241760
-2.311401	1.254578	-0.839539	-1.231995
-2.501221	1.316223	-0.587769	-1.205139
-2.755737	1.340637	-0.332031	-1.156311
-3.076172	1.335449	-0.091248	-1.086426
-3.439636	1.300049	0.134277	-0.994568
-3.821716	1.237488	0.350647	-0.882568
-4.206238	1.151428	0.562134	-0.751343
-4.561768	1.049500	0.758667	-0.613708
-4.878845	0.936890	0.938416	-0.469360
-5.147705	0.810242	1.117859	-0.332336
-5.370483	0.673218	1.305542	-0.202942
-5.548401	0.531921	1.501160	-0.088196
-5.687866	0.394592	1.705933	0.026245
-5.777588	0.259705	1.925964	0.141907
-5.787048	0.114746	2.157593	0.238953
-5.724792	-0.040894	2.396545	0.314636
-5.586243	-0.202026	2.648926	0.383911
-5.392151	-0.361023	2.894287	0.444946
-5.127869	-0.506592	3.110352	0.505066
-4.788818	-0.639648	3.288574	0.570984
-4.384766	-0.762329	3.427124	0.639954
-3.931580	-0.879822	3.523865	0.715332
-3.443604	-0.986633	3.583069	0.797424
-2.934875	-1.075439	3.591309	0.875244
-2.393799	-1.149902	3.557129	0.935364
-1.806335	-1.201782	3.480225	0.974121
-1.203613	-1.228333	3.370667	0.989990
-0.609436	-1.237183	3.233337	0.980225
-0.034790	-1.233215	3.073425	0.949097
0.537109	-1.209717	2.888794	0.903015
1.078186	-1.150818	2.689514	0.856018
1.562805	-1.059265	2.486572	0.801392
1.997681	-0.935669	2.283020	0.745239
2.391663	-0.780334	2.079468	0.683289
2.749329	-0.587769	1.875916	0.619812
3.068542	-0.371094	1.672058	0.561218
3.343201	-0.130920	1.475220	0.495605
3.567505	0.123596	1.284485	0.424500
3.746948	0.382690	1.103821	0.344849
3.898926	0.631409	0.933228	0.258179
4.014587	0.865173	0.771179	0.169983
4.086609	1.087646	0.617371	0.088196
4.113159	1.297607	0.469360	0.006409
4.093323	1.510925	0.322571	-0.072327
4.023438	1.720276	0.177917	-0.151672
3.894958	1.912231	0.042725	-0.223083
3.705139	2.068176	-0.080566	-0.290527
3.466187	2.178345	-0.188904	-0.357361
3.189087	2.243042	-0.284119	-0.420837
2.879028	2.254944	-0.366821	-0.469055
2.531433	2.220154	-0.448608	-0.500793
2.167053	2.140503	-0.522156	-0.514526
1.797791	2.016907	-0.586548	-0.512085
1.421509	1.852112	-0.633240	-0.497131
1.029968	1.649780	-0.672302	-0.470581
0.635986	1.425476	-0.698547	-0.428467
0.250549	1.183167	-0.718384	-0.375671
-0.130920	0.927734	-0.750427	-0.319214
-0.508728	0.666199	-0.792542	-0.267944
-0.891418	0.404053	-0.856018	-0.221558
-1.252441	0.144348	-0.934448	-0.173950
-1.585388	-0.108337	-1.039124	-0.122986
-1.870728	-0.349731	-1.174316	-0.069580
-2.114563	-0.574036	-1.336670	-0.014038
-2.325439	-0.787659	-1.525269	0.046387
-2.470093	-0.988159	-1.723022	0.107422
-2.530518	-1.167297	-1.929626	0.167542
-2.506104	-1.323853	-2.141724	0.227661
-2.417603	-1.446228	-2.347412	0.284119
-2.277222	-1.534119	-2.546387	0.341797
-2.085266	-1.585999	-2.733154	0.400696
-1.839294	-1.611938	-2.909241	0.456848
-1.547241	-1.613464	-3.063049	0.504761
-1.227112	-1.591797	-3.184509	0.541992
-0.893250	-1.546936	-3.278198	0.564270
-0.536804	-1.483459	-3.339844	0.567627
-0.151367	-1.412354	-3.385925	0.549011
0.265198	-1.337585	-3.419495	0.520020
0.694885	-1.266479	-3.442383	0.484924
1.119995	-1.198120	-3.442383	0.449219
1.530762	-1.130371	-3.426514	0.410461
1.919861	-1.058350	-3.396606	0.365906
2.285461	-0.988159	-3.351135	0.314636
2.606201	-0.925903	-3.287659	0.261536
2.870178	-0.873108	-3.202820	0.206604
3.075867	-0.821838	-3.093872	0.150757
3.220215	-0.768738	-2.974243	0.094299
3.302002	-0.721130	-2.846069	0.037842
3.333435	-0.682983	-2.708435	-0.013428
3.323364	-0.649719	-2.546082	-0.063782
3.293152	-0.616150	-2.357483	-0.116272
3.249207	-0.580750	-2.145081	-0.164795
3.200989	-0.541992	-1.913757	-0.205383
3.154907	-0.492859	-1.658936	-0.231628
3.106689	-0.428467	-1.377563	-0.249939
3.053284	-0.342712	-1.072083	-0.266113
2.999268	-0.229797	-0.743713	-0.284729
2.941895	-0.101318	-0.402832	-0.301514
2.887268	0.036316	-0.056458	-0.315247
2.846985	0.184937	0.289917	-0.321655
2.820129	0.349121	0.616150	-0.324707
2.802124	0.526123	0.918579	-0.324402
2.777405	0.706787	1.183777	-0.321655
2.749634	0.887451	1.409302	-0.317078
2.728882	1.051941	1.589966	-0.308533
2.714539	1.201782	1.744690	-0.300598
2.699890	1.323547	1.875000	-0.289917
2.691040	1.414795	1.977539	-0.276489
2.695618	1.464233	2.048950	-0.261536
2.716980	1.473694	2.103882	-0.242004
2.756653	1.444397	2.147522	-0.213013
2.814636	1.385803	2.182922	-0.170593
2.891846	1.303711	2.207336	-0.113220
2.986450	1.199646	2.222290	-0.041199
3.098145	1.076965	2.223816	0.041199
3.216248	0.941162	2.209473	0.125427
3.329163	0.802002	2.192383	0.210266
3.428040	0.663452	2.166138	0.292358
3.519287	0.532227	2.123413	0.370483
3.606262	0.415649	2.055664	0.443726
3.692932	0.318298	1.961975	0.513611
3.774414	0.231628	1.848145	0.580444
3.844604	0.147095	1.709595	0.639954
3.900146	0.060730	1.546021	0.689697
3.935547	-0.023499	1.361694	0.728760
3.942871	-0.103455	1.168823	0.756836
3.918152	-0.181885	0.971680	0.773010
3.859558	-0.257874	0.775452	0.774841
3.758545	-0.334167	0.573730	0.759583
3.620911	-0.405273	0.379333	0.728149
3.437500	-0.472107	0.187683	0.681152
3.199768	-0.530090	-0.001526	0.620422
2.921448	-0.570679	-0.179138	0.551147
2.606506	-0.595398	-0.343628	0.476685
2.266846	-0.602417	-0.489197	0.403442
1.898499	-0.592346	-0.618286	0.333252
1.506348	-0.562744	-0.729065	0.269165
1.099243	-0.512695	-0.826416	0.211792
0.684814	-0.439453	-0.910034	0.156860
0.270691	-0.343323	-0.972900	0.108032
-0.137024	-0.232239	-1.012268	0.060425
-0.528870	-0.107422	-1.020813	0.008850
-0.901184	0.026855	-1.002808	-0.038757
-1.252747	0.166016	-0.963745	-0.082092
-1.595459	0.307312	-0.909424	-0.131836
-1.918640	0.446472	-0.837097	-0.178833
-2.233887	0.581665	-0.742188	-0.227051
-2.543945	0.703430	-0.625610	-0.278015
-2.821960	0.806580	-0.494385	-0.323792
-3.087769	0.884705	-0.353394	-0.366211
-3.344727	0.934143	-0.213623	-0.401917
-3.570557	0.961304	-0.080566	-0.426636
-3.746338	0.968628	0.038147	-0.440674
-3.874207	0.963135	0.142822	-0.445557
-3.957214	0.947266	0.233765	-0.442810
-3.987122	0.926819	0.314636	-0.429993
-3.943176	0.910645	0.387878	-0.406189
-3.840637	0.898438	0.457764	-0.381165
-3.682556	0.885620	0.527344	-0.355225
-3.479309	0.868530	0.602112	-0.325623
-3.258667	0.844727	0.679321	-0.299072
-3.016357	0.813904	0.765991	-0.263367
-2.759399	0.769653	0.854187	-0.219421
-2.487793	0.709839	0.938416	-0.173340
-2.220764	0.628662	1.015320	-0.118408
-1.960449	0.524597	1.093140	-0.059509
-1.708679	0.393677	1.170349	0.000305
-1.484985	0.236511	1.248169	0.058289
-1.298828	0.057068	1.323547	0.111084
-1.147156	-0.137634	1.398010	0.158691
-1.029358	-0.343323	1.462097	0.205688
-0.949402	-0.558167	1.510315	0.250244
-0.907593	-0.775146	1.542358	0.292053
-0.906067	-0.988464	1.555176	0.328064
-0.947571	-1.191711	1.545105	0.356140
-1.015625	-1.378174	1.519775	0.378113
-1.109009	-1.546936	1.484680	0.391235
-1.219788	-1.691589	1.438293	0.391235
-1.331787	-1.810608	1.384277	0.384827
-1.441650	-1.898804	1.328735	0.375977
-1.538391	-1.960144	1.275024	0.369263
-1.611633	-1.990662	1.220703	0.356445
-1.655884	-1.990662	1.169739	0.347900
-1.673584	-1.963501	1.120605	0.341187
-1.657104	-1.909485	1.075439	0.336609
-1.600952	-1.832886	1.034241	0.330505
-1.499939	-1.730042	1.005859	0.326538
-1.371460	-1.601563	0.982971	0.314941
-1.224976	-1.443176	0.966187	0.296936
-1.061096	-1.252747	0.959473	0.272827
-0.878601	-1.036987	0.970459	0.237122
-0.692139	-0.810852	0.993958	0.193176
-0.503235	-0.578003	1.027527	0.143433
-0.307617	-0.338745	1.072083	0.089722
-0.116882	-0.098572	1.114807	0.031738
0.076904	0.149841	1.162109	-0.026550
0.255737	0.393677	1.200867	-0.084229
0.420532	0.632629	1.233826	-0.136414
0.569763	0.861206	1.261902	-0.174255
0.710754	1.074524	1.282654	-0.198669
0.845947	1.271973	1.294556	-0.208130
0.967407	1.444092	1.287842	-0.206604
1.075439	1.590576	1.273499	-0.191345
1.165466	1.706238	1.250305	-0.166321
1.235962	1.791687	1.219177	-0.134277
1.289673	1.848145	1.177063	-0.098572
1.329651	1.877136	1.125793	-0.063171
1.357727	1.882935	1.066284	-0.024719
1.373596	1.864929	0.997925	0.012512
1.378479	1.818848	0.919495	0.046997
1.374207	1.748962	0.833740	0.078735
1.356506	1.657104	0.731201	0.109558
1.331787	1.552734	0.619812	0.143433
1.297302	1.441956	0.492554	0.181274
1.253052	1.329651	0.345154	0.221863
1.195984	1.220703	0.186157	0.266724
1.126099	1.114807	0.021667	0.312805
1.036682	1.013794	-0.143433	0.355835
0.924683	0.918274	-0.306396	0.392151
0.798645	0.830383	-0.458374	0.422668
0.655518	0.745850	-0.604858	0.445251
0.502930	0.658569	-0.741272	0.462646
0.342712	0.563965	-0.869446	0.476990
0.182495	0.460510	-0.989685	0.489197
0.021973	0.345764	-1.105652	0.498962
-0.135803	0.217896	-1.218872	0.505371
-0.285339	0.079346	-1.332703	0.509033
-0.420532	-0.070190	-1.445007	0.509033
-0.532837	-0.224304	-1.554260	0.504150
-0.620728	-0.380859	-1.669006	0.496521
-0.684509	-0.533752	-1.793518	0.484314
-0.724487	-0.675659	-1.926575	0.466003
-0.742493	-0.801086	-2.066650	0.442810
-0.737305	-0.905457	-2.214050	0.416870
-0.707703	-0.986328	-2.362366	0.388489
-0.653381	-1.042175	-2.506409	0.357666
-0.577087	-1.072388	-2.640686	0.320129
-0.477600	-1.074524	-2.754822	0.276489
-0.357056	-1.047363	-2.843933	0.225220
-0.222168	-0.993042	-2.904358	0.164490
-0.079346	-0.915222	-2.935181	0.093994
0.068359	-0.815125	-2.933655	0.016174
0.227356	-0.693054	-2.890930	-0.066223
0.403137	-0.553284	-2.801819	-0.148010
0.596008	-0.401001	-2.666931	-0.228577
0.801392	-0.242004	-2.496338	-0.307922
1.014709	-0.081177	-2.299194	-0.385742
1.230469	0.078430	-2.083740	-0.456848
1.437073	0.228882	-1.861572	-0.519104
1.625061	0.367126	-1.642456	-0.573425
1.794739	0.485840	-1.435242	-0.622253
1.942749	0.581360	-1.242676	-0.661316
2.060242	0.646973	-1.069641	-0.690918
2.149048	0.681152	-0.911255	-0.710144
2.209167	0.683899	-0.761719	-0.720825
2.244873	0.655518	-0.621338	-0.718994
2.257690	0.599060	-0.489502	-0.704956
2.251587	0.517273	-0.361023	-0.675964
2.227783	0.411682	-0.234680	-0.635071
2.191467	0.283508	-0.100708	-0.581970
2.140808	0.137939	0.034790	-0.523376
2.069702	-0.024109	0.172729	-0.459290
1.981506	-0.193787	0.314331	-0.392151
1.877441	-0.364990	0.458984	-0.322571
1.756897	-0.529785	0.605164	-0.252075
1.626892	-0.682678	0.742188	-0.187683
1.501160	-0.816956	0.874634	-0.123596
1.386414	-0.928345	0.998840	-0.062256
1.286621	-1.011658	1.112061	-0.005188
1.207275	-1.063232	1.209717	0.045471
1.151733	-1.081848	1.286316	0.091858
1.128540	-1.065674	1.344299	0.135498
1.133118	-1.017761	1.376343	0.180359
1.165771	-0.942383	1.384583	0.227966
1.234436	-0.842285	1.365051	0.276184
1.313477	-0.722351	1.320190	0.326538
1.391602	-0.586548	1.257019	0.376587
1.500854	-0.444031	1.172791	0.423889
1.650391	-0.299072	1.078186	0.463562
1.808777	-0.155334	0.981750	0.498047
1.964417	-0.012817	0.883789	0.530701
2.130127	0.126953	0.782471	0.560303
2.305908	0.266418	0.681152	0.592346
2.484131	0.398560	0.588074	0.620117
2.647095	0.523376	0.511169	0.631714
2.790833	0.643616	0.440369	0.628662
2.935791	0.761719	0.370483	0.616150
3.059998	0.876770	0.310669	0.595703
3.149414	0.985107	0.268250	0.573120
3.198242	1.087646	0.232849	0.545654
3.213501	1.187134	0.199585	0.509338
3.197937	1.281738	0.178223	0.469666
3.135986	1.367493	0.158997	0.426941
3.027039	1.441956	0.139771	0.386658
2.881775	1.508179	0.123291	0.351563
2.702332	1.557922	0.104980	0.322571
2.491150	1.586609	0.085144	0.298157
2.236938	1.596069	0.069580	0.276794
1.928711	1.586914	0.054321	0.257263
1.597900	1.557922	0.032349	0.246582
1.228027	1.511230	0.000916	0.239258
0.835876	1.454468	-0.031433	0.229492
0.430908	1.383667	-0.064087	0.216064
0.020142	1.293640	-0.097656	0.204163
-0.383911	1.190491	-0.124817	0.191040
-0.795288	1.080627	-0.147095	0.169678
-1.225586	0.964050	-0.165100	0.139771
-1.665955	0.841370	-0.187988	0.104065
-2.111206	0.718689	-0.208740	0.066223
-2.545776	0.595398	-0.223694	0.027771
-2.958069	0.468140	-0.232239	-0.010681
-3.346558	0.335693	-0.242920	-0.054932
-3.710022	0.199280	-0.247192	-0.101318
-4.049683	0.060730	-0.244446	-0.147705
-4.369507	-0.083008	-0.229187	-0.192566
-4.662781	-0.231934	-0.203247	-0.229797
-4.917603	-0.382385	-0.166931	-0.248718
-5.121460	-0.530701	-0.120544	-0.249023
-5.278625	-0.678711	-0.066833	-0.235291
-5.378723	-0.827332	-0.010681	-0.220032
-5.423279	-0.975342	0.045166	-0.205383
-5.414429	-1.115112	0.104675	-0.193481
-5.349121	-1.237793	0.165710	-0.185852
-5.222778	-1.343079	0.228271	-0.177917
-5.062866	-1.427002	0.280151	-0.169067
-4.875793	-1.493835	0.327148	-0.160217
-4.658813	-1.541748	0.363159	-0.151062
-4.395447	-1.573181	0.387268	-0.144348
-4.088745	-1.589661	0.403442	-0.143127
-3.751831	-1.587219	0.415649	-0.147095
-3.402405	-1.566467	0.429688	-0.150452
-3.041382	-1.529846	0.440979	-0.148926
-2.670593	-1.481018	0.455933	-0.140991
-2.304993	-1.426697	0.475159	-0.132141
-1.951599	-1.371460	0.502014	-0.127563
-1.615906	-1.314697	0.534973	-0.126038
-1.295166	-1.254578	0.580139	-0.121765
-0.987244	-1.188354	0.635986	-0.114136
-0.704956	-1.124268	0.697937	-0.100403
-0.454407	-1.065063	0.769348	-0.079346
-0.240784	-1.010437	0.854797	-0.047913
-0.064392	-0.961609	0.951843	-0.012817
0.074463	-0.913391	1.055603	0.026855
0.179749	-0.861206	1.159058	0.073242
0.252380	-0.805969	1.265564	0.125122
0.294495	-0.750122	1.383972	0.179443
0.309143	-0.694275	1.504822	0.230713
0.305176	-0.637207	1.624146	0.277100
0.278625	-0.581360	1.726685	0.316772
0.236511	-0.530701	1.809998	0.348511
0.177002	-0.480652	1.872559	0.372620
0.109558	-0.426025	1.927490	0.390015
0.036316	-0.366516	1.971130	0.399475
-0.035095	-0.303040	2.004700	0.401306
-0.100098	-0.232544	2.025757	0.395203
-0.163574	-0.158081	2.032166	0.379639
-0.219116	-0.079346	2.028503	0.357361
-0.264893	0.004272	2.014160	0.334473
-0.297546	0.096436	1.990051	0.312195
-0.314941	0.196838	1.949158	0.289612
-0.312500	0.302734	1.892700	0.268250
-0.292969	0.411987	1.819763	0.252075
-0.258484	0.524902	1.731262	0.240479
-0.205994	0.634766	1.627197	0.231628
-0.137024	0.740356	1.503601	0.225220
-0.055847	0.840149	1.359558	0.220337
0.032043	0.939941	1.202393	0.219727
0.123901	1.042786	1.035767	0.221252
0.218201	1.145935	0.859070	0.223083
0.312195	1.242981	0.667725	0.226440
0.411682	1.327209	0.464478	0.228882
0.513916	1.396790	0.255737	0.227356
0.606689	1.449585	0.041809	0.222473
0.689392	1.485901	-0.171509	0.219727
0.762024	1.502686	-0.386658	0.219116
0.822144	1.496582	-0.604858	0.221558
0.870056	1.466980	-0.819092	0.228882
0.899658	1.410828	-1.031494	0.237122
0.908813	1.325684	-1.246643	0.243225
0.903320	1.216736	-1.463013	0.247192
0.876160	1.090088	-1.683350	0.245972
0.827026	0.952759	-1.896057	0.243530
0.748596	0.809631	-2.100830	0.240173
0.643005	0.664978	-2.290955	0.234985
0.518799	0.520325	-2.469788	0.226135
0.382996	0.378418	-2.636108	0.211792
0.239563	0.239563	-2.786255	0.193787
0.083313	0.102234	-2.921448	0.170898
-0.072021	-0.022583	-3.027954	0.144653
-0.229797	-0.134888	-3.109741	0.115356
-0.385437	-0.238342	-3.169861	0.084839
-0.540771	-0.333252	-3.209534	0.054626
-0.693970	-0.420837	-3.226318	0.024414
-0.841370	-0.499573	-3.220520	-0.003357
-0.980225	-0.570068	-3.193665	-0.037842
-1.109619	-0.630798	-3.147888	-0.079041
-1.225586	-0.682373	-3.081055	-0.117188
-1.330261	-0.722961	-2.991638	-0.155029
-1.420593	-0.755920	-2.880554	-0.191956
-1.494446	-0.782776	-2.753296	-0.225525
-1.550598	-0.805969	-2.621155	-0.263367
-1.571960	-0.821838	-2.474976	-0.299988
-1.565857	-0.833435	-2.320251	-0.332031
-1.534729	-0.834656	-2.150879	-0.363159
-1.476746	-0.827942	-1.973877	-0.393372
-1.381226	-0.809631	-1.792297	-0.418396
-1.254883	-0.779724	-1.610107	-0.435486
-1.110535	-0.742798	-1.429443	-0.446472
-0.953674	-0.697632	-1.246338	-0.451965
-0.777283	-0.640564	-1.063538	-0.452576
-0.571899	-0.562439	-0.880737	-0.447693
-0.348816	-0.466919	-0.699463	-0.444031
-0.102844	-0.359192	-0.524597	-0.440063
0.167236	-0.245972	-0.348511	-0.437012
0.455933	-0.126038	-0.173340	-0.434875
0.765381	-0.005493	-0.002441	-0.427551
1.084595	0.113831	0.160828	-0.419617
1.402283	0.231934	0.315857	-0.411072
1.718445	0.348816	0.463257	-0.399780
2.028503	0.464783	0.607910	-0.387268
2.329407	0.571594	0.744019	-0.369873
2.598267	0.659790	0.860291	-0.351868
2.853394	0.730896	0.959473	-0.333862
3.087463	0.785217	1.044922	-0.312195
3.290710	0.819397	1.116333	-0.289001
3.459473	0.833130	1.174011	-0.263672
3.595581	0.825806	1.220703	-0.234070
3.695374	0.797424	1.249390	-0.202942
3.760071	0.748596	1.268311	-0.168762
3.787537	0.679321	1.285095	-0.130615
3.771667	0.596313	1.296692	-0.090027
3.717957	0.503235	1.304626	-0.048218
3.632507	0.402832	1.306458	-0.002747
3.514404	0.300903	1.305237	0.044250
3.365479	0.203552	1.293335	0.092163
3.197327	0.118713	1.275940	0.140381
3.011475	0.046997	1.251221	0.188293
2.817993	-0.005798	1.213989	0.234985
2.615967	-0.036926	1.163635	0.277405
2.408752	-0.046997	1.106567	0.311890
2.192688	-0.036621	1.042786	0.335388
1.973267	-0.002136	0.971680	0.354919
1.760254	0.052795	0.888367	0.373840
1.549072	0.121155	0.793152	0.384827
1.341858	0.196533	0.690308	0.390625
1.138916	0.278320	0.584412	0.390930
0.941772	0.362854	0.474243	0.383606
0.767212	0.441895	0.362854	0.373840
0.605469	0.515442	0.252075	0.361633
0.461426	0.581970	0.147400	0.349731
0.338135	0.643005	0.051880	0.337524
0.230408	0.698547	-0.038147	0.326843
0.134888	0.741577	-0.122070	0.312195
0.044861	0.774841	-0.201721	0.292969
-0.036621	0.798950	-0.271301	0.268860
-0.110474	0.819397	-0.332642	0.242004
-0.184937	0.834045	-0.386658	0.212097
-0.260620	0.838623	-0.437012	0.181885
-0.335693	0.831909	-0.480347	0.151978
-0.418396	0.820007	-0.515747	0.122375
-0.511169	0.801697	-0.542908	0.095215
-0.614929	0.774841	-0.564575	0.067749
-0.727844	0.739441	-0.578003	0.041809
-0.844421	0.696716	-0.585327	0.018311
-0.965881	0.644531	-0.589600	-0.002441
-1.089783	0.581970	-0.588379	-0.019226
-1.222534	0.509338	-0.585327	-0.034180
-1.360168	0.430298	-0.579834	-0.049133
-1.509705	0.341797	-0.582886	-0.065918
-1.665649	0.247498	-0.580139	-0.080872
-1.833801	0.146790	-0.577087	-0.094604
-2.006226	0.043945	-0.570068	-0.102844
-2.180176	-0.063782	-0.563660	-0.106506
-2.355347	-0.175171	-0.556946	-0.105896
-2.527771	-0.289612	-0.547485	-0.100708
-2.691345	-0.404053	-0.530090	-0.090332
-2.839661	-0.518799	-0.514832	-0.078735
-2.966309	-0.631409	-0.494385	-0.062561
-3.073120	-0.741272	-0.470886	-0.044556
-3.150635	-0.846252	-0.438232	-0.023499
-3.203735	-0.945129	-0.395813	-0.003662
-3.241272	-1.036682	-0.343323	0.014954
-3.261108	-1.120300	-0.275879	0.032959
-3.261719	-1.197205	-0.198364	0.050049
-3.240051	-1.264343	-0.107727	0.067749
-3.198242	-1.321716	-0.011597	0.083923
-3.135681	-1.367188	0.094910	0.102539
-3.053894	-1.401672	0.204468	0.124207
-2.947083	-1.426697	0.317078	0.148926
-2.815857	-1.443787	0.429077	0.172424
-2.666016	-1.452332	0.538940	0.192566
-2.500000	-1.451416	0.646362	0.209961
-2.322083	-1.441956	0.744324	0.223694
-2.124329	-1.424255	0.836792	0.240173
-1.907654	-1.398926	0.920105	0.256348
-1.675110	-1.366272	0.997314	0.256042
-1.435547	-1.327515	1.066284	0.252686
-1.190796	-1.282959	1.130676	0.255737
-0.940857	-1.233215	1.190186	0.248718
-0.678406	-1.180115	1.246033	0.244141
-0.422363	-1.121521	1.301880	0.234680
-0.178528	-1.058350	1.356812	0.217896
0.065918	-0.989990	1.407166	0.202332
0.288696	-0.919189	1.453552	0.184631
0.494995	-0.846252	1.495361	0.162964
0.690613	-0.774536	1.529236	0.140686
0.872498	-0.704041	1.555786	0.124817
1.024780	-0.636902	1.571655	0.114136
1.146240	-0.575562	1.583252	0.103760
1.242065	-0.519104	1.584778	0.097351
1.325989	-0.463257	1.576538	0.096436
1.376953	-0.412903	1.560059	0.095825
1.386108	-0.367432	1.535645	0.094299
1.369934	-0.331421	1.506348	0.090942
1.321106	-0.301514	1.468201	0.082703
1.244507	-0.278015	1.426392	0.079346
1.151733	-0.264587	1.376953	0.075989
1.034851	-0.258789	1.316528	0.072327
0.897217	-0.262756	1.248779	0.068665
0.754089	-0.268250	1.175537	0.068054
0.609131	-0.276184	1.094360	0.070801
0.459290	-0.287476	1.003418	0.079651
0.300293	-0.303345	0.899353	0.089722
0.142212	-0.317688	0.790100	0.101013
-0.011597	-0.328979	0.672913	0.118713
-0.156250	-0.339355	0.549011	0.137024
-0.294495	-0.349121	0.417175	0.159607
-0.421753	-0.353088	0.280151	0.180054
-0.534973	-0.346069	0.140686	0.195618
-0.625610	-0.328979	0.004883	0.208130
-0.702820	-0.302734	-0.129089	0.218201
-0.754700	-0.260315	-0.256653	0.223694
-0.787354	-0.202942	-0.389099	0.230408
-0.806274	-0.134888	-0.518494	0.232849
-0.812683	-0.056152	-0.646057	0.232849
-0.802917	0.033569	-0.770874	0.227051
-0.766296	0.132446	-0.887451	0.223083
-0.715332	0.234680	-1.009216	0.217590
-0.641174	0.340576	-1.123047	0.214844
-0.555420	0.446167	-1.229553	0.210266
-0.454712	0.547485	-1.323547	0.205383
-0.348206	0.641785	-1.405334	0.199280
-0.240173	0.728760	-1.479492	0.193787
-0.126953	0.805969	-1.535339	0.190735
-0.017090	0.872803	-1.579285	0.184326
0.084229	0.924377	-1.608582	0.177307
0.174561	0.962219	-1.631470	0.170288
0.256653	0.984497	-1.652527	0.161133
0.333862	0.991821	-1.659241	0.154724
0.392761	0.981445	-1.661377	0.144043
0.439148	0.960693	-1.651306	0.131531
0.468140	0.929565	-1.635132	0.118713
0.480347	0.885010	-1.618347	0.102234
0.481262	0.830688	-1.594543	0.080872
0.468140	0.771179	-1.564636	0.057068
0.438538	0.706787	-1.529541	0.029297
0.394592	0.638428	-1.484070	0.000916
0.339050	0.567627	-1.431885	-0.024414
0.277710	0.497437	-1.372681	-0.053101
0.210266	0.426025	-1.306763	-0.088196
0.144653	0.360413	-1.227112	-0.117798
0.080261	0.301208	-1.141052	-0.147705
0.019226	0.249329	-1.049194	-0.174866
-0.029907	0.206909	-0.950317	-0.198669
-0.073853	0.169067	-0.846863	-0.225220
-0.109253	0.136414	-0.740662	-0.252380
-0.123291	0.106812	-0.630798	-0.274658
-0.122070	0.079956	-0.523376	-0.295410
-0.105591	0.053711	-0.423279	-0.312805
-0.062256	0.028076	-0.323486	-0.326538
0.004578	0.007629	-0.224915	-0.334778
0.079346	-0.011597	-0.136108	-0.343323
0.163269	-0.028076	-0.049133	-0.353394
0.259094	-0.044556	0.031128	-0.365601
0.378418	-0.055237	0.108337	-0.376587
0.488281	-0.065002	0.176697	-0.389099
0.605164	-0.075073	0.242004	-0.400391
0.727844	-0.082397	0.298157	-0.414429
0.853271	-0.083923	0.347290	-0.428467
0.993347	-0.078735	0.394897	-0.437317
1.135254	-0.069885	0.437927	-0.443420
1.280212	-0.059509	0.473633	-0.447693
1.429749	-0.048218	0.503845	-0.447693
1.577148	-0.030823	0.528259	-0.440979
1.728210	-0.010071	0.552673	-0.427246
1.875305	0.015564	0.575867	-0.408630
2.015076	0.045471	0.599365	-0.386963
2.141418	0.080872	0.616150	-0.362549
2.258911	0.122986	0.630493	-0.334473
2.366943	0.162354	0.638123	-0.303345
2.463989	0.198364	0.638733	-0.268860
2.547913	0.231323	0.631714	-0.236816
2.618408	0.264282	0.625610	-0.205383
2.671814	0.292053	0.619812	-0.173340
2.699890	0.311890	0.609741	-0.140991
2.710571	0.325317	0.596619	-0.111389
2.699585	0.329590	0.576172	-0.083313
2.667542	0.327454	0.556946	-0.056763
2.608032	0.318909	0.534058	-0.031433
2.529297	0.307312	0.510254	-0.008545
2.427673	0.295410	0.486450	0.014343
2.304688	0.285034	0.463562	0.037842
2.160645	0.278931	0.443115	0.061646
1.994019	0.279236	0.417480	0.083618
1.818542	0.289307	0.397949	0.105591
1.624451	0.308228	0.372925	0.126343
1.424866	0.338745	0.349731	0.150146
1.221619	0.379639	0.325623	0.176086
1.014404	0.428772	0.304260	0.201416
0.807495	0.483398	0.285645	0.224304
0.606384	0.541687	0.266113	0.245361
0.416565	0.599365	0.245056	0.267334
0.240784	0.655212	0.225830	0.290833
0.079651	0.708008	0.209351	0.312500
-0.063782	0.758972	0.201111	0.331726
-0.194702	0.804443	0.188293	0.347290
-0.307922	0.844727	0.178833	0.358276
-0.404358	0.875549	0.169067	0.363159
-0.485229	0.899353	0.157776	0.363464
-0.552063	0.919189	0.146179	0.359497
-0.605469	0.932617	0.130005	0.354309
-0.642700	0.942993	0.110168	0.346680
-0.663452	0.948486	0.085754	0.336304
-0.667114	0.949402	0.060425	0.325012
-0.661926	0.946045	0.028381	0.311890
-0.644531	0.939636	-0.006714	0.299377
-0.617371	0.928955	-0.042114	0.289917
-0.583496	0.911560	-0.079651	0.281677
-0.543823	0.888367	-0.115051	0.276489
-0.500793	0.856323	-0.147705	0.273438
-0.457458	0.814819	-0.176697	0.271301
-0.418091	0.765076	-0.204773	0.268860
-0.381470	0.704346	-0.227966	0.266724
-0.353699	0.629578	-0.247803	0.263977
-0.333252	0.544128	-0.260925	0.262146
-0.324707	0.446777	-0.270386	0.260010
-0.328979	0.337830	-0.273438	0.256348
-0.351868	0.215149	-0.271912	0.252991
-0.390320	0.080261	-0.264282	0.249939
-0.443115	-0.063477	-0.255432	0.246887
-0.504761	-0.214233	-0.244141	0.243530
-0.573425	-0.371399	-0.228882	0.238953
-0.646362	-0.529785	-0.211182	0.236206
-0.723572	-0.689392	-0.191345	0.232849
-0.798950	-0.844727	-0.170288	0.228577
-0.872498	-0.993347	-0.144958	0.222168
-0.946045	-1.133728	-0.119019	0.213318
-1.016846	-1.263733	-0.091248	0.202026
-1.079407	-1.382751	-0.057068	0.190125
-1.133118	-1.490784	-0.020752	0.175476
-1.178284	-1.586914	0.018616	0.159607
-1.217651	-1.669006	0.062866	0.143127
-1.249390	-1.738281	0.108337	0.126953
-1.266174	-1.794128	0.158997	0.111694
-1.265564	-1.838074	0.212708	0.096741
-1.248474	-1.868591	0.268250	0.083923
-1.214294	-1.888428	0.324402	0.075073
-1.162415	-1.895142	0.385437	0.069885
-1.094055	-1.888428	0.446167	0.064697
-1.009521	-1.869507	0.508728	0.059204
-0.912781	-1.839294	0.570679	0.054016
-0.803833	-1.797485	0.634766	0.050659
-0.683899	-1.744690	0.701294	0.050049
-0.560913	-1.684570	0.762329	0.043945
-0.430603	-1.615906	0.822449	0.037842
-0.299683	-1.543274	0.875549	0.038757
-0.165710	-1.463013	0.927734	0.039368
-0.026855	-1.380920	0.975037	0.043640
0.109558	-1.296997	1.019897	0.049438
0.238037	-1.212463	1.059570	0.053711
0.369568	-1.128540	1.092529	0.063171
0.495605	-1.047058	1.120300	0.076904
0.615234	-0.966187	1.141357	0.092773
0.729980	-0.885315	1.155396	0.109863
0.837402	-0.804138	1.159363	0.130615
0.933533	-0.722656	1.153564	0.152588
1.011047	-0.642700	1.136780	0.172729
1.074524	-0.563965	1.109619	0.193176
1.135559	-0.482788	1.077576	0.214233
1.181946	-0.399170	1.034546	0.235596
1.209412	-0.315552	0.984802	0.256348
1.226196	-0.232544	0.928650	0.278320
1.228943	-0.149231	0.868225	0.299683
1.217041	-0.065308	0.805054	0.321960
1.192627	0.015564	0.738220	0.344543
1.153564	0.093994	0.670166	0.363770
1.101990	0.167847	0.600586	0.381470
1.044922	0.239868	0.533142	0.398560
0.983276	0.308228	0.470276	0.414124
0.909729	0.371094	0.407715	0.428772
0.824585	0.428162	0.347595	0.439453
0.732117	0.481262	0.289612	0.445557
0.633850	0.529785	0.229187	0.449829
0.532227	0.572205	0.170593	0.450134
0.430298	0.606995	0.110779	0.449829
0.328979	0.637207	0.048523	0.446777
0.227661	0.664673	-0.018921	0.439453
0.133362	0.691223	-0.087280	0.428467
0.042725	0.714111	-0.156860	0.417175
-0.040894	0.735168	-0.231018	0.404663
-0.115356	0.756226	-0.311279	0.390930
-0.178528	0.776978	-0.394592	0.376892
-0.235596	0.797729	-0.479431	0.364075
-0.277405	0.820007	-0.562744	0.350037
-0.306091	0.844727	-0.642395	0.336304
-0.324097	0.870056	-0.719299	0.322571
-0.328369	0.893555	-0.791626	0.306396
-0.325012	0.918884	-0.859375	0.285645
-0.310974	0.940552	-0.917053	0.261230
-0.283813	0.959473	-0.964661	0.231934
-0.247192	0.975647	-1.001587	0.198059
-0.204468	0.987244	-1.026611	0.163269
-0.162048	0.993042	-1.040344	0.123291
-0.119629	0.989990	-1.041565	0.078125
-0.078735	0.979004	-1.033325	0.031433
-0.036011	0.960693	-1.017761	-0.017090
0.003357	0.932617	-0.995789	-0.064087
0.036926	0.896606	-0.968323	-0.110779
0.064697	0.853577	-0.937500	-0.157471
0.083313	0.805969	-0.901794	-0.200195
0.090027	0.751648	-0.866699	-0.240784
0.088806	0.690918	-0.830994	-0.281372
0.080261	0.625305	-0.794678	-0.316467
0.060120	0.554504	-0.756836	-0.346985
0.029602	0.481567	-0.717773	-0.372009
-0.005493	0.406799	-0.675049	-0.390015
-0.045776	0.332031	-0.630188	-0.402832
-0.086975	0.255432	-0.583801	-0.412903
-0.129395	0.179749	-0.533447	-0.419617
-0.171509	0.105896	-0.478821	-0.422668
-0.208435	0.037537	-0.416870	-0.423584
-0.240784	-0.026245	-0.351868	-0.422058
-0.264282	-0.082703	-0.281067	-0.418396
-0.281067	-0.131836	-0.207520	-0.414429
-0.286560	-0.171204	-0.124207	-0.410767
-0.283203	-0.198975	-0.039063	-0.408630
-0.267334	-0.216370	0.045471	-0.407715
-0.238647	-0.223999	0.128784	-0.404968
-0.196533	-0.221252	0.212402	-0.402222
-0.136414	-0.208130	0.296631	-0.399170
-0.066223	-0.186157	0.373840	-0.395813
0.020142	-0.154114	0.452881	-0.389404
0.115662	-0.113525	0.519714	-0.381775
0.224609	-0.066833	0.584106	-0.371704
0.344543	-0.012512	0.639648	-0.360107
0.476990	0.048523	0.690002	-0.345154
0.615234	0.114441	0.731812	-0.329285
0.763245	0.185242	0.771179	-0.308228
0.914612	0.258484	0.802917	-0.284729
1.067505	0.332031	0.830688	-0.259705
1.215210	0.404053	0.852051	-0.234680
1.358337	0.474854	0.869446	-0.207825
1.495056	0.544434	0.881348	-0.179138
1.619568	0.611267	0.887451	-0.150146
1.729126	0.677185	0.889893	-0.122681
1.822510	0.740967	0.889282	-0.095520
1.900940	0.803223	0.889893	-0.068970
1.961365	0.860901	0.882874	-0.044861
2.008667	0.914917	0.873718	-0.022583
2.041321	0.963745	0.857544	-0.003357
2.061462	1.007385	0.839233	0.015564
2.066650	1.046753	0.815125	0.033875
2.057190	1.082153	0.786743	0.052795
2.034607	1.112366	0.756531	0.071716
1.993408	1.135559	0.719604	0.088806
1.939392	1.150513	0.678406	0.107117
1.870422	1.157837	0.630188	0.126343
1.789856	1.159973	0.582886	0.148010
1.693726	1.156311	0.533447	0.169983
1.584473	1.146545	0.483093	0.194092
1.464539	1.130981	0.430908	0.217896
1.332397	1.109619	0.377808	0.242920
1.192322	1.083984	0.322876	0.264587
1.040649	1.054077	0.264587	0.285950
0.880127	1.020203	0.198669	0.305176
0.715637	0.983887	0.129395	0.323181
0.547180	0.945740	0.056458	0.338135
0.375977	0.907898	-0.018005	0.350037
0.205383	0.869141	-0.091858	0.358582
0.034790	0.828857	-0.165710	0.362549
-0.133057	0.786438	-0.235596	0.364380
-0.293579	0.739746	-0.302734	0.361938
-0.442505	0.690002	-0.361938	0.357666
-0.579529	0.639038	-0.417175	0.352478
-0.704956	0.588989	-0.470276	0.344238
-0.815735	0.538940	-0.517883	0.334473
-0.908203	0.487976	-0.556641	0.323792
-0.984497	0.436401	-0.588684	0.312805
-1.045532	0.385132	-0.616455	0.303040
-1.091003	0.333252	-0.642395	0.292969
-1.116943	0.282593	-0.662842	0.284424
-1.122437	0.232849	-0.681763	0.277100
-1.109924	0.183105	-0.698853	0.270386
-1.077881	0.135193	-0.714417	0.264282
-1.032715	0.086365	-0.729980	0.258484
-0.974121	0.037231	-0.740356	0.251770
-0.905762	-0.010681	-0.748596	0.246277
-0.831604	-0.060120	-0.754700	0.239868
-0.755005	-0.112000	-0.756836	0.233459
-0.676880	-0.167236	-0.754395	0.225830
-0.599670	-0.226746	-0.747070	0.216675
-0.520325	-0.289917	-0.732727	0.205994
-0.443420	-0.357361	-0.714111	0.195313
-0.368042	-0.428162	-0.686035	0.186157
-0.303040	-0.505066	-0.651245	0.177002
-0.245667	-0.587158	-0.609436	0.169678
-0.197144	-0.674133	-0.559692	0.163269
-0.155640	-0.764160	-0.501404	0.158691
-0.119324	-0.856628	-0.434265	0.156555
-0.093994	-0.950012	-0.367126	0.155029
-0.075989	-1.041565	-0.292664	0.155945
-0.061951	-1.130981	-0.213318	0.159302
-0.051880	-1.215820	-0.130310	0.165405
-0.046997	-1.295166	-0.046692	0.174866
-0.047302	-1.366272	0.034180	0.185242
-0.047913	-1.430359	0.113220	0.190125
