2020/1/9 16:31:08 40us
CH1			CH2			CH3			CH4
0.051575	0.017395	0.028687	0.068359
0.052490	0.018311	0.030212	0.068970
0.050964	0.017395	0.028076	0.068359
0.050659	0.017090	0.027466	0.068665
0.049744	0.017090	0.026855	0.068359
0.050354	0.017090	0.027161	0.067749
0.049744	0.017090	0.025940	0.068054
0.049438	0.016785	0.025940	0.068054
0.049438	0.016785	0.026550	0.068359
0.049438	0.016785	0.025940	0.068054
0.049438	0.016479	0.026550	0.068054
0.050049	0.016785	0.027161	0.068054
0.048523	0.016479	0.025940	0.068054
0.049744	0.016785	0.027161	0.068359
0.050049	0.017395	0.027771	0.068665
0.049438	0.016785	0.027161	0.068359
0.049438	0.016785	0.026550	0.068359
0.049438	0.017090	0.027161	0.068054
0.048523	0.016785	0.025940	0.068054
0.048218	0.016785	0.025940	0.068054
0.048828	0.016785	0.026550	0.068359
0.048828	0.017395	0.026550	0.068359
0.047913	0.016785	0.025940	0.068054
0.047913	0.016785	0.025635	0.068054
0.047913	0.016479	0.025635	0.067749
0.047302	0.016785	0.025330	0.068054
0.046997	0.016785	0.025330	0.067749
0.046082	0.016479	0.024414	0.067749
0.046082	0.016479	0.024719	0.068054
0.045776	0.016174	0.024109	0.067444
0.045776	0.016785	0.024719	0.067749
0.044861	0.015869	0.023193	0.067444
0.046082	0.016785	0.025024	0.068054
0.046387	0.016785	0.025635	0.068054
0.046692	0.016785	0.026245	0.068054
0.045776	0.016174	0.025635	0.067749
0.045471	0.018616	0.024719	0.068054
0.046692	0.030212	0.026855	0.068665
0.046692	-0.024414	0.026245	0.068665
0.046692	-0.089111	0.026245	0.066833
0.045776	-0.132141	0.026245	0.073853
0.046387	-0.116577	0.027161	0.054932
0.046997	-0.102539	0.028687	0.066528
0.046387	-0.112610	0.028687	0.080872
0.047913	-0.042725	0.025635	0.112000
0.045471	0.061951	0.012207	0.126953
0.047607	0.223083	-0.000916	0.106201
0.057678	0.379028	-0.019531	0.078735
0.042419	0.600281	-0.031738	0.038757
0.023193	0.829773	-0.043335	0.010986
0.041504	1.057739	-0.054016	-0.014954
0.070190	1.311035	-0.075684	-0.033264
0.068054	1.560669	-0.091248	-0.064392
0.060730	1.796570	-0.111389	-0.084534
0.059509	1.948853	-0.134277	-0.084534
0.050964	2.044678	-0.147400	-0.066833
0.054321	2.116089	-0.164490	-0.049744
0.050659	2.181396	-0.156555	-0.025330
0.038452	2.231750	-0.134277	0.005188
0.041504	2.223206	-0.125732	0.041809
0.042725	2.181396	-0.123596	0.077515
0.053406	2.084351	-0.094910	0.108337
0.083313	1.953430	-0.051880	0.140686
0.094299	1.792297	0.007935	0.167236
0.084839	1.581421	0.071411	0.201721
0.085449	1.307373	0.151062	0.249023
0.105286	0.971375	0.249634	0.293274
0.128174	0.618286	0.341492	0.347900
0.149231	0.252075	0.398254	0.407410
0.164795	-0.123596	0.418396	0.485535
0.165405	-0.534973	0.434875	0.567322
0.169373	-0.956421	0.450745	0.636597
0.158997	-1.342773	0.426941	0.700378
0.138855	-1.723328	0.370178	0.771790
0.101013	-2.100525	0.306702	0.830994
0.034790	-2.473145	0.256348	0.886841
-0.058594	-2.841187	0.230408	0.937500
-0.153503	-3.177185	0.209656	0.971375
-0.236511	-3.466797	0.190430	0.983582
-0.312500	-3.714600	0.166626	0.983582
-0.395508	-3.955383	0.159302	0.963135
-0.479736	-4.188232	0.152588	0.941772
-0.577698	-4.393616	0.137024	0.911560
-0.656128	-4.537048	0.103149	0.863647
-0.715637	-4.602661	0.055542	0.783081
-0.760498	-4.636230	0.015564	0.691223
-0.784912	-4.625244	-0.012207	0.587158
-0.794983	-4.558105	-0.042725	0.483398
-0.775452	-4.427185	-0.068665	0.377502
-0.725403	-4.257202	-0.087891	0.257568
-0.642395	-4.036560	-0.099792	0.130005
-0.537415	-3.739319	-0.099182	-0.010071
-0.417480	-3.387146	-0.066833	-0.162964
-0.294189	-2.983704	-0.010376	-0.304260
-0.179443	-2.562866	0.050964	-0.420532
-0.062561	-2.118530	0.109558	-0.514832
0.083008	-1.654053	0.151367	-0.595093
0.227661	-1.177063	0.198059	-0.651245
0.349426	-0.703735	0.243530	-0.693054
0.453491	-0.278931	0.280762	-0.716553
0.542297	0.086975	0.303650	-0.729980
0.603638	0.390320	0.310059	-0.737000
0.639648	0.655823	0.296021	-0.744019
0.660095	0.886841	0.265503	-0.751038
0.673523	1.084595	0.219727	-0.750427
0.658875	1.253662	0.150452	-0.747986
0.608521	1.389465	0.075073	-0.753784
0.522156	1.476135	0.000305	-0.771484
0.423889	1.511841	-0.070801	-0.786743
0.336609	1.501770	-0.133972	-0.789185
0.270081	1.450195	-0.192566	-0.871277
0.201416	1.372681	-0.251160	-1.005554
0.107117	1.262512	-0.292969	-1.109924
-0.008850	1.123352	-0.310364	-1.146545
-0.126648	0.968323	-0.305176	-1.031494
-0.228271	0.813293	-0.270996	-0.923157
-0.307922	0.666809	-0.219116	-0.987854
-0.337524	0.506287	-0.162964	-0.967407
-0.412903	0.296021	-0.106506	-0.828552
-0.497742	0.096436	-0.039063	-0.662537
-0.408630	-0.063171	0.046387	-0.526733
-0.325928	-0.205383	0.135803	-0.386353
-0.294189	-0.312500	0.216980	-0.200195
-0.227966	-0.445251	0.263672	0.134277
-0.054016	-0.554504	0.274658	0.457764
0.033264	-0.603943	0.272522	0.647583
-0.061340	-0.579834	0.246582	0.774231
-0.079651	-0.511169	0.199890	0.943604
0.195923	-0.443420	0.138245	1.092529
0.435486	-0.411072	0.084534	1.160889
0.498352	-0.330811	0.033569	1.162415
0.476685	-0.157471	-0.033875	1.138000
0.414429	0.046082	-0.087585	1.099548
0.435486	0.226746	-0.081482	1.054993
0.622559	0.360718	-0.068054	0.942078
0.809021	0.499573	-0.061951	0.741882
0.953979	0.665894	-0.058899	0.556946
1.059875	0.879211	-0.055847	0.410156
1.019287	1.104736	-0.088806	0.264587
0.829163	1.300049	-0.125122	0.079651
0.705872	1.478882	-0.137939	-0.085754
0.659180	1.699219	-0.171204	-0.183105
0.613708	1.974792	-0.214539	-0.248718
0.605469	2.239380	-0.217590	-0.349426
0.658569	2.459717	-0.177307	-0.437927
0.699158	2.615356	-0.106201	-0.515442
0.696716	2.723694	-0.028381	-0.625916
0.647888	2.836609	0.013428	-0.721130
0.550842	2.925415	0.007935	-0.792542
0.430908	2.951050	-0.029907	-0.805969
0.350342	2.912598	-0.066833	-0.758057
0.325012	2.846985	-0.106506	-0.722656
0.372314	2.804260	-0.164185	-0.761719
0.478516	2.759094	-0.220337	-0.837402
0.597229	2.719727	-0.244141	-0.838623
0.681152	2.671814	-0.250244	-0.742798
0.703735	2.585754	-0.255127	-0.638733
0.635376	2.508850	-0.250244	-0.565796
0.483704	2.461243	-0.251465	-0.511475
0.304871	2.392578	-0.257568	-0.473633
0.162964	2.275696	-0.270081	-0.428162
0.073242	2.172241	-0.288086	-0.337524
-0.005188	2.114258	-0.306702	-0.235901
-0.082703	2.060852	-0.281067	-0.114136
-0.139465	1.959534	-0.239868	0.022888
-0.134888	1.802063	-0.198364	0.136414
-0.056152	1.648254	-0.152588	0.238037
0.034790	1.516113	-0.120850	0.305176
0.094604	1.387329	-0.138855	0.324402
0.109863	1.236572	-0.176086	0.311584
0.127258	1.049194	-0.190735	0.284119
0.240784	0.798340	-0.177307	0.233459
0.422058	0.511780	-0.181274	0.181580
0.529175	0.246277	-0.216980	0.134277
0.542297	0.014343	-0.220337	0.080566
0.513916	-0.220032	-0.169678	0.025940
0.476074	-0.497742	-0.099792	-0.043335
0.500183	-0.809326	-0.030518	-0.122986
0.579224	-1.135559	0.049744	-0.215759
0.642700	-1.416626	0.124207	-0.303040
0.682373	-1.654358	0.175171	-0.344543
0.736389	-1.904602	0.205994	-0.323792
0.800781	-2.160339	0.224304	-0.259399
0.895996	-2.366943	0.251465	-0.191956
1.018372	-2.502136	0.287476	-0.135498
1.120300	-2.546082	0.309143	-0.085754
1.189880	-2.525024	0.329895	-0.030823
1.231689	-2.471924	0.346069	0.032043
1.228333	-2.414246	0.325928	0.081787
1.192017	-2.329407	0.277100	0.097046
1.132507	-2.217102	0.256348	0.073853
1.059265	-2.062073	0.282593	0.053101
0.970764	-1.862793	0.317383	0.069275
0.880737	-1.632996	0.339050	0.120544
0.778809	-1.383057	0.349426	0.187073
0.677490	-1.130066	0.371094	0.228882
0.568848	-0.911560	0.404663	0.214233
0.439453	-0.722961	0.437622	0.171509
0.311279	-0.505371	0.425415	0.151978
0.164795	-0.249329	0.346680	0.163269
0.005798	0.016785	0.241089	0.189819
-0.130615	0.258484	0.147705	0.207520
-0.221863	0.448608	0.061340	0.208130
-0.263672	0.598450	-0.062256	0.202637
-0.255432	0.708313	-0.217285	0.183716
-0.243530	0.799561	-0.358276	0.155029
-0.258484	0.876770	-0.459595	0.137329
-0.274048	0.921021	-0.524292	0.134583
-0.259705	0.914001	-0.573730	0.140076
-0.206299	0.873718	-0.604858	0.163574
-0.140076	0.820007	-0.606079	0.201416
-0.125122	0.768433	-0.567017	0.265503
-0.166626	0.714722	-0.517273	0.359192
-0.192261	0.641785	-0.455627	0.451355
-0.181885	0.546875	-0.352173	0.520630
-0.153503	0.442200	-0.203247	0.559387
-0.149536	0.322266	-0.036011	0.570679
-0.210266	0.173950	0.133057	0.580750
-0.311584	0.021973	0.283203	0.597534
-0.393677	-0.105591	0.418396	0.610046
-0.422668	-0.211792	0.550537	0.623474
-0.394897	-0.305481	0.672302	0.640869
-0.330200	-0.374146	0.765686	0.663147
-0.285950	-0.420227	0.814819	0.687256
-0.269775	-0.473938	0.822449	0.718384
-0.249023	-0.547180	0.788574	0.763245
-0.223999	-0.652466	0.713196	0.816345
-0.184021	-0.784912	0.618286	0.851135
-0.106201	-0.940247	0.514221	0.856628
-0.029297	-1.109619	0.390015	0.847473
0.016785	-1.271057	0.239563	0.841064
0.026855	-1.409912	0.074158	0.832520
-0.007935	-1.536255	-0.075378	0.812683
-0.081787	-1.642761	-0.194397	0.773926
-0.191650	-1.710510	-0.299072	0.725403
-0.344238	-1.736450	-0.391541	0.690308
-0.514526	-1.720886	-0.464478	0.668030
-0.671997	-1.672363	-0.498962	0.632019
-0.799255	-1.610107	-0.486450	0.577698
-0.885620	-1.543579	-0.437317	0.520630
-0.941467	-1.469421	-0.368347	0.463867
-0.982361	-1.389771	-0.276184	0.405884
-1.040649	-1.287537	-0.168762	0.354004
-1.138916	-1.157837	-0.062866	0.320129
-1.249084	-1.013794	0.045166	0.296631
-1.335144	-0.849609	0.169678	0.259399
-1.376343	-0.681152	0.288391	0.194092
-1.370544	-0.532837	0.399170	0.129700
-1.345215	-0.409851	0.505371	0.085754
-1.318970	-0.308228	0.589294	0.069885
-1.279907	-0.213318	0.657654	0.076599
-1.227722	-0.132141	0.725098	0.091858
-1.149597	-0.068970	0.787354	0.108337
-1.044922	-0.030518	0.827637	0.122375
-0.934753	-0.016174	0.837402	0.132141
-0.819702	-0.004578	0.812378	0.133362
-0.679016	0.007324	0.760498	0.114136
-0.510864	0.019836	0.690613	0.072937
-0.331421	0.035095	0.598145	0.024109
-0.152283	0.060120	0.498352	-0.020752
0.002441	0.098267	0.394287	-0.055847
0.115356	0.140686	0.291748	-0.079956
0.181274	0.169983	0.205688	-0.100403
0.230713	0.184021	0.142212	-0.125122
0.286865	0.183411	0.107727	-0.160522
0.350037	0.172729	0.101929	-0.212708
0.396118	0.148010	0.106506	-0.263367
0.401917	0.105591	0.116272	-0.294495
0.379639	0.041199	0.136414	-0.307617
0.352478	-0.053406	0.165100	-0.307617
0.328979	-0.180969	0.198975	-0.303345
0.307007	-0.346069	0.223694	-0.305481
0.284729	-0.528564	0.249023	-0.303345
0.244751	-0.697021	0.277100	-0.286255
0.174866	-0.844727	0.289001	-0.259094
0.078430	-0.966187	0.288086	-0.227966
-0.030518	-1.065674	0.275269	-0.200195
-0.129700	-1.156006	0.253906	-0.177002
-0.211792	-1.240234	0.225525	-0.158386
-0.288391	-1.304016	0.181885	-0.138245
-0.368652	-1.334229	0.117493	-0.109863
-0.442200	-1.327209	0.035706	-0.071716
-0.509033	-1.275635	-0.056458	-0.031433
-0.585022	-1.193542	-0.159607	0.000610
-0.678711	-1.096497	-0.268250	0.037231
-0.784912	-0.979309	-0.368652	0.087280
-0.897522	-0.833740	-0.453186	0.140381
-0.994263	-0.649719	-0.511475	0.189209
-1.074829	-0.431824	-0.543213	0.219727
-1.130371	-0.198975	-0.542908	0.228271
-1.155701	0.036011	-0.519714	0.228882
-1.174622	0.277710	-0.485229	0.229492
-1.203613	0.530396	-0.452576	0.232239
-1.230164	0.789795	-0.414734	0.234070
-1.235962	1.045227	-0.368042	0.225525
-1.211548	1.286316	-0.313416	0.199280
-1.159668	1.501465	-0.258484	0.144043
-1.072083	1.700134	-0.211182	0.074463
-0.957642	1.889954	-0.172729	0.014038
-0.829773	2.067871	-0.147095	-0.033264
-0.685425	2.229309	-0.134277	-0.060120
-0.525208	2.369690	-0.135803	-0.073853
-0.356750	2.495117	-0.149231	-0.081177
-0.195313	2.603455	-0.166321	-0.083618
-0.034790	2.695313	-0.173035	-0.086060
0.120239	2.766418	-0.185852	-0.093994
0.276489	2.816772	-0.210876	-0.107117
0.427856	2.845764	-0.246582	-0.125732
0.573425	2.850952	-0.277100	-0.144958
0.697632	2.836304	-0.306702	-0.162048
0.784607	2.813721	-0.345154	-0.168762
0.838928	2.788696	-0.384216	-0.164185
0.876465	2.753296	-0.424500	-0.155640
0.908813	2.695313	-0.458374	-0.148926
0.941162	2.607422	-0.487061	-0.146484
0.963440	2.503967	-0.496826	-0.146179
0.962219	2.398071	-0.485840	-0.140381
0.932617	2.303467	-0.462036	-0.123596
0.880127	2.216187	-0.430298	-0.090027
0.806580	2.114258	-0.401001	-0.050659
0.722656	1.998596	-0.368652	-0.012817
0.629883	1.873169	-0.333862	0.015564
0.532227	1.741333	-0.291138	0.035706
0.429688	1.606140	-0.245667	0.051575
0.328064	1.473083	-0.195618	0.069580
0.222473	1.341248	-0.133667	0.084839
0.120239	1.208191	-0.063782	0.088501
0.031128	1.069031	0.012817	0.085144
-0.038452	0.918274	0.097351	0.081482
-0.099792	0.751038	0.176392	0.070801
-0.135498	0.576477	0.257874	0.055237
-0.135193	0.394287	0.337219	0.036926
-0.094299	0.208435	0.409241	0.013733
-0.024109	0.029907	0.464478	-0.011902
0.059814	-0.128479	0.494385	-0.037842
0.146790	-0.259705	0.499573	-0.063171
0.223083	-0.362244	0.480042	-0.086060
0.287170	-0.436096	0.451660	-0.104065
0.340271	-0.488281	0.416565	-0.115662
0.392761	-0.519714	0.379333	-0.122681
0.446167	-0.533142	0.329895	-0.123596
0.508118	-0.522766	0.268860	-0.114441
0.572815	-0.485229	0.195923	-0.088501
0.640869	-0.424805	0.112915	-0.050049
0.724792	-0.354004	0.026245	-0.009460
0.812378	-0.280151	-0.055237	0.022583
0.899048	-0.206299	-0.116272	0.045776
0.979309	-0.138245	-0.161438	0.063477
1.047058	-0.070190	-0.201111	0.074158
1.097717	0.000000	-0.242310	0.076599
1.137390	0.064087	-0.286255	0.070801
1.170044	0.122375	-0.328674	0.060425
1.192017	0.174866	-0.368958	0.050964
1.196899	0.220947	-0.408936	0.041809
1.181335	0.263062	-0.447693	0.030518
1.140137	0.291748	-0.489807	0.017090
1.075745	0.304260	-0.532532	-0.000610
0.992737	0.299072	-0.572510	-0.026855
0.892944	0.280762	-0.603027	-0.055847
0.777588	0.256958	-0.628357	-0.084534
0.650330	0.229797	-0.646973	-0.107117
0.517578	0.198364	-0.653992	-0.119629
0.391541	0.155029	-0.643311	-0.122070
0.275879	0.089417	-0.619202	-0.121155
0.176086	-0.001526	-0.582581	-0.119629
0.098267	-0.109558	-0.529480	-0.115967
0.029907	-0.225830	-0.463562	-0.111084
-0.045471	-0.341492	-0.392761	-0.102844
-0.130615	-0.456238	-0.321960	-0.088501
-0.217285	-0.571594	-0.252686	-0.068054
-0.309448	-0.687866	-0.187683	-0.038147
-0.407410	-0.802917	-0.128479	0.003967
-0.499573	-0.914917	-0.070496	0.061646
-0.584106	-1.019592	-0.011597	0.133057
-0.658875	-1.106873	0.050049	0.212402
-0.729065	-1.172180	0.117798	0.291748
-0.803833	-1.219482	0.187988	0.371094
-0.878296	-1.245117	0.252075	0.452271
-0.947876	-1.245728	0.307922	0.534973
-1.017456	-1.219482	0.355530	0.619202
-1.085815	-1.168518	0.398865	0.702209
-1.144104	-1.106262	0.439453	0.776367
-1.170959	-1.031494	0.489502	0.838013
-1.169434	-0.942993	0.537109	0.879822
-1.134644	-0.839539	0.579529	0.905762
-1.074524	-0.718079	0.613098	0.921021
-0.991516	-0.579529	0.641174	0.928955
-0.888977	-0.424194	0.663452	0.928650
-0.776367	-0.262451	0.676880	0.921631
-0.652771	-0.100708	0.685425	0.908508
-0.512390	0.059204	0.692139	0.892334
-0.356140	0.212402	0.688477	0.872803
-0.190735	0.352173	0.666809	0.848389
-0.025330	0.472107	0.616760	0.818176
0.137329	0.568848	0.550537	0.782776
0.283203	0.640259	0.470581	0.741272
0.401917	0.686951	0.390930	0.692444
0.484619	0.711060	0.306396	0.636902
0.534668	0.710449	0.221863	0.576172
0.554810	0.679016	0.140381	0.511475
0.557861	0.618591	0.069275	0.444031
0.539246	0.533752	0.003052	0.368652
0.507202	0.434265	-0.049438	0.292664
0.459595	0.326233	-0.082092	0.224609
0.386963	0.209656	-0.095215	0.166321
0.289917	0.084229	-0.085754	0.118713
0.175171	-0.049438	-0.058594	0.078430
0.059204	-0.188599	-0.009460	0.045471
-0.058289	-0.327454	0.053406	0.018921
-0.175476	-0.455322	0.126953	-0.003662
-0.289917	-0.563965	0.203552	-0.022583
-0.406494	-0.650024	0.275269	-0.036926
-0.519409	-0.715332	0.346375	-0.043945
-0.630493	-0.767822	0.409241	-0.044250
-0.737915	-0.820007	0.462952	-0.038452
-0.837097	-0.873108	0.507507	-0.030518
-0.924072	-0.922546	0.542908	-0.020447
-0.999146	-0.964966	0.565796	-0.013123
-1.058350	-0.997925	0.583801	-0.010681
-1.102905	-1.021118	0.592041	-0.013428
-1.136169	-1.039429	0.592346	-0.018005
-1.158142	-1.051941	0.585938	-0.022583
-1.165771	-1.055908	0.581665	-0.024719
-1.165466	-1.060181	0.570984	-0.027161
-1.153259	-1.063843	0.561523	-0.032349
-1.124878	-1.066284	0.552368	-0.045776
-1.077576	-1.065979	0.543518	-0.063477
-1.015625	-1.063538	0.528564	-0.081482
-0.949402	-1.058655	0.504150	-0.092468
-0.888062	-1.059570	0.467224	-0.090637
-0.830383	-1.068115	0.420227	-0.071106
-0.768127	-1.082458	0.368042	-0.043030
-0.698853	-1.099243	0.316772	-0.010681
-0.628662	-1.113281	0.278625	0.026245
-0.555725	-1.119385	0.251770	0.064697
-0.478516	-1.114502	0.234070	0.101013
-0.399780	-1.097717	0.218811	0.135498
-0.327148	-1.069946	0.202942	0.160828
-0.257874	-1.035461	0.187073	0.178833
-0.193481	-0.994263	0.172424	0.187683
-0.142212	-0.949097	0.151367	0.184021
-0.103455	-0.903625	0.122070	0.167542
-0.069580	-0.855408	0.083313	0.139465
-0.043335	-0.798645	0.031738	0.106812
-0.024719	-0.730896	-0.031738	0.067444
-0.017090	-0.645447	-0.104980	0.019226
-0.009460	-0.538025	-0.179443	-0.028076
0.000000	-0.406494	-0.257263	-0.066528
0.009155	-0.253601	-0.332336	-0.101318
0.017700	-0.086365	-0.408630	-0.127869
0.038147	0.087891	-0.479126	-0.149841
0.070496	0.266418	-0.547180	-0.173035
0.106506	0.448608	-0.611572	-0.187988
0.137329	0.631104	-0.673523	-0.202026
0.151672	0.809937	-0.733643	-0.215759
0.157166	0.984802	-0.778198	-0.224609
0.148621	1.146240	-0.803223	-0.228882
0.135193	1.288147	-0.805664	-0.228882
0.111389	1.406250	-0.790710	-0.225525
0.085754	1.503906	-0.752869	-0.220642
0.058594	1.582031	-0.700378	-0.216370
0.027771	1.641235	-0.629272	-0.209961
-0.011902	1.680603	-0.545959	-0.205688
-0.041504	1.699829	-0.446472	-0.198669
-0.068054	1.702576	-0.340881	-0.189819
-0.087585	1.688232	-0.226746	-0.176392
-0.104675	1.658936	-0.111389	-0.162048
-0.116577	1.620789	0.005493	-0.144958
-0.117798	1.576538	0.116272	-0.127869
-0.098877	1.534119	0.217896	-0.106812
-0.062256	1.493530	0.304565	-0.081787
-0.015564	1.458130	0.367737	-0.051575
0.043335	1.428528	0.415039	-0.017090
0.108948	1.400757	0.440369	0.022278
0.187988	1.369934	0.452576	0.064087
0.281372	1.331177	0.448914	0.101318
0.391846	1.288147	0.439148	0.131531
0.513916	1.241455	0.417175	0.155029
0.643616	1.193542	0.382080	0.172424
0.780334	1.145935	0.337524	0.187073
0.914917	1.098022	0.284729	0.198364
1.040649	1.048584	0.227661	0.202026
1.150818	1.000366	0.170288	0.197449
1.241150	0.952454	0.117188	0.184326
1.310425	0.906677	0.065613	0.163574
1.363220	0.867004	0.019226	0.137329
1.399536	0.837708	-0.027466	0.107117
1.424255	0.821838	-0.075378	0.073547
1.439209	0.815125	-0.127869	0.036621
1.442261	0.812378	-0.186462	-0.001526
1.433716	0.805664	-0.253296	-0.039368
1.420898	0.795288	-0.320129	-0.073547
1.401672	0.776367	-0.390930	-0.103760
1.377258	0.747681	-0.464172	-0.131226
1.353149	0.708313	-0.534668	-0.156555
1.326294	0.658875	-0.599365	-0.178833
1.296997	0.601807	-0.657959	-0.197144
1.268005	0.538025	-0.708313	-0.211792
1.236267	0.468750	-0.747986	-0.225830
1.204834	0.397339	-0.769958	-0.241394
1.177063	0.324402	-0.775146	-0.258484
1.154480	0.248718	-0.763550	-0.275879
1.134033	0.173035	-0.741882	-0.296326
1.114502	0.105896	-0.713196	-0.317993
1.095276	0.054932	-0.676575	-0.339050
1.071472	0.023499	-0.635071	-0.361023
1.046448	0.010986	-0.588074	-0.380859
1.025696	0.014038	-0.532227	-0.397339
1.009827	0.026245	-0.474548	-0.411377
0.996094	0.047302	-0.410461	-0.418701
0.986633	0.075073	-0.336609	-0.418396
0.977783	0.103760	-0.260010	-0.412903
0.973511	0.133057	-0.180054	-0.401306
0.969543	0.158386	-0.099182	-0.384216
0.963745	0.175781	-0.023193	-0.362854
0.955200	0.182495	0.050049	-0.332642
0.944519	0.173340	0.120239	-0.296021
0.938721	0.146790	0.190430	-0.254517
0.931396	0.100403	0.249329	-0.210876
0.926514	0.039368	0.300903	-0.165710
0.923462	-0.033875	0.343018	-0.118103
0.919495	-0.117493	0.374451	-0.068359
0.911865	-0.207520	0.392456	-0.017090
0.898743	-0.302124	0.395813	0.035400
0.880127	-0.398560	0.389099	0.091248
0.855713	-0.497437	0.377502	0.143127
0.829468	-0.596619	0.366211	0.190125
0.797729	-0.693054	0.354004	0.232544
0.763855	-0.778809	0.340576	0.270081
0.733643	-0.847168	0.329590	0.305176
0.703735	-0.899353	0.315857	0.336304
0.674744	-0.935669	0.303040	0.362549
0.644226	-0.958252	0.290833	0.385132
0.613708	-0.968018	0.281372	0.403748
0.580139	-0.963440	0.276489	0.418701
0.541687	-0.945740	0.273438	0.427246
0.497437	-0.919800	0.269165	0.427246
0.454102	-0.884705	0.268555	0.421143
0.411682	-0.841064	0.261230	0.410461
0.366821	-0.791321	0.241699	0.396423
0.322266	-0.733948	0.212402	0.377197
0.279236	-0.670776	0.175476	0.355225
0.238037	-0.604858	0.133057	0.331116
0.201721	-0.539856	0.082703	0.306396
0.171509	-0.473938	0.028076	0.282288
0.143738	-0.405273	-0.032654	0.255737
0.116272	-0.328979	-0.093079	0.230408
0.085144	-0.246277	-0.152893	0.205383
0.050049	-0.158997	-0.207520	0.183716
0.014343	-0.069580	-0.250549	0.166016
-0.024414	0.014343	-0.282288	0.153503
-0.060120	0.085754	-0.293579	0.146179
-0.094299	0.138855	-0.286865	0.144958
-0.123901	0.174866	-0.261230	0.148926
-0.150146	0.195313	-0.220337	0.155945
-0.171509	0.200806	-0.166321	0.164490
-0.188293	0.196533	-0.095215	0.175476
-0.198669	0.184937	-0.004578	0.189209
-0.211487	0.162354	0.097656	0.205688
-0.225525	0.130005	0.209351	0.223999
-0.238953	0.090637	0.330811	0.242615
-0.249939	0.041809	0.454712	0.259094
-0.256653	-0.016479	0.577393	0.272827
-0.263672	-0.083313	0.684814	0.282898
-0.276489	-0.155334	0.769043	0.288086
-0.290527	-0.230408	0.834656	0.292969
-0.299988	-0.305481	0.892029	0.297852
-0.304565	-0.380859	0.940857	0.305176
-0.308533	-0.461121	0.980530	0.312195
-0.316467	-0.546875	1.008911	0.319214
-0.325012	-0.632019	1.029663	0.327148
-0.332642	-0.713196	1.043396	0.335083
-0.336304	-0.787659	1.053467	0.344849
-0.342102	-0.855408	1.054382	0.354004
-0.351257	-0.919495	1.045837	0.361938
-0.368042	-0.979919	1.024170	0.367126
-0.391846	-1.035767	0.995178	0.368042
-0.422668	-1.086121	0.960083	0.361633
-0.458374	-1.128235	0.921936	0.349121
-0.500793	-1.164551	0.879211	0.328064
-0.541992	-1.186829	0.837402	0.298767
-0.580444	-1.193237	0.796204	0.262451
-0.618591	-1.186523	0.751343	0.219421
-0.651550	-1.167908	0.704346	0.175476
-0.678711	-1.140747	0.656738	0.133057
-0.695496	-1.103821	0.615540	0.095215
-0.702515	-1.062927	0.571594	0.058899
-0.697021	-1.016235	0.526733	0.025940
-0.682373	-0.967102	0.477600	-0.004883
-0.660095	-0.915222	0.423889	-0.032349
-0.628662	-0.861206	0.369263	-0.053711
-0.592651	-0.809326	0.310059	-0.068970
-0.548401	-0.760498	0.249634	-0.079346
-0.498657	-0.719299	0.189209	-0.086670
-0.440979	-0.685730	0.133667	-0.093079
-0.378418	-0.658569	0.078735	-0.100403
-0.313110	-0.635376	0.024719	-0.109253
-0.247498	-0.612793	-0.028076	-0.121155
-0.184021	-0.587158	-0.078735	-0.135193
-0.125732	-0.558777	-0.128174	-0.150757
-0.073242	-0.527649	-0.173340	-0.167542
-0.029297	-0.494995	-0.214844	-0.184326
0.009155	-0.462341	-0.248413	-0.199280
0.038452	-0.432129	-0.275879	-0.213318
0.061951	-0.404968	-0.297241	-0.226135
0.077820	-0.380249	-0.314331	-0.236511
0.087891	-0.358887	-0.326843	-0.241699
0.091248	-0.335083	-0.331421	-0.241394
0.083008	-0.309753	-0.333252	-0.232239
0.067749	-0.281372	-0.325012	-0.212402
0.042725	-0.253906	-0.310364	-0.184937
0.009766	-0.230713	-0.284424	-0.151367
-0.029602	-0.214233	-0.251770	-0.112915
-0.068665	-0.201721	-0.207520	-0.069580
-0.107727	-0.192871	-0.161133	-0.023804
-0.146179	-0.188599	-0.111084	0.022583
-0.182190	-0.189514	-0.061951	0.065613
-0.221252	-0.198669	-0.018921	0.104370
-0.257874	-0.213928	0.020447	0.136719
-0.291748	-0.237122	0.054932	0.159607
-0.324402	-0.266724	0.080566	0.172729
-0.355530	-0.301514	0.096436	0.175781
-0.379639	-0.336609	0.103760	0.172119
-0.397644	-0.367432	0.098877	0.163269
-0.412292	-0.390625	0.083618	0.151672
-0.421753	-0.405884	0.056763	0.136414
-0.426636	-0.413513	0.020752	0.119934
-0.423584	-0.411987	-0.022583	0.104370
-0.408020	-0.401611	-0.066223	0.090637
-0.379944	-0.380859	-0.111694	0.075989
-0.336609	-0.349121	-0.153503	0.062561
-0.278931	-0.307312	-0.193176	0.049438
-0.209351	-0.250244	-0.234070	0.037842
-0.128784	-0.179443	-0.271912	0.028076
-0.041199	-0.094299	-0.306702	0.019531
0.050354	-0.001221	-0.342407	0.011597
0.146179	0.094299	-0.376587	0.001526
0.248718	0.190430	-0.405579	-0.010376
0.355225	0.287170	-0.433044	-0.025635
0.460510	0.385132	-0.458069	-0.045776
0.562744	0.484009	-0.484314	-0.068054
0.661926	0.583801	-0.513000	-0.091858
0.757446	0.681458	-0.544739	-0.115051
0.850525	0.774841	-0.577087	-0.135803
0.942688	0.860901	-0.605469	-0.155029
1.032104	0.938110	-0.631104	-0.172119
1.121521	1.004639	-0.649719	-0.187073
1.208496	1.059875	-0.659180	-0.199890
1.285706	1.103210	-0.663452	-0.209961
1.354065	1.139221	-0.660095	-0.215759
1.414795	1.168823	-0.647278	-0.215759
1.467590	1.188354	-0.623779	-0.211487
1.511230	1.197205	-0.591431	-0.204468
1.549377	1.192627	-0.551758	-0.194092
1.586914	1.173096	-0.499573	-0.181580
1.618958	1.139221	-0.442810	-0.169678
1.646729	1.092834	-0.383301	-0.158691
1.665649	1.037598	-0.324707	-0.148621
1.676941	0.977173	-0.265503	-0.137939
1.681213	0.913391	-0.205383	-0.126648
1.671753	0.845337	-0.149231	-0.117188
1.647644	0.770874	-0.097351	-0.110168
1.612244	0.693054	-0.048523	-0.105591
1.564636	0.610962	-0.004578	-0.103455
1.510010	0.526123	0.036011	-0.102234
1.446228	0.440369	0.068665	-0.104370
1.379700	0.356140	0.097656	-0.107422
1.309814	0.273438	0.117188	-0.112915
1.240845	0.192566	0.133667	-0.119629
1.170044	0.115356	0.144958	-0.127869
1.100159	0.044556	0.153809	-0.136414
1.029968	-0.019226	0.159302	-0.146484
0.964661	-0.074463	0.164490	-0.153503
0.900574	-0.122070	0.161438	-0.160217
0.841370	-0.158997	0.151672	-0.163574
0.787964	-0.184937	0.134277	-0.165100
0.740662	-0.201111	0.106201	-0.163574
0.701294	-0.208435	0.068665	-0.159302
0.668945	-0.209351	0.026245	-0.153198
0.643311	-0.205383	-0.021973	-0.146790
0.625610	-0.197754	-0.072632	-0.140076
0.615540	-0.185852	-0.122375	-0.134277
0.610352	-0.171509	-0.175171	-0.129700
0.609131	-0.153809	-0.230103	-0.126343
0.613403	-0.132141	-0.283203	-0.122681
0.617371	-0.108337	-0.339661	-0.119629
0.621643	-0.084534	-0.393982	-0.117798
0.625610	-0.060425	-0.444946	-0.115662
0.631409	-0.040283	-0.487366	-0.112000
0.631714	-0.024414	-0.525818	-0.107727
0.629272	-0.011597	-0.555115	-0.101318
0.620422	-0.001526	-0.578613	-0.093689
0.604858	0.008240	-0.593872	-0.084229
0.581970	0.019226	-0.601501	-0.073853
0.553589	0.031433	-0.599365	-0.061340
0.514832	0.042725	-0.588989	-0.049438
0.468140	0.053406	-0.565186	-0.036926
0.416870	0.064392	-0.527649	-0.023499
0.361328	0.073547	-0.483093	-0.008850
0.299988	0.082703	-0.433960	0.006104
0.234985	0.093994	-0.379639	0.022583
0.167847	0.108032	-0.320435	0.039368
0.099792	0.125427	-0.260620	0.056458
0.033264	0.144348	-0.198364	0.075989
-0.030823	0.162048	-0.133667	0.095520
-0.094910	0.176697	-0.069885	0.114746
-0.152283	0.188904	-0.001221	0.134888
-0.204773	0.200806	0.069580	0.154419
-0.254211	0.213318	0.140076	0.173340
-0.300903	0.227966	0.209656	0.192871
-0.344238	0.244141	0.281067	0.214233
-0.385437	0.259399	0.351868	0.234680
-0.425720	0.271606	0.420837	0.254517
-0.464783	0.277100	0.490417	0.273438
-0.505981	0.273132	0.556335	0.290833
-0.545349	0.260010	0.622253	0.307312
-0.584106	0.238647	0.683289	0.320435
-0.620117	0.210876	0.737610	0.329895
-0.653992	0.176697	0.783081	0.335693
-0.682068	0.137939	0.822449	0.340576
-0.702209	0.093689	0.856934	0.344849
-0.720215	0.042419	0.881042	0.348206
-0.730286	-0.010986	0.903931	0.350647
-0.734863	-0.066223	0.920715	0.352783
-0.736084	-0.118408	0.933838	0.355530
-0.731812	-0.166016	0.944519	0.355835
-0.728760	-0.207825	0.948792	0.354309
-0.729675	-0.243835	0.945435	0.349121
-0.732422	-0.274353	0.937195	0.342712
-0.734863	-0.298767	0.925598	0.335693
-0.738831	-0.318909	0.906067	0.325623
-0.740662	-0.334167	0.886841	0.314636
-0.740662	-0.345764	0.865173	0.302429
-0.736694	-0.353088	0.841675	0.291138
-0.733032	-0.357361	0.809937	0.279541
-0.722351	-0.357971	0.776672	0.269165
-0.714722	-0.357971	0.733643	0.257568
-0.704346	-0.357971	0.688782	0.249329
-0.697632	-0.358582	0.641174	0.240479
-0.692749	-0.361938	0.593262	0.232239
-0.693054	-0.371094	0.543518	0.223389
-0.695801	-0.383301	0.494080	0.215454
-0.704651	-0.399475	0.442505	0.208435
-0.719910	-0.418701	0.386963	0.201111
-0.735779	-0.438232	0.335999	0.195618
-0.758972	-0.458984	0.284119	0.190735
-0.788574	-0.480042	0.238342	0.187683
-0.823364	-0.502319	0.197754	0.186768
-0.858765	-0.524597	0.170898	0.187988
-0.898743	-0.549622	0.149536	0.189209
-0.940552	-0.576172	0.136108	0.190125
-0.983887	-0.604553	0.126648	0.191650
-1.026917	-0.631714	0.122375	0.192566
-1.067505	-0.657043	0.125122	0.191345
-1.105347	-0.678406	0.134583	0.188599
-1.143799	-0.698242	0.146790	0.183716
-1.179810	-0.715027	0.162048	0.175171
-1.213074	-0.729065	0.180969	0.164490
-1.246338	-0.737305	0.197449	0.150146
-1.279602	-0.741272	0.208435	0.133667
-1.310425	-0.738831	0.213928	0.115356
-1.339111	-0.731201	0.211792	0.095825
-1.364746	-0.718994	0.201721	0.076294
-1.383972	-0.705566	0.187378	0.058289
-1.398926	-0.694275	0.165405	0.042114
-1.408081	-0.685730	0.137939	0.027466
-1.409302	-0.681152	0.109863	0.015564
-1.403809	-0.679016	0.078125	0.005493
-1.391602	-0.676575	0.046082	-0.000916
-1.373291	-0.671692	0.011292	-0.004883
-1.351929	-0.663452	-0.025024	-0.004883
-1.329956	-0.651245	-0.061951	-0.002747
-1.302490	-0.634460	-0.093994	0.002747
-1.273499	-0.614319	-0.122986	0.010986
-1.241760	-0.590515	-0.148010	0.021057
-1.208801	-0.563049	-0.166931	0.031433
-1.171570	-0.527649	-0.178528	0.043640
-1.133728	-0.487366	-0.187378	0.057373
-1.095581	-0.440979	-0.196228	0.073853
-1.054382	-0.387573	-0.202332	0.091248
-1.013184	-0.328979	-0.206909	0.109558
-0.969238	-0.267944	-0.209351	0.129395
-0.924683	-0.207520	-0.212708	0.149536
-0.879517	-0.146484	-0.217590	0.169983
-0.830688	-0.086365	-0.217896	0.188904
-0.782776	-0.026550	-0.221252	0.204163
-0.733948	0.033875	-0.227356	0.217590
-0.685425	0.093994	-0.238342	0.228271
-0.636902	0.153198	-0.252686	0.237732
-0.585327	0.211487	-0.266724	0.244751
-0.533142	0.268860	-0.285950	0.249023
-0.475464	0.325317	-0.305481	0.249939
-0.415955	0.381775	-0.330200	0.249023
-0.349426	0.440674	-0.350952	0.245972
-0.279541	0.502319	-0.374451	0.238647
-0.209961	0.565796	-0.401611	0.229797
-0.135193	0.631409	-0.423889	0.221252
-0.058899	0.695801	-0.442505	0.209351
0.018921	0.756836	-0.454407	0.195923
0.097961	0.813293	-0.458984	0.181885
0.176086	0.863342	-0.459900	0.165710
0.252075	0.908203	-0.455017	0.149536
0.322266	0.946350	-0.450134	0.132446
0.389099	0.979309	-0.439453	0.115967
0.447083	1.006165	-0.428162	0.100708
0.498657	1.026917	-0.413818	0.086975
0.544739	1.039429	-0.395508	0.074158
0.586243	1.042480	-0.375977	0.061035
0.622559	1.035461	-0.357361	0.048828
0.658569	1.019897	-0.336304	0.038147
0.690308	0.994263	-0.318909	0.025635
0.720520	0.962524	-0.304871	0.012817
0.747070	0.924683	-0.298462	-0.000610
0.773315	0.882263	-0.295410	-0.012817
0.797424	0.836182	-0.296326	-0.024414
0.816345	0.784912	-0.300903	-0.036316
0.830688	0.730286	-0.307007	-0.049438
0.840759	0.675354	-0.315857	-0.062561
0.847168	0.620422	-0.325317	-0.073853
0.846863	0.567932	-0.335999	-0.083923
0.839233	0.519714	-0.347900	-0.093994
0.825806	0.476990	-0.361023	-0.102844
0.808105	0.439148	-0.375061	-0.109253
0.787354	0.406799	-0.389404	-0.114441
0.764160	0.377808	-0.404053	-0.117493
0.737915	0.351868	-0.415344	-0.119629
0.709229	0.328064	-0.425720	-0.121155
0.680847	0.310364	-0.432739	-0.120850
0.651855	0.297546	-0.440063	-0.119629
0.622864	0.290833	-0.445557	-0.119019
0.592957	0.287476	-0.451355	-0.118713
0.566101	0.288086	-0.454712	-0.117798
0.540466	0.289917	-0.458679	-0.117798
0.519409	0.293884	-0.458374	-0.116882
0.500793	0.297241	-0.458069	-0.116577
0.486755	0.300293	-0.455627	-0.114441
0.476990	0.303040	-0.453186	-0.110168
0.473633	0.307007	-0.449219	-0.102539
0.472412	0.313416	-0.447388	-0.091858
0.472717	0.320740	-0.447693	-0.080261
0.474854	0.328979	-0.447693	-0.065308
0.478821	0.337524	-0.447693	-0.049438
0.484314	0.345154	-0.447388	-0.034485
0.487976	0.353394	-0.448914	-0.021057
0.491943	0.361633	-0.452576	-0.008850
0.497742	0.370178	-0.455017	0.003052
0.503540	0.379639	-0.457764	0.012207
0.508423	0.391846	-0.462036	0.017395
0.513916	0.407410	-0.463562	0.018921
0.518188	0.422668	-0.463867	0.017395
0.523682	0.436401	-0.457458	0.014038
0.525208	0.447388	-0.449524	0.007019
0.523682	0.455017	-0.437012	-0.001831
0.519409	0.463562	-0.418701	-0.010071
0.512695	0.472107	-0.395203	-0.018005
0.503235	0.479736	-0.365906	-0.023193
0.485840	0.484924	-0.337219	-0.027771
0.466919	0.487976	-0.299377	-0.029297
0.441895	0.486755	-0.259094	-0.026550
0.412903	0.482788	-0.213013	-0.019836
0.380249	0.474243	-0.165100	-0.010376
0.342407	0.463562	-0.116272	0.001221
0.300903	0.452576	-0.066528	0.014648
0.254211	0.440674	-0.017090	0.029907
0.203857	0.429077	0.032043	0.046387
0.149536	0.413818	0.076904	0.061035
0.094604	0.395508	0.122681	0.075684
0.036316	0.372314	0.163879	0.090027
-0.022278	0.345459	0.205688	0.105286
-0.081177	0.319214	0.245972	0.120544
-0.139160	0.294495	0.286255	0.135193
-0.198059	0.270996	0.325317	0.151367
-0.254517	0.251770	0.362549	0.168152
-0.312195	0.234680	0.397644	0.186462
-0.367432	0.223389	0.433044	0.206604
-0.423584	0.214233	0.465393	0.226746
-0.478516	0.207520	0.497742	0.247498
-0.532532	0.201416	0.529785	0.268555
-0.580444	0.198059	0.565186	0.289307
-0.623169	0.196533	0.599976	0.308228
-0.662842	0.196838	0.628662	0.324707
-0.697327	0.198364	0.652161	0.338745
-0.729675	0.198364	0.668945	0.350037
-0.753784	0.198364	0.683594	0.358887
-0.774231	0.195313	0.690918	0.363464
-0.787048	0.190735	0.694885	0.365295
-0.792236	0.184631	0.696411	0.364380
-0.790100	0.177612	0.693665	0.358887
-0.783997	0.168762	0.682678	0.350647
-0.772095	0.159607	0.664368	0.339050
-0.756836	0.150757	0.640564	0.325317
-0.741272	0.141296	0.612488	0.310059
-0.726013	0.131531	0.583496	0.293274
-0.715027	0.119934	0.550842	0.276794
-0.706177	0.106812	0.517883	0.260925
-0.700378	0.093079	0.485535	0.247803
-0.697021	0.078430	0.453491	0.236206
-0.696716	0.063171	0.422974	0.227051
-0.695801	0.046692	0.395203	0.219727
-0.697021	0.027771	0.369568	0.213623
-0.697021	0.007019	0.350952	0.209045
-0.697937	-0.017395	0.338745	0.204468
-0.698853	-0.046082	0.330200	0.199890
-0.700378	-0.078125	0.329590	0.195923
-0.705566	-0.114441	0.331421	0.191345
-0.716248	-0.154114	0.334778	0.185852
-0.729675	-0.193481	0.345154	0.179138
-0.750427	-0.234375	0.355835	0.172729
-0.777893	-0.275879	0.369568	0.165405
-0.810547	-0.319519	0.386047	0.159302
-0.850220	-0.365601	0.404053	0.152588
-0.895386	-0.413513	0.422058	0.147400
-0.943298	-0.461121	0.439453	0.142517
-0.993042	-0.507507	0.455627	0.138855
-1.042786	-0.549622	0.470886	0.135803
-1.091919	-0.588989	0.481262	0.135193
-1.138611	-0.624695	0.487366	0.135193
-1.180115	-0.654602	0.491333	0.137939
-1.217957	-0.680542	0.491638	0.140381
-1.248779	-0.701294	0.492249	0.145569
-1.276855	-0.718079	0.488586	0.150146
-1.297607	-0.726929	0.484314	0.155029
-1.312256	-0.728455	0.479736	0.158691
-1.319885	-0.722046	0.473633	0.162048
-1.322021	-0.709839	0.463867	0.163574
-1.319580	-0.691528	0.449219	0.165710
-1.307373	-0.668030	0.436401	0.167847
-1.290588	-0.642395	0.418396	0.169678
-1.263733	-0.614929	0.401306	0.171509
-1.234741	-0.586243	0.376587	0.172424
-1.197510	-0.556335	0.350037	0.174561
-1.152039	-0.523682	0.322571	0.176697
-1.105042	-0.489807	0.287781	0.178833
-1.053162	-0.456543	0.251770	0.182495
-0.999451	-0.424500	0.210876	0.186768
-0.942078	-0.393066	0.169067	0.190430
-0.881958	-0.363464	0.125732	0.193176
-0.822754	-0.337219	0.077209	0.194397
-0.761108	-0.311890	0.027466	0.193481
-0.697021	-0.287170	-0.023193	0.191956
-0.631104	-0.263367	-0.074768	0.188904
-0.565796	-0.238647	-0.126953	0.184631
-0.499268	-0.213928	-0.176697	0.179443
-0.435791	-0.189819	-0.226440	0.173645
-0.370483	-0.164795	-0.269470	0.168152
-0.311279	-0.141907	-0.313416	0.160828
-0.256348	-0.119934	-0.355225	0.153503
-0.203857	-0.097656	-0.392151	0.146484
-0.156860	-0.075989	-0.426331	0.140381
-0.116882	-0.056458	-0.461121	0.133057
-0.082092	-0.038147	-0.490723	0.123596
-0.053101	-0.021362	-0.514526	0.113831
-0.029297	-0.007629	-0.531616	0.104370
-0.005798	0.004578	-0.540771	0.094910
0.012207	0.014648	-0.545044	0.085449
0.030518	0.023804	-0.541992	0.076294
0.051880	0.034180	-0.531311	0.068054
0.074463	0.046387	-0.517578	0.061340
0.099487	0.059814	-0.499268	0.056458
0.126343	0.074158	-0.478516	0.052795
0.156860	0.089417	-0.453796	0.051270
0.189514	0.105591	-0.425415	0.051880
0.221863	0.121765	-0.395813	0.054932
0.256958	0.138245	-0.361938	0.059814
0.292053	0.155029	-0.328674	0.066833
0.325012	0.170898	-0.297852	0.073853
0.361023	0.187683	-0.264587	0.081787
0.395508	0.204773	-0.235596	0.090332
0.432434	0.221863	-0.205688	0.098267
0.469666	0.239868	-0.179443	0.105286
0.509644	0.258484	-0.152893	0.112000
0.552368	0.277100	-0.127563	0.117188
0.596619	0.299377	-0.103760	0.120850
0.642090	0.321960	-0.085754	0.122070
0.690002	0.346069	-0.073853	0.121765
0.744934	0.373840	-0.064697	0.120544
0.802612	0.400696	-0.061035	0.118103
0.862122	0.427246	-0.066223	0.112610
0.926819	0.452576	-0.074463	0.105896
0.996094	0.476379	-0.086060	0.098877
1.066284	0.498352	-0.103149	0.090027
1.136475	0.519104	-0.125427	0.080566
1.206360	0.540161	-0.150146	0.070496
1.273499	0.561218	-0.179138	0.058899
1.336365	0.581665	-0.209656	0.048218
1.396484	0.601196	-0.238342	0.037537
1.448059	0.615234	-0.271606	0.025635
1.495972	0.625610	-0.301514	0.013428
1.539612	0.629578	-0.329285	0.000916
1.576538	0.627441	-0.357971	-0.012207
1.608887	0.621338	-0.386353	-0.026550
1.634827	0.607910	-0.414429	-0.041199
1.658325	0.590820	-0.438843	-0.054932
1.672974	0.569763	-0.466003	-0.070801
1.685181	0.546265	-0.485840	-0.084534
1.689453	0.519409	-0.505371	-0.098572
1.689453	0.490112	-0.520630	-0.111084
1.683044	0.458374	-0.530396	-0.121765
1.669006	0.425415	-0.538330	-0.130310
1.648865	0.392761	-0.541992	-0.137939
1.621704	0.361023	-0.542603	-0.141907
1.590881	0.331421	-0.536499	-0.143433
1.550903	0.300293	-0.530090	-0.143738
1.510620	0.270386	-0.515747	-0.140991
1.463318	0.239868	-0.498657	-0.138245
1.415405	0.211182	-0.476074	-0.133057
1.362915	0.183411	-0.451050	-0.127869
1.310425	0.157166	-0.423279	-0.122681
1.253662	0.132751	-0.395813	-0.118103
1.198730	0.111084	-0.365295	-0.114746
1.144104	0.092468	-0.334778	-0.111694
1.090698	0.075073	-0.304565	-0.110474
1.040344	0.058594	-0.275574	-0.110474
0.994568	0.045471	-0.242310	-0.110474
0.950012	0.035095	-0.211487	-0.111694
0.909729	0.027771	-0.180969	-0.112305
0.874634	0.024109	-0.148621	-0.112305
0.842285	0.023193	-0.117188	-0.112000
0.815125	0.025635	-0.084229	-0.109253
0.789795	0.030823	-0.050964	-0.105591
0.769348	0.039368	-0.011597	-0.100403
0.749207	0.048218	0.027161	-0.093384
0.731506	0.058594	0.068665	-0.084229
0.712585	0.069885	0.109253	-0.073853
0.693054	0.082092	0.146790	-0.063477
0.677185	0.097046	0.186462	-0.051880
0.661621	0.112915	0.222778	-0.039978
0.644226	0.127869	0.251465	-0.029907
0.625000	0.142822	0.275879	-0.021057
0.607605	0.157776	0.298157	-0.013428
0.587158	0.169983	0.313721	-0.007629
0.568237	0.182190	0.327759	-0.003357
0.547485	0.192871	0.336304	0.000610
0.524597	0.203247	0.340271	0.004578
0.502930	0.212708	0.343018	0.008240
0.480347	0.222778	0.342712	0.012512
0.457153	0.231934	0.341187	0.017700
0.435791	0.240784	0.341492	0.023804
0.412598	0.247803	0.341187	0.031433
0.388489	0.252991	0.342407	0.039673
0.364380	0.256653	0.346069	0.049744
0.340881	0.259705	0.354309	0.060425
0.313416	0.260315	0.359802	0.070190
0.284729	0.260925	0.367737	0.080566
0.258484	0.262146	0.380554	0.090637
0.234680	0.263672	0.401001	0.101013
0.211792	0.262451	0.424500	0.110474
0.189819	0.259705	0.453186	0.118713
0.170288	0.254517	0.486145	0.126953
0.150452	0.246887	0.520325	0.134277
