2020/1/9 16:32:11 40us
CH1			CH2			CH3			CH4
0.081482	0.021973	0.028687	0.068359
0.082092	0.021973	0.029297	0.068359
0.081787	0.021973	0.029602	0.068665
0.080566	0.021973	0.028381	0.068359
0.080261	0.021973	0.028687	0.068970
0.079346	0.021362	0.028076	0.068665
0.079651	0.021973	0.028381	0.068359
0.080261	0.022278	0.030212	0.069275
0.079346	0.021973	0.028992	0.068970
0.079346	0.021973	0.028687	0.068665
0.079346	0.022278	0.029907	0.068970
0.079651	0.022278	0.030823	0.069275
0.078735	0.021973	0.029602	0.068970
0.077515	0.021973	0.028381	0.068665
0.079041	0.022583	0.030212	0.068970
0.080566	0.023804	0.032959	0.069885
0.081482	0.023804	0.033875	0.069885
0.079956	0.023804	0.031128	0.069580
0.079651	0.023499	0.031738	0.069885
0.079346	0.024414	0.031738	0.069885
0.079346	0.023804	0.031433	0.069580
0.078735	0.024109	0.031128	0.069580
0.078430	0.023804	0.030518	0.069885
0.078430	0.023804	0.031433	0.069885
0.078430	0.024109	0.031433	0.069580
0.077515	0.024109	0.030823	0.069885
0.077209	0.023804	0.030823	0.069580
0.078735	0.024414	0.032654	0.070190
0.077820	0.024109	0.031433	0.069885
0.077209	0.024414	0.031433	0.069885
0.076599	0.023499	0.030518	0.069580
0.077209	0.024414	0.030823	0.069885
0.077515	0.024414	0.031433	0.069885
0.075989	0.023499	0.029907	0.069885
0.075378	0.023499	0.029602	0.069885
0.074463	0.023499	0.028687	0.069275
0.075684	0.023804	0.030823	0.069885
0.075073	0.023499	0.030212	0.070190
0.075073	0.023804	0.030518	0.069885
0.076599	0.024109	0.032654	0.070496
0.075989	0.024719	0.032654	0.070496
0.076904	0.024719	0.072327	0.070496
0.077515	0.024109	0.459290	0.071411
0.078735	0.024109	0.786743	0.071716
0.079346	0.023804	0.879211	0.071411
0.076904	0.023193	0.661926	0.071411
0.076904	0.025330	0.471497	0.070801
0.081177	0.027771	0.240784	0.070190
0.071716	0.002441	-0.080566	0.069275
0.063477	0.052490	-0.715027	0.070190
0.092163	-0.012512	-1.855164	0.069580
0.100403	-0.028381	-3.357849	0.070801
0.051270	0.100708	-5.032959	0.071411
-0.015259	0.119934	-6.655273	0.070496
-0.062561	0.074768	-8.325195	0.071716
-0.038452	-0.062256	-9.854126	0.072327
0.018921	-0.258789	-10.000000	0.074158
0.092773	-0.365295	-10.000000	0.079956
0.148926	-0.249329	-10.000000	0.068970
0.236511	-0.054932	-10.000000	0.059204
0.366821	0.196533	-10.000000	0.058289
0.497131	0.375977	-10.000000	0.060425
0.560303	0.415344	-10.000000	0.054932
0.536499	0.400696	-10.000000	0.040894
0.475769	0.252686	-9.970703	0.053101
0.408630	0.025024	-9.086609	0.074158
0.356750	-0.209045	-8.068542	0.083923
0.281067	-0.364685	-7.042847	0.088501
0.155945	-0.472717	-5.937805	0.090637
0.006104	-0.601501	-4.970703	0.109253
-0.150146	-0.677185	-4.179993	0.106506
-0.296326	-0.772705	-3.453674	0.093689
-0.480347	-0.901489	-2.864990	0.084534
-0.653687	-1.017761	-2.333984	0.079956
-0.862122	-1.140747	-1.849365	0.065002
-1.113892	-1.243591	-1.501770	0.046082
-1.369019	-1.226196	-1.274414	0.039063
-1.640930	-1.073303	-1.062927	0.038757
-1.924133	-0.765991	-0.894470	0.045471
-2.232971	-0.397949	-0.690002	0.052185
-2.516479	0.022583	-0.383606	0.047913
-2.758789	0.440063	-0.008240	0.019836
-2.951050	0.947266	0.438232	-0.026855
-3.096008	1.361389	0.904846	-0.056458
-3.199768	1.717834	1.444397	-0.050049
-3.224182	2.071228	2.002258	-0.020752
-3.173218	2.404175	2.601318	0.020752
-3.054504	2.725220	3.239746	0.074463
-2.884827	2.961731	3.970642	0.154419
-2.652588	3.077393	4.777222	0.250244
-2.348633	3.108521	5.687256	0.333862
-1.966858	3.027039	6.638489	0.374451
-1.526489	2.838440	7.433472	0.372009
-1.063232	2.594604	8.066406	0.359192
-0.568848	2.402649	8.533325	0.335083
-0.019836	2.192383	8.864136	0.286255
0.579529	1.952820	9.116211	0.214539
1.212769	1.637573	9.222107	0.136414
1.859741	1.172180	9.230652	0.060120
2.510681	0.538330	9.098816	-0.019836
3.170471	-0.148010	8.691406	-0.113220
3.841858	-0.764465	8.073120	-0.212097
4.502563	-1.248779	7.225342	-0.307312
5.146790	-1.648254	6.246948	-0.407715
5.758667	-1.990662	5.253601	-0.528870
6.333008	-2.255249	4.265747	-0.663452
6.882629	-2.415771	3.316345	-0.768433
7.430725	-2.508850	2.439270	-0.847778
7.936401	-2.551880	1.703796	-0.890808
8.379517	-2.502747	1.077576	-0.903625
8.783569	-2.354126	0.544128	-0.869751
9.185791	-2.089539	0.107117	-0.787354
9.553833	-1.742859	-0.215759	-0.678711
9.863281	-1.429749	-0.415649	-0.556335
9.999695	-1.195374	-0.554199	-0.421143
9.999695	-0.970764	-0.616150	-0.254517
9.999695	-0.786438	-0.547485	-0.072021
9.999695	-0.626221	-0.304871	0.116577
9.999695	-0.453186	0.073242	0.301819
9.844971	-0.187073	0.523376	0.489807
9.488525	0.195007	0.971375	0.678406
9.055786	0.577393	1.365356	0.862732
8.547668	0.826416	1.718140	1.020813
7.964172	0.910339	2.054138	1.140137
7.295227	0.880737	2.385559	1.225891
6.543884	0.786743	2.682190	1.285095
5.746155	0.643005	2.906799	1.315613
4.911804	0.492859	3.009033	1.305847
4.043274	0.317078	2.999878	1.261902
3.150024	0.134888	2.924194	1.179199
2.252502	-0.023499	2.802429	1.070557
1.390686	-0.139771	2.680664	0.933533
0.573730	-0.238037	2.525635	0.780640
-0.223083	-0.320740	2.335510	0.617676
-1.034546	-0.373840	2.145081	0.455322
-1.843567	-0.414734	1.932373	0.293274
-2.642517	-0.462952	1.677551	0.135193
-3.435669	-0.540466	1.380005	-0.010986
-4.224854	-0.631104	1.057434	-0.147095
-5.038452	-0.640564	0.789795	-0.275574
-5.860596	-0.557556	0.639343	-0.395813
-6.665955	-0.420532	0.614929	-0.505066
-7.444458	-0.275269	0.647888	-0.600586
-8.199158	-0.137329	0.683289	-0.670471
-8.931580	0.018311	0.679016	-0.712280
-9.651184	0.214844	0.604553	-0.728760
-10.000000	0.410156	0.435181	-0.730286
-10.000000	0.594788	0.152283	-0.712891
-10.000000	0.757141	-0.185852	-0.680847
-10.000000	0.838318	-0.537109	-0.641174
-10.000000	0.815430	-0.879517	-0.594788
-10.000000	0.714417	-1.221313	-0.527954
-10.000000	0.585327	-1.617432	-0.428467
-10.000000	0.498352	-2.041626	-0.301819
-10.000000	0.487366	-2.455444	-0.161133
-10.000000	0.526428	-2.807617	-0.026245
-10.000000	0.588684	-3.091736	0.100403
-9.960632	0.655518	-3.368530	0.213928
-9.390564	0.679626	-3.645935	0.318604
-8.777161	0.640869	-3.877563	0.417175
-8.158264	0.563354	-4.024963	0.503845
-7.551880	0.500793	-4.069214	0.576782
-6.958923	0.495300	-4.044189	0.633240
-6.376343	0.515137	-3.978577	0.675964
-5.801086	0.500793	-3.826599	0.699158
-5.264587	0.401001	-3.551331	0.701904
-4.780579	0.215759	-3.142700	0.697021
-4.348755	-0.022888	-2.614746	0.691528
-3.962708	-0.273743	-2.013550	0.691223
-3.630981	-0.496216	-1.374817	0.693054
-3.349915	-0.666809	-0.708618	0.688782
-3.110352	-0.802917	-0.004272	0.670166
-2.906494	-0.920410	0.700989	0.635071
-2.726135	-1.080627	1.392822	0.589905
-2.555847	-1.311340	2.067871	0.542297
-2.392578	-1.583862	2.709045	0.511475
-2.238159	-1.837158	3.329773	0.502930
-2.082520	-2.018738	3.919983	0.499268
-1.913757	-2.095032	4.457703	0.493469
-1.721191	-2.087097	4.926147	0.470886
-1.498108	-2.020264	5.310974	0.432434
-1.237183	-1.885986	5.626221	0.383606
-0.946350	-1.688843	5.886841	0.324097
-0.652466	-1.458130	6.131897	0.246887
-0.372009	-1.213074	6.384583	0.151672
-0.096741	-0.972900	6.621094	0.042114
0.175171	-0.733948	6.809387	-0.083008
0.437622	-0.493774	6.905212	-0.224304
0.688782	-0.254517	6.904297	-0.375366
0.941162	-0.006104	6.824036	-0.519104
1.198425	0.252686	6.693420	-0.639038
1.449280	0.492249	6.559143	-0.730286
1.679382	0.674438	6.454468	-0.800476
1.856995	0.784607	6.358643	-0.849915
1.977234	0.841370	6.230774	-0.876465
2.053528	0.862732	6.031799	-0.879822
2.102356	0.844116	5.738831	-0.865173
2.123413	0.768127	5.358276	-0.837402
2.127991	0.629578	4.938049	-0.798035
2.125244	0.442200	4.504089	-0.744934
2.120972	0.223694	4.054565	-0.679016
2.112122	-0.007019	3.577576	-0.604858
2.091064	-0.230103	3.073120	-0.519714
2.064819	-0.427856	2.557373	-0.422974
2.038574	-0.578308	2.044678	-0.316772
2.033997	-0.653992	1.524963	-0.219421
2.050476	-0.647278	0.977478	-0.126953
2.065125	-0.580750	0.396118	-0.047302
2.079468	-0.476074	-0.205078	0.024109
2.093201	-0.357056	-0.815735	0.093384
2.095337	-0.249023	-1.432495	0.163879
2.081604	-0.144043	-2.052917	0.240479
2.066040	-0.007324	-2.651672	0.329895
2.051392	0.202637	-3.225098	0.425415
2.045898	0.493774	-3.737488	0.509644
2.033081	0.843201	-4.217224	0.573730
2.010498	1.182861	-4.630432	0.620422
1.965332	1.460571	-4.962463	0.654602
1.886292	1.655273	-5.209656	0.690002
1.782837	1.773071	-5.392761	0.734253
1.654053	1.831360	-5.552368	0.781860
1.499939	1.842651	-5.700378	0.826416
1.319580	1.815491	-5.843506	0.862427
1.123047	1.756287	-5.981445	0.881042
0.914307	1.646423	-6.119995	0.878906
0.704651	1.468201	-6.226807	0.858765
0.476990	1.213684	-6.288147	0.828552
0.219421	0.915833	-6.275940	0.791321
-0.067444	0.605469	-6.201172	0.751038
-0.362854	0.315552	-6.066284	0.699158
-0.659180	0.064392	-5.896606	0.621948
-0.955200	-0.126343	-5.699463	0.523987
-1.239624	-0.247498	-5.496521	0.418091
-1.489868	-0.303040	-5.282593	0.303345
-1.695557	-0.319214	-5.066833	0.181274
-1.845703	-0.318909	-4.841003	0.057678
-1.943359	-0.307007	-4.632874	-0.071411
-2.009888	-0.266113	-4.447327	-0.201721
-2.044983	-0.177612	-4.299622	-0.340881
-2.033081	-0.025940	-4.183350	-0.480042
-1.950989	0.169678	-4.079590	-0.613708
-1.813049	0.386047	-3.957825	-0.731506
-1.614075	0.603027	-3.781738	-0.832214
-1.373901	0.806885	-3.540955	-0.915222
-1.130981	0.996399	-3.235779	-0.984497
-0.864563	1.151428	-2.893066	-1.034851
-0.586853	1.252441	-2.552185	-1.060181
-0.314331	1.300964	-2.218933	-1.062317
-0.040588	1.306763	-1.894226	-1.050720
0.246887	1.264954	-1.567078	-1.022644
0.549316	1.166077	-1.245728	-0.980225
0.869751	1.002502	-0.938721	-0.921326
1.197815	0.781860	-0.643311	-0.854492
1.525269	0.530090	-0.342407	-0.777893
1.849670	0.273438	-0.030518	-0.701904
2.175293	0.041809	0.271912	-0.613403
2.506409	-0.152893	0.546265	-0.513306
2.835388	-0.307007	0.772705	-0.410461
3.162231	-0.437012	0.973511	-0.299988
3.488770	-0.564880	1.156006	-0.189209
3.816833	-0.701904	1.332092	-0.088806
4.151611	-0.845642	1.499329	0.007935
4.499207	-0.973816	1.648254	0.106506
4.859314	-1.057129	1.769409	0.200195
5.214539	-1.089172	1.842957	0.287170
5.569763	-1.077271	1.867981	0.370178
5.919495	-1.041565	1.843262	0.443726
6.265259	-1.008606	1.783447	0.511475
6.588745	-0.993347	1.719055	0.569458
6.877136	-0.999451	1.669006	0.617676
7.123718	-1.000671	1.635742	0.653076
7.325745	-0.989380	1.609497	0.675659
7.489319	-0.961609	1.603088	0.682983
7.619629	-0.926819	1.635437	0.678711
7.702332	-0.878296	1.702881	0.650330
7.734680	-0.811768	1.805420	0.602112
7.717896	-0.721130	1.947632	0.530701
7.642517	-0.619507	2.129517	0.440063
7.517700	-0.525513	2.350159	0.345764
7.331848	-0.440369	2.593689	0.254211
7.082520	-0.357056	2.829285	0.168457
6.777649	-0.258789	3.026428	0.098267
6.426392	-0.143738	3.155212	0.043945
6.037903	-0.012512	3.206482	0.005798
5.617676	0.121460	3.196106	-0.017395
5.171509	0.247803	3.147583	-0.032654
4.714661	0.357361	3.077393	-0.037842
4.251709	0.455627	2.969055	-0.036621
3.778381	0.542908	2.819519	-0.030518
3.291931	0.632935	2.612610	-0.025330
2.797546	0.753174	2.354431	-0.028687
2.303467	0.910339	2.067261	-0.041199
1.818237	1.082764	1.770020	-0.056458
1.337280	1.236877	1.468811	-0.072632
0.870361	1.356201	1.174622	-0.084839
0.419617	1.429749	0.887146	-0.089722
-0.021362	1.459656	0.603943	-0.090027
-0.465088	1.452637	0.323181	-0.082092
-0.909119	1.420593	0.056152	-0.065918
-1.357422	1.376648	-0.188293	-0.039978
-1.802673	1.335754	-0.393677	-0.008240
-2.239380	1.295471	-0.536804	0.028076
-2.669067	1.242371	-0.620422	0.078125
-3.084106	1.168823	-0.642090	0.136719
-3.481445	1.070251	-0.601501	0.196838
-3.857117	0.974426	-0.512695	0.257874
-4.218140	0.902710	-0.401611	0.318298
-4.562073	0.867920	-0.295715	0.376587
-4.869995	0.857849	-0.214233	0.430298
-5.156555	0.843201	-0.187378	0.475159
-5.429382	0.791016	-0.211487	0.513916
-5.663757	0.686340	-0.276184	0.543213
-5.867615	0.536194	-0.382690	0.569458
-6.042480	0.357056	-0.536804	0.588684
-6.177368	0.176697	-0.728760	0.603943
-6.269836	0.008850	-0.948792	0.618896
-6.317139	-0.139465	-1.209717	0.635376
-6.328125	-0.284119	-1.493225	0.641479
-6.294861	-0.438538	-1.780090	0.639954
-6.244812	-0.621338	-2.050171	0.627441
-6.200256	-0.829163	-2.293396	0.598755
-6.157227	-1.051331	-2.482910	0.556641
-6.105652	-1.273804	-2.605286	0.498047
-6.041260	-1.487732	-2.665100	0.425720
-5.956116	-1.690369	-2.659302	0.342102
-5.845642	-1.876221	-2.582703	0.248108
-5.697327	-2.051392	-2.429810	0.142517
-5.511475	-2.210388	-2.191772	0.029297
-5.289307	-2.358093	-1.854858	-0.089111
-5.036926	-2.503357	-1.428223	-0.204773
-4.757080	-2.640991	-0.919800	-0.304871
-4.460449	-2.756958	-0.361023	-0.384216
-4.154053	-2.833557	0.209656	-0.439148
-3.843384	-2.875061	0.767517	-0.475159
-3.533936	-2.882080	1.302795	-0.493164
-3.214417	-2.862244	1.839294	-0.498352
-2.906494	-2.814026	2.356873	-0.498047
-2.587280	-2.739258	2.886658	-0.489807
-2.265930	-2.640686	3.387451	-0.469360
-1.947632	-2.523804	3.832703	-0.437317
-1.645508	-2.383423	4.194336	-0.397644
-1.361084	-2.206116	4.474487	-0.359802
-1.095581	-1.990356	4.677429	-0.320435
-0.852356	-1.744690	4.794617	-0.279541
-0.618896	-1.483154	4.831848	-0.244751
-0.393066	-1.213684	4.805603	-0.213928
-0.164490	-0.951843	4.740295	-0.186768
0.060425	-0.700684	4.643860	-0.159607
0.274353	-0.472412	4.523010	-0.130615
0.480347	-0.261841	4.391785	-0.102234
0.675964	-0.052185	4.266052	-0.074158
0.859375	0.174866	4.165039	-0.044250
1.026917	0.417786	4.094849	-0.010376
1.185608	0.652466	4.065247	0.030212
1.332397	0.861511	4.079285	0.074768
1.470032	1.036682	4.140625	0.124512
1.603699	1.186523	4.237061	0.176392
1.730652	1.321411	4.342651	0.233765
1.861877	1.444702	4.432373	0.297241
2.008972	1.548462	4.487610	0.361633
2.175293	1.621704	4.494324	0.426331
2.358398	1.648865	4.457092	0.485229
2.552490	1.620789	4.367676	0.535278
2.750244	1.535645	4.205627	0.573425
2.942200	1.409302	3.976746	0.597534
3.116760	1.262512	3.675232	0.606689
3.276062	1.114807	3.297424	0.604858
3.404236	0.984497	2.835693	0.593567
3.500671	0.864868	2.302246	0.573120
3.559265	0.743713	1.696167	0.545654
3.576965	0.617065	1.030579	0.513000
3.549805	0.488892	0.322571	0.475464
3.477173	0.365906	-0.394897	0.438232
3.364563	0.260925	-1.104736	0.408325
3.210449	0.189209	-1.804810	0.390625
3.019409	0.151672	-2.484131	0.383911
2.791443	0.163269	-3.136902	0.385132
2.532654	0.213623	-3.740540	0.393982
2.244568	0.292664	-4.279480	0.405579
1.937561	0.380554	-4.727478	0.417786
1.611938	0.467224	-5.077209	0.428772
1.271362	0.551147	-5.322571	0.436707
0.919189	0.635681	-5.472717	0.441284
0.556946	0.728149	-5.542297	0.440063
0.186157	0.822449	-5.545959	0.427856
-0.190125	0.910339	-5.489807	0.403137
-0.556641	0.980225	-5.369873	0.362549
-0.900269	1.023865	-5.184937	0.307617
-1.215210	1.032104	-4.945679	0.241699
-1.508484	1.009521	-4.681091	0.165405
-1.777039	0.953369	-4.419556	0.081482
-1.999207	0.873108	-4.185181	-0.009155
-2.168884	0.775146	-3.986816	-0.101013
-2.291260	0.666809	-3.833313	-0.192566
-2.373047	0.550842	-3.734131	-0.280762
-2.399597	0.427246	-3.672485	-0.364075
-2.365417	0.292664	-3.638306	-0.442810
-2.270813	0.147095	-3.615112	-0.517578
-2.130737	0.002441	-3.597412	-0.588684
-1.967163	-0.125427	-3.579102	-0.656738
-1.784668	-0.215149	-3.558960	-0.718079
-1.579285	-0.256348	-3.532715	-0.774536
-1.347961	-0.242310	-3.495789	-0.819702
-1.095581	-0.175171	-3.441772	-0.848694
-0.833740	-0.069580	-3.347778	-0.863342
-0.565491	0.054016	-3.214111	-0.863647
-0.296631	0.175476	-3.042603	-0.853271
-0.028992	0.293579	-2.841492	-0.832214
0.236511	0.408630	-2.606506	-0.799866
0.491333	0.513611	-2.350464	-0.755005
0.741272	0.604858	-2.076111	-0.699463
0.994263	0.669861	-1.784668	-0.635376
1.255188	0.695496	-1.474304	-0.563354
1.519470	0.667419	-1.150818	-0.487976
1.781006	0.592041	-0.819702	-0.412903
2.055664	0.476074	-0.479126	-0.339355
2.344360	0.336914	-0.142517	-0.268555
2.650146	0.177307	0.178223	-0.198669
2.974548	0.013123	0.472717	-0.125427
3.316956	-0.156860	0.721130	-0.047913
3.681641	-0.330811	0.924377	0.018616
4.059753	-0.507813	1.084290	0.068970
4.443665	-0.693665	1.204834	0.114746
4.828186	-0.886230	1.295471	0.154724
5.203247	-1.075439	1.357422	0.184326
5.565796	-1.239929	1.398926	0.211487
5.886841	-1.362610	1.417847	0.230408
6.164551	-1.427612	1.419067	0.240479
6.393433	-1.434631	1.414490	0.248718
6.561584	-1.394043	1.416016	0.249329
6.677856	-1.322021	1.441040	0.242920
6.751404	-1.224365	1.502380	0.234375
6.773071	-1.101379	1.599426	0.224915
6.743774	-0.953979	1.726074	0.211487
6.670227	-0.783386	1.864929	0.194397
6.558838	-0.593262	2.007446	0.174561
6.426697	-0.380249	2.151794	0.157471
6.258240	-0.152283	2.295532	0.139160
6.074219	0.078125	2.444153	0.128784
5.881653	0.299377	2.590027	0.123596
5.670471	0.509033	2.720032	0.121765
5.446777	0.703430	2.832947	0.131226
5.201111	0.879517	2.920227	0.144348
4.931030	1.039124	2.970886	0.160828
4.642944	1.184692	2.970886	0.179443
4.352722	1.325989	2.923889	0.200195
4.057617	1.459961	2.834473	0.224609
3.751526	1.581726	2.703552	0.249939
3.441162	1.683044	2.541504	0.271606
3.126526	1.768799	2.344971	0.291748
2.808533	1.848755	2.178345	0.311584
2.480164	1.927490	1.982117	0.328064
2.146912	2.010803	1.728821	0.345154
1.812134	2.096252	1.372070	0.354614
1.470032	2.174988	1.001587	0.354004
1.123047	2.234192	0.618591	0.344543
0.761414	2.262878	0.236206	0.327148
0.373535	2.257385	-0.191345	0.299988
-0.004272	2.217407	-0.674744	0.269775
-0.399780	2.140198	-1.213989	0.235596
-0.809937	2.062378	-1.767578	0.203552
-1.228333	1.979675	-2.289124	0.174561
-1.640320	1.833496	-2.779541	0.155640
-2.036133	1.657715	-3.234558	0.144043
-2.417908	1.423645	-3.617554	0.138550
-2.781067	1.158142	-3.897095	0.141296
-3.136902	0.899353	-4.080200	0.151978
-3.473816	0.635986	-4.191895	0.170593
-3.780518	0.368347	-4.258423	0.202637
-4.057617	0.089722	-4.291382	0.239563
-4.318848	-0.214539	-4.290161	0.276489
-4.585266	-0.524597	-4.250488	0.308838
-4.836426	-0.845032	-4.190369	0.342102
-5.047302	-1.178894	-4.117432	0.375977
-5.194702	-1.508789	-4.003906	0.405884
-5.299988	-1.805420	-3.862305	0.432129
-5.375061	-2.046814	-3.691406	0.457153
-5.423889	-2.239685	-3.516846	0.483093
-5.448608	-2.378845	-3.376465	0.498657
-5.437622	-2.465210	-3.240662	0.505981
-5.409241	-2.520447	-3.106995	0.504761
-5.372620	-2.536926	-2.954712	0.496521
-5.332947	-2.532043	-2.778625	0.483704
-5.282288	-2.498474	-2.586365	0.457458
-5.213013	-2.438965	-2.395630	0.425110
-5.130615	-2.333984	-2.186584	0.385437
-5.039978	-2.183228	-1.958008	0.339661
-4.949951	-1.995850	-1.703796	0.285645
-4.852905	-1.782227	-1.412048	0.224304
-4.734497	-1.566162	-1.079712	0.156555
-4.597778	-1.344604	-0.708923	0.082703
-4.445496	-1.136169	-0.304260	0.010071
-4.290466	-0.965576	0.130615	-0.055542
-4.116821	-0.811462	0.580444	-0.113525
-3.917542	-0.666199	1.037903	-0.165710
-3.691406	-0.534058	1.495667	-0.208130
-3.433533	-0.416260	1.949463	-0.236816
-3.149719	-0.326233	2.410583	-0.253296
-2.836914	-0.259399	2.879028	-0.266418
-2.503052	-0.216370	3.344727	-0.278015
-2.155151	-0.197449	3.782349	-0.288391
-1.803894	-0.190430	4.159241	-0.295105
-1.457520	-0.163879	4.483948	-0.294495
-1.108704	-0.111084	4.758606	-0.294495
-0.768738	-0.044556	4.983215	-0.297546
-0.429993	0.018616	5.160217	-0.300293
-0.101624	0.045471	5.282593	-0.299377
0.216370	0.024109	5.368347	-0.296021
0.514221	-0.039673	5.386047	-0.291138
0.789795	-0.122375	5.341492	-0.280457
1.049194	-0.201111	5.248413	-0.262146
1.288452	-0.279846	5.107117	-0.237122
1.512451	-0.361023	4.941406	-0.209961
1.714783	-0.443420	4.757385	-0.183411
1.899109	-0.512695	4.565430	-0.150146
2.068787	-0.578308	4.369812	-0.105896
2.227173	-0.649719	4.181213	-0.049744
2.367859	-0.722046	4.001160	0.018005
2.493896	-0.787659	3.825378	0.100403
2.611389	-0.835266	3.648987	0.197754
2.720642	-0.857849	3.470459	0.298767
2.818298	-0.867310	3.282166	0.396118
2.904663	-0.878601	3.073425	0.487061
2.977905	-0.881653	2.840881	0.571289
3.035583	-0.871277	2.615967	0.649719
3.079529	-0.855713	2.415466	0.717773
3.110352	-0.821228	2.228394	0.775757
3.120422	-0.748901	2.031250	0.824890
3.111267	-0.622253	1.803589	0.866699
3.080139	-0.453186	1.544495	0.895996
3.029175	-0.265503	1.267090	0.911865
2.958984	-0.081787	0.986633	0.911560
2.871399	0.088806	0.709839	0.898743
2.765503	0.256042	0.444946	0.875549
2.640076	0.411987	0.194092	0.840454
2.495422	0.570068	-0.049133	0.791931
2.326965	0.732117	-0.298157	0.731201
2.142944	0.895691	-0.546875	0.660400
1.948853	1.061401	-0.791321	0.583496
1.743469	1.226807	-1.035156	0.501099
1.532593	1.383972	-1.267395	0.414429
1.311951	1.519470	-1.489868	0.323486
1.074524	1.630249	-1.696167	0.235291
0.816345	1.713562	-1.888123	0.150146
0.535889	1.775818	-2.066956	0.065918
0.234985	1.822510	-2.241821	-0.011597
-0.082703	1.856079	-2.415161	-0.081787
-0.414429	1.885986	-2.581787	-0.148621
-0.753174	1.915588	-2.723389	-0.210266
-1.092529	1.932983	-2.823792	-0.267639
-1.424866	1.930542	-2.885742	-0.316772
-1.758118	1.904907	-2.932434	-0.359802
-2.085876	1.863098	-2.969360	-0.391541
-2.404480	1.822205	-2.999878	-0.413513
-2.703552	1.788025	-3.034363	-0.427856
-2.980957	1.755066	-3.071289	-0.437927
-3.223877	1.721802	-3.114624	-0.451965
-3.434448	1.669617	-3.153076	-0.472717
-3.620911	1.583252	-3.178711	-0.487671
-3.771973	1.465759	-3.187866	-0.489502
-3.871155	1.331787	-3.185120	-0.479736
-3.923645	1.193542	-3.186035	-0.463562
-3.914490	1.059265	-3.176575	-0.444641
-3.857422	0.930176	-3.156738	-0.424805
-3.747864	0.804749	-3.110962	-0.392456
-3.605957	0.678711	-3.048096	-0.354614
-3.432312	0.540466	-2.966614	-0.321045
-3.222351	0.374451	-2.862244	-0.285339
-3.002930	0.184326	-2.720642	-0.241394
-2.773438	-0.014343	-2.549744	-0.186768
-2.534485	-0.197449	-2.359924	-0.131226
-2.288208	-0.355835	-2.163086	-0.083008
-2.047424	-0.494690	-1.972046	-0.043335
-1.803284	-0.627136	-1.765442	-0.007324
-1.535645	-0.763550	-1.529236	0.025635
-1.246338	-0.900879	-1.268311	0.054321
-0.962830	-1.030273	-0.992126	0.073853
-0.694580	-1.145020	-0.717468	0.081787
-0.424805	-1.235046	-0.452271	0.082092
-0.140686	-1.299438	-0.202026	0.071411
0.166016	-1.335144	0.037842	0.050049
0.481567	-1.354675	0.257568	0.012207
0.791321	-1.362610	0.458069	-0.034790
1.086731	-1.357117	0.639954	-0.082397
1.369324	-1.329651	0.810852	-0.127563
1.640015	-1.282043	0.978394	-0.170898
1.899109	-1.210327	1.141052	-0.210266
2.148743	-1.109924	1.291199	-0.246887
2.390747	-0.978394	1.427917	-0.280151
2.621460	-0.819397	1.546021	-0.309143
2.834473	-0.644836	1.658630	-0.336914
3.016357	-0.473938	1.767883	-0.363464
3.163452	-0.314941	1.883545	-0.391235
3.267517	-0.169678	2.002563	-0.420227
3.336182	-0.036621	2.125244	-0.442200
3.368835	0.085754	2.240295	-0.454407
3.372498	0.205383	2.338257	-0.456543
3.365173	0.335083	2.428894	-0.449524
3.348694	0.478516	2.514648	-0.443420
3.328857	0.623169	2.600098	-0.434875
3.297119	0.751953	2.691040	-0.417175
3.247375	0.855713	2.788696	-0.384827
3.162842	0.938721	2.878418	-0.345154
3.044128	1.009216	2.951050	-0.303040
2.888794	1.069336	2.987061	-0.262756
2.714539	1.115723	2.980652	-0.218201
2.529297	1.145020	2.928162	-0.164185
2.345886	1.163940	2.835999	-0.094910
2.170715	1.181030	2.709351	-0.013428
2.001038	1.189880	2.556152	0.077209
1.836548	1.179810	2.382813	0.171509
1.688538	1.159058	2.199402	0.270081
1.553040	1.138000	2.001953	0.366821
1.423340	1.132507	1.786499	0.454712
1.296082	1.149292	1.554565	0.529480
1.163635	1.184692	1.305542	0.590515
1.027222	1.221619	1.052246	0.635376
0.885620	1.245422	0.799255	0.664063
0.743713	1.251831	0.553284	0.681458
0.589294	1.243591	0.312805	0.694580
0.409851	1.224365	0.078430	0.707397
0.214233	1.199646	-0.144958	0.720520
0.008850	1.172180	-0.370789	0.731812
-0.186768	1.144409	-0.590210	0.739746
-0.379028	1.108704	-0.802002	0.741577
-0.575867	1.057434	-0.996094	0.739746
-0.786438	0.987244	-1.176147	0.738220
-1.005859	0.895081	-1.338501	0.742188
-1.220398	0.790710	-1.478271	0.752869
-1.434631	0.678101	-1.605530	0.761719
-1.641541	0.570068	-1.718445	0.765686
-1.851807	0.471497	-1.832275	0.759888
-2.055969	0.383911	-1.940918	0.744934
-2.259827	0.295410	-2.056885	0.719910
-2.456055	0.195618	-2.170410	0.684204
-2.646179	0.079041	-2.277832	0.637512
-2.817688	-0.051270	-2.365417	0.583801
-2.976685	-0.188599	-2.438660	0.523682
-3.121338	-0.321045	-2.500610	0.462952
-3.257751	-0.438843	-2.560120	0.399780
-3.385620	-0.534668	-2.611694	0.336914
-3.506775	-0.614319	-2.653809	0.268860
-3.609924	-0.689087	-2.671814	0.197754
-3.699951	-0.765686	-2.657471	0.123596
-3.779602	-0.839233	-2.609863	0.053101
-3.850403	-0.907593	-2.529602	-0.012817
-3.915710	-0.964966	-2.422485	-0.076904
-3.974609	-1.009216	-2.290955	-0.142212
-4.018555	-1.041260	-2.130432	-0.212402
-4.034119	-1.065063	-1.940613	-0.284119
-4.020081	-1.085815	-1.723022	-0.354614
-3.975830	-1.106873	-1.473999	-0.419006
-3.903198	-1.134949	-1.186829	-0.473938
-3.805237	-1.168823	-0.880432	-0.515442
-3.677368	-1.213684	-0.560913	-0.544739
-3.515015	-1.265869	-0.240479	-0.559998
-3.321228	-1.318359	0.075073	-0.560303
-3.107300	-1.369324	0.378418	-0.546570
-2.877808	-1.422119	0.660095	-0.518188
-2.632141	-1.481323	0.913086	-0.480347
-2.372437	-1.552734	1.138916	-0.439758
-2.102356	-1.636047	1.350708	-0.398560
-1.833801	-1.731567	1.544495	-0.358276
-1.572266	-1.828003	1.713562	-0.316162
-1.314392	-1.911316	1.847229	-0.265808
-1.048889	-1.972961	1.941833	-0.209045
-0.772400	-2.013550	1.999207	-0.156860
-0.480652	-2.036438	2.035522	-0.101318
-0.180054	-2.050171	2.057800	-0.040588
0.115662	-2.058716	2.069702	0.017090
0.409851	-2.059937	2.077637	0.076904
0.692444	-2.052002	2.077942	0.136108
0.964966	-2.032776	2.076721	0.189819
1.237488	-1.997375	2.074890	0.241394
1.497498	-1.950073	2.073364	0.282288
1.741943	-1.891785	2.077332	0.314026
1.967468	-1.822205	2.088013	0.339661
2.167358	-1.739502	2.115479	0.365601
2.329407	-1.647034	2.152710	0.387573
2.456360	-1.542664	2.201233	0.404663
2.555847	-1.426086	2.254639	0.419617
2.640381	-1.293030	2.296143	0.435486
2.698364	-1.145020	2.316284	0.447388
2.740479	-0.977478	2.312012	0.453186
2.774658	-0.795593	2.282715	0.450134
2.799377	-0.610657	2.225342	0.437317
2.810974	-0.424500	2.136841	0.420227
2.808533	-0.241089	2.027283	0.400085
2.777710	-0.058899	1.890259	0.377808
2.717590	0.129700	1.726379	0.355835
2.633362	0.334167	1.531982	0.333862
2.524414	0.550842	1.308899	0.311584
2.398987	0.773621	1.075439	0.289612
2.259216	0.992737	0.841980	0.266724
2.102356	1.197510	0.610962	0.245972
1.934204	1.382751	0.390625	0.235596
1.752625	1.545715	0.180359	0.233765
1.565857	1.690063	-0.011597	0.241394
1.368713	1.819458	-0.198669	0.251465
1.170349	1.940918	-0.371704	0.262146
0.972290	2.054749	-0.534058	0.274048
0.774536	2.156372	-0.677185	0.288391
0.582581	2.239685	-0.808105	0.298462
0.398254	2.298889	-0.927124	0.305481
0.223083	2.327881	-1.032104	0.306091
0.055847	2.330017	-1.116333	0.304565
-0.110474	2.312927	-1.188354	0.299377
-0.276489	2.281494	-1.256714	0.292969
-0.443115	2.239380	-1.324158	0.287170
-0.602417	2.184753	-1.392517	0.279236
-0.752258	2.113342	-1.460266	0.267029
-0.892639	2.018738	-1.528015	0.248413
-1.023254	1.900330	-1.588135	0.225525
-1.147156	1.760559	-1.648560	0.202026
-1.264954	1.609192	-1.715698	0.179749
-1.376648	1.455688	-1.788635	0.157471
-1.487122	1.305237	-1.877136	0.132141
-1.586609	1.155701	-1.979980	0.104065
-1.676025	1.003723	-2.095947	0.072937
-1.760864	0.841370	-2.219849	0.038452
-1.841431	0.675354	-2.339783	0.003357
-1.914368	0.511780	-2.446289	-0.034180
-1.981812	0.353394	-2.543945	-0.074768
-2.037354	0.204163	-2.627258	-0.118103
-2.077637	0.062561	-2.689819	-0.165100
-2.100525	-0.069580	-2.732544	-0.212402
-2.109375	-0.189209	-2.753906	-0.261841
-2.101440	-0.296936	-2.745361	-0.310974
-2.079468	-0.400085	-2.707520	-0.359497
-2.041931	-0.503540	-2.632751	-0.407104
-1.987915	-0.609131	-2.519836	-0.451660
-1.920776	-0.715027	-2.370605	-0.491943
-1.838074	-0.815430	-2.191772	-0.526123
-1.741333	-0.904846	-1.993408	-0.556335
-1.621704	-0.980835	-1.776123	-0.582275
-1.484375	-1.044922	-1.544800	-0.607300
-1.324463	-1.102600	-1.295776	-0.630493
-1.144714	-1.156311	-1.030884	-0.651855
-0.950623	-1.205750	-0.757446	-0.670166
-0.745239	-1.244507	-0.486450	-0.685120
-0.523987	-1.269836	-0.219116	-0.695496
-0.292053	-1.278076	0.031433	-0.704346
-0.047302	-1.262512	0.263367	-0.710449
0.209045	-1.223755	0.475464	-0.712585
0.472717	-1.168213	0.671997	-0.708008
0.735474	-1.101074	0.852051	-0.697632
0.993347	-1.024780	1.015930	-0.681763
1.245728	-0.938721	1.163940	-0.659180
1.484985	-0.843506	1.300354	-0.630493
1.707458	-0.738525	1.430054	-0.597229
1.911316	-0.619507	1.546326	-0.560608
2.099304	-0.485535	1.654968	-0.520325
2.272339	-0.337830	1.757813	-0.478821
2.433777	-0.182800	1.856995	-0.435181
2.579346	-0.029602	1.953735	-0.390930
2.712097	0.112000	2.054138	-0.345764
2.832031	0.240479	2.158813	-0.297546
2.933655	0.356750	2.261658	-0.245667
3.019409	0.465088	2.361145	-0.190430
3.088989	0.566406	2.450562	-0.133057
3.148193	0.660095	2.529297	-0.075378
3.196716	0.742188	2.598572	-0.018921
3.235168	0.811157	2.661133	0.036011
3.257141	0.867004	2.712097	0.089111
3.259888	0.905762	2.744141	0.143127
3.246155	0.934143	2.752991	0.196228
3.213501	0.954590	2.728577	0.247803
3.165283	0.971069	2.669067	0.296021
3.098450	0.981750	2.570190	0.341492
3.017578	0.986938	2.437744	0.383911
2.921448	0.987549	2.278748	0.423889
2.808838	0.978394	2.095032	0.458679
2.683411	0.964966	1.892700	0.489197
2.542725	0.949707	1.674194	0.515137
2.387085	0.938110	1.442261	0.536804
2.228699	0.936279	1.210938	0.552979
2.057495	0.943909	0.961914	0.564270
1.883545	0.962524	0.706482	0.571594
1.704712	0.987244	0.440979	0.574036
1.524963	1.015015	0.176392	0.571289
1.339417	1.039734	-0.083618	0.563660
1.148376	1.058655	-0.332336	0.552979
0.950623	1.073608	-0.567322	0.540771
0.746155	1.087952	-0.787964	0.529785
0.532837	1.102295	-0.994263	0.519409
0.311890	1.114502	-1.184387	0.508423
0.089111	1.121521	-1.351624	0.499573
-0.134583	1.118774	-1.495056	0.491943
-0.355225	1.100464	-1.613464	0.487061
-0.574341	1.066589	-1.710510	0.484314
-0.787354	1.018982	-1.782227	0.482178
-0.991516	0.958557	-1.831970	0.478516
-1.188049	0.887146	-1.866150	0.470886
-1.375732	0.806885	-1.887207	0.458069
-1.551514	0.720215	-1.897278	0.439148
-1.715088	0.627136	-1.899109	0.414124
-1.861572	0.526123	-1.893311	0.382996
-1.992493	0.414734	-1.878357	0.346680
-2.104797	0.296021	-1.855164	0.307312
-2.201843	0.172119	-1.825867	0.265198
-2.287903	0.046997	-1.790466	0.221558
-2.368469	-0.079651	-1.751404	0.177612
-2.437134	-0.204163	-1.708679	0.133972
-2.492676	-0.327454	-1.666260	0.090637
-2.532654	-0.452881	-1.614990	0.047607
-2.558594	-0.582886	-1.550293	0.007324
-2.570801	-0.720215	-1.470642	-0.031128
-2.569580	-0.864868	-1.375122	-0.067444
-2.555847	-1.008911	-1.271057	-0.100708
-2.526855	-1.148071	-1.155701	-0.129700
-2.485657	-1.277771	-1.034546	-0.155640
-2.433167	-1.397400	-0.902405	-0.180054
-2.366943	-1.512451	-0.757446	-0.200195
-2.288513	-1.622009	-0.603943	-0.218506
-2.194519	-1.731567	-0.437012	-0.232849
-2.086182	-1.838379	-0.257874	-0.245361
-1.965637	-1.943054	-0.074768	-0.254211
-1.830444	-2.042236	0.108337	-0.257874
-1.677551	-2.131042	0.290527	-0.257263
-1.509094	-2.207947	0.466309	-0.250549
-1.329651	-2.272644	0.629883	-0.239258
-1.137390	-2.325134	0.782776	-0.223389
-0.934143	-2.364502	0.927124	-0.203247
-0.723267	-2.393799	1.059570	-0.180664
-0.505676	-2.412720	1.179504	-0.152283
-0.285034	-2.420654	1.285706	-0.128784
-0.061340	-2.413025	1.380310	-0.103149
0.168152	-2.389526	1.460571	-0.070801
0.390320	-2.351685	1.523743	-0.045471
0.621338	-2.301331	1.573792	-0.020447
0.852966	-2.240601	1.618958	0.001831
1.072083	-2.177124	1.660767	0.016479
1.293030	-2.108154	1.699829	0.029602
1.498718	-2.031860	1.732483	0.039978
1.692810	-1.940613	1.763916	0.051880
1.871338	-1.836548	1.787415	0.066223
2.040405	-1.717224	1.806030	0.085754
2.188110	-1.584473	1.819458	0.105286
2.308960	-1.444397	1.834717	0.125427
2.407837	-1.301880	1.853943	0.148315
2.496948	-1.156616	1.873474	0.173035
2.566833	-1.009521	1.888123	0.197754
2.613831	-0.859985	1.900940	0.222168
2.644348	-0.707397	1.907043	0.249023
2.653198	-0.548401	1.902466	0.273743
2.640686	-0.381165	1.883240	0.299072
2.616272	-0.211792	1.850281	0.325623
2.575073	-0.043640	1.804504	0.347900
2.516785	0.118713	1.744385	0.368042
2.448425	0.273743	1.674500	0.386047
2.372131	0.419922	1.596375	0.402222
2.282410	0.556641	1.506653	0.417175
2.172241	0.688782	1.403198	0.427551
2.043457	0.816040	1.279907	0.432129
1.903076	0.940247	1.142883	0.435181
1.751709	1.053772	0.992126	0.434570
1.593933	1.152954	0.830383	0.435791
1.428528	1.237488	0.659180	0.436707
1.254272	1.311951	0.484009	0.435486
1.072998	1.379700	0.308533	0.432434
0.879822	1.438599	0.133667	0.430298
0.676575	1.490784	-0.042725	0.426636
0.469055	1.537476	-0.216370	0.423889
0.256348	1.576538	-0.386353	0.419006
0.043030	1.605225	-0.545654	0.412903
-0.166626	1.620483	-0.696716	0.400696
-0.367432	1.620178	-0.839844	0.383301
-0.559082	1.604614	-0.973206	0.362244
-0.740356	1.578369	-1.097107	0.336914
-0.913086	1.547241	-1.214905	0.308228
-1.071777	1.510925	-1.329346	0.277100
-1.219482	1.467896	-1.440430	0.242615
-1.361084	1.417847	-1.548157	0.207214
-1.488037	1.360168	-1.645813	0.173950
-1.596375	1.294861	-1.730042	0.139160
-1.689148	1.220398	-1.801453	0.101929
-1.765747	1.141052	-1.862488	0.065308
-1.820984	1.062622	-1.915283	0.033264
-1.856079	0.981445	-1.963196	0.006104
-1.865234	0.900879	-1.997681	-0.016479
-1.853333	0.822449	-2.021484	-0.034790
-1.824951	0.746460	-2.031250	-0.050354
-1.786804	0.668030	-2.024841	-0.068665
-1.736145	0.585022	-1.998291	-0.087585
-1.670837	0.498962	-1.955872	-0.104980
-1.598816	0.413208	-1.903076	-0.125427
-1.518250	0.328674	-1.838379	-0.144653
-1.435242	0.247803	-1.761169	-0.165710
-1.351013	0.169678	-1.671448	-0.189514
-1.264343	0.093689	-1.570740	-0.217285
-1.177979	0.017395	-1.452942	-0.247803
-1.094360	-0.061035	-1.320496	-0.281067
-1.012268	-0.139771	-1.175537	-0.316467
-0.926819	-0.215454	-1.015015	-0.350342
-0.840759	-0.283813	-0.848389	-0.381165
-0.753479	-0.343018	-0.675659	-0.411377
-0.661926	-0.394287	-0.498962	-0.440063
-0.568848	-0.433350	-0.328369	-0.466003
-0.468445	-0.464172	-0.157166	-0.492554
-0.357361	-0.488586	0.019226	-0.516357
-0.237732	-0.509644	0.194702	-0.535889
-0.108948	-0.526123	0.364380	-0.550232
0.028992	-0.535889	0.530090	-0.559082
0.172119	-0.539856	0.684509	-0.565491
0.323792	-0.533752	0.835571	-0.567322
0.476074	-0.520935	0.969238	-0.568542
0.635681	-0.502625	1.093140	-0.567627
0.799561	-0.484314	1.201782	-0.566101
0.969849	-0.466614	1.303101	-0.563660
1.141052	-0.447998	1.396790	-0.559082
1.306458	-0.426331	1.482544	-0.553894
1.460876	-0.400085	1.555481	-0.548706
1.602783	-0.370178	1.619568	-0.541077
1.730652	-0.339966	1.667175	-0.529480
1.849670	-0.306702	1.707153	-0.511475
1.954651	-0.272827	1.734619	-0.488281
2.051392	-0.240479	1.756287	-0.460510
2.132568	-0.210876	1.770020	-0.428467
2.199707	-0.182800	1.774597	-0.391235
2.251282	-0.156555	1.765747	-0.348816
2.288818	-0.129395	1.745911	-0.301208
2.315369	-0.096130	1.717224	-0.247803
2.330017	-0.057678	1.672668	-0.191040
2.338257	-0.015869	1.618958	-0.129395
2.336121	0.028076	1.557617	-0.064087
2.326355	0.075073	1.492004	0.001221
2.307739	0.122375	1.421204	0.064392
2.280273	0.169678	1.340637	0.125122
2.247009	0.220337	1.250000	0.183716
2.208557	0.278015	1.148682	0.241089
2.164917	0.342407	1.038818	0.296631
2.116089	0.415039	0.920410	0.348511
2.058105	0.492554	0.792847	0.395203
1.990662	0.574341	0.657349	0.436707
1.912231	0.660706	0.516663	0.472717
1.820984	0.751648	0.372314	0.502625
1.717834	0.845947	0.223389	0.526733
1.603088	0.945129	0.075073	0.547180
1.476746	1.047668	-0.070190	0.564575
1.338501	1.151733	-0.211792	0.579224
1.192017	1.256104	-0.344849	0.588379
1.038513	1.352539	-0.466919	0.592957
0.879517	1.439209	-0.576782	0.595703
0.719299	1.511536	-0.673218	0.595093
0.559082	1.568909	-0.756836	0.591125
0.400085	1.613159	-0.827942	0.585022
0.240479	1.644592	-0.892334	0.577087
0.083313	1.663818	-0.951233	0.567932
-0.074768	1.671143	-1.008911	0.556946
-0.232544	1.663208	-1.060486	0.545349
-0.390015	1.635437	-1.113586	0.531616
-0.542297	1.589661	-1.162109	0.516357
-0.686340	1.528625	-1.205750	0.500793
-0.823059	1.454773	-1.246033	0.482788
-0.954590	1.370239	-1.284485	0.462341
-1.080627	1.278687	-1.322021	0.439758
-1.201172	1.182251	-1.354980	0.415955
-1.312256	1.080322	-1.380005	0.392151
-1.418152	0.973206	-1.401672	0.365295
-1.509399	0.859375	-1.412964	0.339050
-1.585999	0.738525	-1.414185	0.312805
-1.647644	0.614624	-1.403503	0.286255
-1.698914	0.486450	-1.384888	0.256958
-1.738586	0.355835	-1.363831	0.225830
-1.758423	0.225830	-1.333923	0.196533
-1.759338	0.094299	-1.296387	0.169373
-1.745300	-0.039673	-1.251526	0.143738
-1.715393	-0.176392	-1.197510	0.121155
-1.669312	-0.316162	-1.132507	0.101318
-1.604004	-0.458374	-1.050415	0.086060
-1.528015	-0.605164	-0.959778	0.072632
-1.440735	-0.754089	-0.860596	0.061646
-1.347046	-0.901794	-0.755615	0.052795
-1.243286	-1.044312	-0.643311	0.047913
-1.135254	-1.184692	-0.529480	0.043945
-1.019897	-1.323853	-0.409241	0.040588
-0.903320	-1.461792	-0.286865	0.036621
-0.781555	-1.598206	-0.158997	0.031433
-0.658875	-1.731873	-0.032654	0.026550
-0.535583	-1.858826	0.090332	0.019836
-0.411072	-1.977234	0.206299	0.013733
-0.287476	-2.084045	0.315247	0.007629
-0.165405	-2.178040	0.418701	0.001831
-0.047302	-2.258606	0.513916	-0.006714
0.066833	-2.323608	0.602112	-0.017090
0.178833	-2.373352	0.686035	-0.027161
0.287476	-2.409058	0.765686	-0.035706
0.395508	-2.429199	0.841370	-0.045471
0.500793	-2.430725	0.907898	-0.054626
0.608521	-2.412109	0.969849	-0.062561
0.711365	-2.375183	1.022949	-0.069275
0.811462	-2.322388	1.063538	-0.075073
0.907898	-2.257690	1.095581	-0.080261
1.002808	-2.179871	1.124878	-0.086060
1.095581	-2.091370	1.151123	-0.085449
1.182861	-1.992798	1.173096	-0.090942
1.264343	-1.884766	1.192627	-0.096436
1.343079	-1.767578	1.210938	-0.093079
1.408081	-1.643066	1.225891	-0.088806
1.472473	-1.509705	1.239319	-0.079651
1.524048	-1.371460	1.251221	-0.067139
1.556396	-1.235352	1.262512	-0.056458
1.584778	-1.100464	1.271973	-0.045776
1.600952	-0.964966	1.279602	-0.029907
1.598511	-0.827637	1.282349	-0.010376
1.581116	-0.692139	1.278381	0.013123
1.555786	-0.551758	1.264954	0.041809
1.515503	-0.409241	1.239929	0.075989
1.455078	-0.268250	1.203308	0.110168
1.380005	-0.130920	1.156921	0.146790
1.302490	0.001221	1.099243	0.184631
1.221313	0.129395	1.029053	0.224609
1.128235	0.253296	0.949402	0.261536
1.035461	0.373535	0.860901	0.301819
0.936584	0.490112	0.760498	0.340271
0.830994	0.605469	0.650024	0.378723
0.728455	0.717468	0.534668	0.420532
0.622253	0.824890	0.417480	0.459595
0.516052	0.926514	0.301208	0.495911
0.409241	1.019592	0.183105	0.530396
0.307312	1.106567	0.070801	0.559998
0.208740	1.184082	-0.031738	0.586853
0.103455	1.257629	-0.130005	0.608826
-0.006409	1.328125	-0.224915	0.623474
-0.118103	1.398315	-0.313416	0.633850
-0.227661	1.465454	-0.392151	0.639038
-0.336914	1.521912	-0.465393	0.639954
-0.442810	1.567078	-0.532532	0.636292
-0.547485	1.602173	-0.595703	0.622864
-0.650330	1.631470	-0.653992	0.605469
-0.748901	1.649475	-0.705566	0.584106
-0.846863	1.657410	-0.757446	0.558167
-0.942993	1.658020	-0.814514	0.531006
-1.032715	1.651611	-0.874634	0.502319
-1.115723	1.639404	-0.928650	0.473328
-1.195374	1.617432	-0.988464	0.440369
-1.264038	1.589050	-1.045837	0.405579
-1.323242	1.552734	-1.098938	0.369568
-1.375122	1.507874	-1.149902	0.333557
-1.420288	1.457520	-1.195679	0.295410
-1.459656	1.404114	-1.240845	0.256653
-1.490784	1.348572	-1.280212	0.215454
-1.517029	1.287537	-1.314697	0.173950
-1.535034	1.219788	-1.342163	0.132751
-1.543884	1.146545	-1.353760	0.090027
-1.550293	1.064758	-1.353455	0.039978
-1.548767	0.977173	-1.336670	-0.013123
-1.537170	0.887756	-1.304321	-0.068970
-1.519165	0.794373	-1.263428	-0.126343
-1.489563	0.702820	-1.205750	-0.184021
