2020/1/9 16:32:21 40us
CH1			CH2			CH3			CH4
0.063782	0.014954	0.032349	0.065002
0.063782	0.014648	0.032349	0.064697
0.064697	0.015259	0.032654	0.064697
0.064087	0.014648	0.032654	0.065002
0.063477	0.014954	0.031128	0.065308
0.063477	0.014954	0.031433	0.065308
0.063171	0.014648	0.031128	0.064697
0.065002	0.015259	0.033569	0.065002
0.064392	0.015259	0.032349	0.065002
0.064087	0.014954	0.031738	0.065002
0.065002	0.015564	0.033569	0.065002
0.065002	0.015564	0.033569	0.065002
0.065308	0.014954	0.033875	0.064697
0.063782	0.014954	0.031433	0.064697
0.063782	0.014648	0.031738	0.065002
0.063171	0.014648	0.031433	0.064697
0.063477	0.014648	0.031433	0.065002
0.062561	0.014343	0.030212	0.064392
0.063171	0.014343	0.030823	0.065002
0.064697	0.014954	0.033569	0.065308
0.067139	0.016174	0.036316	0.065918
0.068665	0.016174	0.037231	0.065613
0.065613	0.015259	0.033875	0.065002
0.059814	0.013428	0.026855	0.064087
0.052490	0.010681	0.017700	0.062256
0.048218	0.009766	0.013733	0.061646
0.046082	0.009766	0.012207	0.061646
0.053101	0.012207	0.021362	0.063477
0.059814	0.014343	0.029602	0.065002
0.066223	0.017090	0.037537	0.066223
0.070496	0.018311	0.042419	0.067444
0.072021	0.018616	0.043030	0.067139
0.073242	0.018311	0.044250	0.067749
0.071716	0.018005	0.039978	0.066528
0.069275	0.017090	0.029297	0.066223
0.072937	0.016785	0.041199	0.065613
0.054016	0.016479	0.074158	0.065308
0.040283	0.015259	0.065308	0.065002
0.067139	0.014343	-0.058899	0.064697
0.127258	0.017090	-0.180664	0.064392
0.122375	0.018616	-0.241699	0.065308
0.051880	0.016785	-0.342407	0.065918
0.014954	0.029907	-0.498047	0.061646
-0.018616	0.027161	-0.635071	0.066223
-0.080261	-0.014954	-0.686646	0.082092
-0.178833	-0.044861	-0.658569	0.089417
-0.350952	-0.044250	-0.492554	0.079956
-0.536499	-0.046387	-0.145569	0.075073
-0.689697	-0.071716	0.313721	0.068970
-0.755615	-0.099792	0.780945	0.050659
-0.724487	-0.123596	1.241760	0.023804
-0.639648	-0.120239	1.772766	-0.000610
-0.467529	-0.061340	2.317810	-0.021362
-0.187378	0.019226	2.771301	-0.024719
0.148315	0.085754	3.135376	0.001526
0.502930	0.141602	3.505859	0.043945
0.855408	0.213318	3.921509	0.093384
1.217957	0.281067	4.341736	0.160217
1.618652	0.325317	4.668579	0.254517
2.050476	0.411682	4.885864	0.329895
2.483521	0.570984	4.991760	0.350952
2.865295	0.723267	4.981384	0.355530
3.171387	0.817566	4.838257	0.357666
3.444519	0.872192	4.528198	0.328064
3.706970	0.886536	4.030151	0.259705
3.923645	0.810242	3.430481	0.170288
4.075928	0.601196	2.844238	0.078430
4.190063	0.263977	2.285461	-0.010681
4.271851	-0.180359	1.713257	-0.112610
4.323425	-0.664673	1.121521	-0.244141
4.378967	-1.114502	0.574036	-0.409546
4.439087	-1.489563	0.116577	-0.563049
4.470520	-1.796875	-0.283508	-0.665588
4.474487	-2.048340	-0.658569	-0.710754
4.482422	-2.215271	-1.030579	-0.708618
4.479065	-2.274170	-1.395874	-0.636597
4.429932	-2.239685	-1.691284	-0.492249
4.312439	-2.132568	-1.900024	-0.307617
4.143982	-1.975708	-2.095642	-0.141602
3.962708	-1.786804	-2.326660	-0.022583
3.773193	-1.543884	-2.558289	0.071716
3.537598	-1.240540	-2.771606	0.152283
3.215942	-0.881042	-2.948914	0.200500
2.833557	-0.473022	-3.119812	0.196838
2.446594	-0.040588	-3.295593	0.167236
2.052307	0.402222	-3.458557	0.161133
1.623535	0.828552	-3.571472	0.202332
1.184998	1.207886	-3.623352	0.262451
0.746765	1.553345	-3.620605	0.314026
0.284119	1.868591	-3.646545	0.357056
-0.221863	2.167358	-3.726501	0.404053
-0.786438	2.440796	-3.808899	0.457458
-1.393738	2.644958	-3.887634	0.505371
-2.029724	2.803955	-4.006348	0.552979
-2.650452	2.943420	-4.157715	0.617981
-3.240356	3.039246	-4.296570	0.698242
-3.801270	3.058167	-4.367676	0.762634
-4.329834	3.017578	-4.366455	0.772095
-4.787598	2.900696	-4.314575	0.727234
-5.187988	2.700195	-4.221802	0.665283
-5.518494	2.452698	-4.080811	0.634460
-5.775146	2.155151	-3.865356	0.618896
-5.970764	1.802368	-3.582153	0.585938
-6.143799	1.389771	-3.264160	0.509644
-6.324463	0.905762	-2.947998	0.410461
-6.515198	0.389099	-2.611694	0.313110
-6.697998	-0.127258	-2.243347	0.202332
-6.829834	-0.631714	-1.868591	0.103760
-6.924744	-1.098938	-1.517334	-0.007629
-7.003174	-1.546631	-1.224976	-0.182190
-7.055359	-1.976318	-0.990601	-0.384521
-7.090149	-2.361755	-0.819702	-0.573120
-7.081604	-2.666016	-0.719299	-0.695190
-7.026367	-2.888489	-0.697937	-0.668640
-6.931458	-3.035583	-0.723572	-0.666504
-6.762390	-3.087769	-0.783386	-0.744324
-6.495667	-3.039551	-0.868530	-0.753174
-6.215820	-2.912598	-0.959167	-0.724792
-5.806885	-2.665710	-1.047058	-0.705566
-5.237122	-2.328186	-1.111450	-0.695801
-4.654236	-1.916809	-1.153870	-0.675049
-4.014893	-1.466980	-1.177368	-0.581055
-3.257141	-1.017151	-1.160583	-0.384216
-2.494202	-0.518494	-1.076660	-0.229797
-1.960754	0.003357	-0.909119	-0.126648
-1.649475	0.549927	-0.677185	-0.010986
-1.246643	1.089478	-0.410461	0.164795
-0.705261	1.559753	-0.114746	0.333252
-0.263977	1.891785	0.247803	0.465088
0.086670	2.158508	0.664368	0.562439
0.428467	2.366333	1.116943	0.643005
0.781555	2.467651	1.614075	0.693359
1.247559	2.432251	2.126465	0.722046
1.785889	2.259827	2.626648	0.648804
2.278748	1.982727	3.135986	0.542603
2.762451	1.615906	3.633118	0.473328
3.206787	1.185913	4.063416	0.433044
3.495483	0.689697	4.397278	0.381470
3.680115	0.128174	4.667664	0.299377
3.858032	-0.417175	4.880981	0.242310
4.020691	-0.898743	4.999390	0.230713
4.190674	-1.310120	5.038147	0.210266
4.388123	-1.693726	5.053101	0.171509
4.559937	-2.040405	5.073853	0.160217
4.635925	-2.327576	5.120850	0.140076
4.591675	-2.477722	5.152283	0.092773
4.449463	-2.498474	5.126343	0.026245
4.226379	-2.470398	5.040588	-0.056152
3.962402	-2.434692	4.926758	-0.101624
3.696289	-2.376404	4.802856	-0.124207
3.458252	-2.255249	4.639282	-0.202026
3.268433	-2.061462	4.428406	-0.347595
3.083191	-1.828308	4.202881	-0.491638
2.857666	-1.529236	3.993835	-0.565796
2.573242	-1.163025	3.792114	-0.585938
2.204895	-0.738525	3.580627	-0.603333
1.722107	-0.241699	3.319702	-0.602417
1.166077	0.288391	2.986755	-0.574646
0.617065	0.762024	2.589722	-0.541687
0.118713	1.188965	2.126160	-0.481262
-0.330811	1.618958	1.599121	-0.361633
-0.743713	2.038879	1.036682	-0.191650
-1.105347	2.395020	0.495911	0.036011
-1.428223	2.640381	-0.031738	0.292053
-1.696167	2.799988	-0.504456	0.545349
-1.878967	2.922668	-0.928650	0.791016
-1.997681	2.980042	-1.312561	0.976257
-2.111816	2.929688	-1.645203	1.073608
-2.287903	2.764893	-1.907654	1.105042
-2.489014	2.504272	-2.107239	1.091003
-2.626648	2.162170	-2.270203	1.034241
-2.732239	1.797180	-2.452393	0.964050
-2.904968	1.452637	-2.653503	0.876465
-3.140564	1.124573	-2.832642	0.771790
-3.395691	0.799255	-2.989197	0.653687
-3.630981	0.475464	-3.167114	0.518799
-3.816223	0.151062	-3.367615	0.370483
-4.013062	-0.160217	-3.588867	0.202332
-4.250488	-0.421143	-3.830261	0.040894
-4.490356	-0.642090	-4.092712	-0.061951
-4.718933	-0.855103	-4.364014	-0.101013
-4.943542	-1.045227	-4.598999	-0.104065
-5.117798	-1.198730	-4.756470	-0.106201
-5.231018	-1.301270	-4.855957	-0.123901
-5.302124	-1.328735	-4.906616	-0.162048
-5.344238	-1.301575	-4.891052	-0.214844
-5.376587	-1.263428	-4.829102	-0.267944
-5.402832	-1.239929	-4.750977	-0.306702
-5.401001	-1.229858	-4.635925	-0.334778
-5.360413	-1.226196	-4.449463	-0.361938
-5.281677	-1.211853	-4.198914	-0.373535
-5.167847	-1.187744	-3.918762	-0.363159
-5.005188	-1.143799	-3.629761	-0.312500
-4.791260	-1.065979	-3.321228	-0.227966
-4.527893	-0.959167	-2.967224	-0.161743
-4.220581	-0.841980	-2.564087	-0.140991
-3.891907	-0.691833	-2.147827	-0.133667
-3.552856	-0.500793	-1.774902	-0.115662
-3.198853	-0.294189	-1.457825	-0.094299
-2.820740	-0.094910	-1.147156	-0.080872
-2.416687	0.086670	-0.794067	-0.082092
-1.996765	0.237427	-0.419006	-0.090942
-1.548767	0.347290	-0.057983	-0.107727
-1.074219	0.399780	0.298767	-0.140686
-0.625305	0.419006	0.677185	-0.175476
-0.230103	0.414429	1.074219	-0.203552
0.135193	0.367432	1.468201	-0.219727
0.498352	0.274658	1.834717	-0.227356
0.862732	0.164185	2.166138	-0.218811
1.219788	0.056152	2.478333	-0.190735
1.521301	-0.037231	2.770386	-0.145874
1.749878	-0.117188	3.009033	-0.092163
1.940002	-0.194702	3.212891	-0.042725
2.112732	-0.269165	3.410645	-0.018921
2.279358	-0.330811	3.591614	-0.031128
2.426147	-0.391541	3.750610	-0.078125
2.520447	-0.445251	3.884888	-0.146484
2.590027	-0.463562	3.991089	-0.223694
2.695923	-0.440063	4.072266	-0.278931
2.867737	-0.392761	4.131165	-0.295715
3.103638	-0.337219	4.172363	-0.288086
3.391418	-0.256042	4.201660	-0.272522
3.702087	-0.144348	4.199524	-0.228882
4.044495	-0.011597	4.155273	-0.141907
4.406128	0.128479	4.065857	-0.045471
4.765320	0.255432	3.943481	0.069275
5.117493	0.367126	3.788757	0.183105
5.456238	0.455933	3.573608	0.280151
5.771179	0.530396	3.298035	0.392456
6.017151	0.611877	2.962341	0.499268
6.155090	0.706787	2.597351	0.583801
6.202087	0.792542	2.218018	0.657959
6.160583	0.853882	1.825256	0.709534
6.080627	0.873413	1.416626	0.748596
5.963440	0.848694	0.989075	0.790405
5.794983	0.789795	0.552368	0.831299
5.559082	0.708008	0.130310	0.852356
5.278625	0.595093	-0.254211	0.844116
5.006714	0.451660	-0.582886	0.806580
4.768372	0.290833	-0.868835	0.745239
4.510193	0.132751	-1.101074	0.649109
4.195557	0.007629	-1.290894	0.549622
3.834229	-0.079956	-1.441040	0.451660
3.416138	-0.122986	-1.555786	0.343628
2.962036	-0.119324	-1.636353	0.231934
2.509766	-0.089722	-1.694031	0.103455
2.052002	-0.040283	-1.748962	-0.019226
1.595154	0.028076	-1.815186	-0.120544
1.152649	0.132446	-1.893616	-0.197144
0.726318	0.259399	-1.966553	-0.248108
0.299377	0.387878	-2.032166	-0.285645
-0.122070	0.503235	-2.111206	-0.329590
-0.523987	0.611267	-2.210388	-0.375671
-0.916443	0.726624	-2.332764	-0.411682
-1.303711	0.837402	-2.473145	-0.440369
-1.662292	0.915833	-2.626953	-0.456543
-1.969910	0.963440	-2.793884	-0.478210
-2.223511	0.991821	-2.972717	-0.513000
-2.419128	1.007690	-3.141174	-0.544434
-2.609253	1.006775	-3.296204	-0.553589
-2.807312	0.980225	-3.433838	-0.538025
-3.013306	0.918579	-3.544617	-0.509338
-3.209534	0.817261	-3.614502	-0.488586
-3.380432	0.673523	-3.641052	-0.475464
-3.505859	0.494995	-3.627930	-0.463562
-3.586426	0.290527	-3.579407	-0.434265
-3.633423	0.075378	-3.489685	-0.385132
-3.648987	-0.132751	-3.351440	-0.311890
-3.645630	-0.323181	-3.161316	-0.213623
-3.613281	-0.506897	-2.907410	-0.098267
-3.545532	-0.694580	-2.591553	0.014648
-3.446960	-0.870056	-2.238464	0.123291
-3.327637	-1.006775	-1.872253	0.229797
-3.215027	-1.091919	-1.508484	0.322571
-3.108521	-1.123047	-1.155396	0.394592
-2.983398	-1.109924	-0.817871	0.437012
-2.814331	-1.074219	-0.505066	0.457764
-2.592468	-1.029358	-0.225525	0.459595
-2.327271	-0.967407	0.007324	0.464172
-2.028198	-0.881653	0.192566	0.485535
-1.725159	-0.783997	0.330811	0.500183
-1.408691	-0.690002	0.428467	0.505981
-1.087341	-0.610046	0.497131	0.494080
-0.763855	-0.539856	0.555420	0.466614
-0.411377	-0.470581	0.614014	0.431824
-0.050049	-0.407104	0.673828	0.394897
0.325928	-0.352478	0.747070	0.362549
0.724487	-0.316467	0.848389	0.328064
1.138000	-0.295410	0.988159	0.286865
1.541138	-0.280151	1.164246	0.236816
1.905823	-0.265808	1.367493	0.178833
2.231750	-0.250549	1.594849	0.119629
2.519836	-0.242004	1.831055	0.066833
2.782898	-0.252075	2.072449	0.008545
3.031921	-0.296021	2.330322	-0.067444
3.279114	-0.372314	2.605286	-0.155640
3.521423	-0.453491	2.896423	-0.249634
3.753052	-0.516968	3.204346	-0.330200
3.970947	-0.565491	3.513184	-0.379333
4.168701	-0.608826	3.818665	-0.402527
4.331665	-0.663757	4.106750	-0.401306
4.455872	-0.732727	4.376526	-0.385742
4.540405	-0.806580	4.624023	-0.370789
4.573364	-0.862732	4.827576	-0.358276
4.544067	-0.880127	4.962769	-0.337219
4.468079	-0.856934	5.009155	-0.308838
4.373779	-0.792236	4.969788	-0.269470
4.263306	-0.692444	4.848938	-0.234375
4.134521	-0.566101	4.643860	-0.201111
3.987732	-0.413818	4.340210	-0.162354
3.820496	-0.235291	3.950195	-0.121765
3.644714	-0.032654	3.514709	-0.077820
3.441162	0.175171	3.060608	-0.040283
3.220825	0.381470	2.607422	-0.015259
2.998047	0.591736	2.168884	0.014038
2.759399	0.802307	1.763000	0.050354
2.500305	1.010132	1.403198	0.106201
2.221375	1.207275	1.088562	0.180664
1.942139	1.383972	0.828552	0.267029
1.671448	1.533508	0.632629	0.359192
1.419983	1.646729	0.485840	0.447388
1.181641	1.717529	0.374146	0.530701
0.941467	1.748657	0.283508	0.617065
0.690613	1.741638	0.205994	0.705566
0.424500	1.706543	0.137939	0.786133
0.154419	1.644592	0.070801	0.852966
-0.104370	1.551514	-0.013428	0.895996
-0.351868	1.423950	-0.117188	0.916138
-0.587769	1.275024	-0.253906	0.914612
-0.815735	1.108704	-0.432129	0.888672
-1.029968	0.914001	-0.656128	0.848694
-1.216736	0.678406	-0.914612	0.794983
-1.386719	0.404663	-1.202698	0.726624
-1.546936	0.108032	-1.510315	0.637512
-1.711731	-0.203552	-1.836243	0.530701
-1.881714	-0.520020	-2.179260	0.410461
-2.045288	-0.811157	-2.501831	0.292358
-2.203064	-1.086426	-2.795410	0.174255
-2.345276	-1.337585	-3.045044	0.061951
-2.459106	-1.549683	-3.253479	-0.044556
-2.552795	-1.706238	-3.423767	-0.132446
-2.626953	-1.792908	-3.554688	-0.193787
-2.672119	-1.808472	-3.643799	-0.231018
-2.690430	-1.755676	-3.684082	-0.247192
-2.684937	-1.639404	-3.684692	-0.253601
-2.654724	-1.468506	-3.650513	-0.260925
-2.615662	-1.251526	-3.581238	-0.268555
-2.585754	-0.996704	-3.464966	-0.269165
-2.576294	-0.712891	-3.310852	-0.261536
-2.582703	-0.408630	-3.127441	-0.249023
-2.581482	-0.093994	-2.913818	-0.233765
-2.562866	0.209351	-2.659607	-0.218506
-2.525330	0.475769	-2.359314	-0.201111
-2.471619	0.693359	-2.036133	-0.189819
-2.400818	0.848389	-1.701355	-0.181274
-2.319031	0.935364	-1.350098	-0.174866
-2.231750	0.945129	-0.984802	-0.168457
-2.136536	0.871582	-0.609741	-0.160522
-2.019653	0.728149	-0.240479	-0.145569
-1.885071	0.533752	0.100708	-0.125732
-1.723633	0.324707	0.414429	-0.100098
-1.528015	0.115662	0.700073	-0.076599
-1.286926	-0.095825	0.952454	-0.063477
-0.995483	-0.304871	1.167603	-0.071411
-0.654297	-0.489807	1.347961	-0.093689
-0.279541	-0.635071	1.492920	-0.123291
0.101624	-0.740967	1.600037	-0.152588
0.471497	-0.818481	1.681519	-0.180359
0.827332	-0.874634	1.745300	-0.209351
1.176758	-0.904846	1.802979	-0.240173
1.526794	-0.911865	1.870117	-0.272217
1.882019	-0.901184	1.950684	-0.299377
2.234497	-0.877075	2.044983	-0.321350
2.577820	-0.836487	2.164001	-0.335999
2.896118	-0.783691	2.294617	-0.343933
3.189392	-0.718689	2.432556	-0.335693
3.455811	-0.644836	2.562866	-0.319214
3.696289	-0.565796	2.675781	-0.293884
3.902283	-0.481873	2.762756	-0.240784
4.073792	-0.397644	2.816467	-0.166321
4.219360	-0.317078	2.837524	-0.079041
4.348450	-0.248413	2.812500	0.018005
4.448853	-0.198364	2.739868	0.107422
4.523926	-0.162659	2.621460	0.190125
4.583130	-0.133667	2.463684	0.277100
4.606323	-0.107422	2.271423	0.364075
4.600220	-0.079041	2.049255	0.448914
4.580994	-0.046997	1.802063	0.527954
4.550476	-0.021057	1.540527	0.598145
4.513550	-0.003967	1.283569	0.658569
4.465637	0.009766	1.032104	0.704041
4.416504	0.029907	0.794678	0.742188
4.370728	0.058289	0.573425	0.772400
4.302063	0.083313	0.379333	0.780334
4.213562	0.100708	0.216370	0.763855
4.100037	0.123901	0.091553	0.721436
3.944092	0.170898	-0.003967	0.651245
3.747864	0.245972	-0.068970	0.573425
3.512878	0.340271	-0.112000	0.484924
3.251648	0.451660	-0.141602	0.391846
2.977295	0.578003	-0.159912	0.300293
2.714233	0.717468	-0.166626	0.209045
2.472229	0.860901	-0.179138	0.122681
2.243652	0.998840	-0.207520	0.043030
2.023926	1.121826	-0.252075	-0.029602
1.815186	1.227722	-0.312195	-0.093994
1.624146	1.314392	-0.386047	-0.148621
1.445313	1.378479	-0.480347	-0.197144
1.279907	1.425171	-0.597229	-0.236206
1.116333	1.462097	-0.744324	-0.268250
0.950317	1.493530	-0.910339	-0.290527
0.789490	1.520691	-1.080017	-0.299683
0.621338	1.533508	-1.251526	-0.297546
0.447388	1.527100	-1.424561	-0.284729
0.268860	1.506348	-1.591492	-0.255737
0.069580	1.477356	-1.744080	-0.213623
-0.151367	1.449585	-1.879883	-0.158691
-0.389709	1.428223	-2.005920	-0.095825
-0.634155	1.408081	-2.120972	-0.025330
-0.875244	1.384277	-2.216187	0.050659
-1.095886	1.361389	-2.284546	0.122070
-1.295166	1.342773	-2.333069	0.191956
-1.476746	1.323547	-2.377930	0.256348
-1.643372	1.295166	-2.414246	0.310669
-1.786804	1.250305	-2.439880	0.354919
-1.903687	1.185303	-2.452393	0.385437
-1.999817	1.094971	-2.453918	0.397034
-2.084656	0.978394	-2.444458	0.395203
-2.157288	0.833435	-2.425232	0.388184
-2.205200	0.658569	-2.391968	0.358887
-2.226868	0.451355	-2.339172	0.321350
-2.214050	0.210876	-2.263489	0.282288
-2.175903	-0.054321	-2.156982	0.236511
-2.095032	-0.337524	-2.019958	0.195007
-2.002869	-0.628967	-1.851196	0.154419
-1.904907	-0.924988	-1.658630	0.111084
-1.764221	-1.213074	-1.442871	0.072327
-1.617432	-1.493835	-1.208801	0.031433
-1.443787	-1.754456	-0.960388	-0.014648
-1.238403	-1.982727	-0.709839	-0.065002
-1.006775	-2.166138	-0.468750	-0.113525
-0.781555	-2.300720	-0.244141	-0.155945
-0.572510	-2.387085	-0.032349	-0.201111
-0.374756	-2.420654	0.171509	-0.241699
-0.170898	-2.393494	0.365295	-0.268250
0.028381	-2.307739	0.552063	-0.290833
0.207520	-2.169189	0.727844	-0.299683
0.372925	-1.987610	0.892944	-0.296021
0.526123	-1.776428	1.049194	-0.283508
0.669250	-1.547241	1.203308	-0.256653
0.809326	-1.324158	1.361084	-0.230408
0.935974	-1.116638	1.524048	-0.208130
1.049194	-0.933838	1.687622	-0.182190
1.153564	-0.775146	1.849976	-0.157776
1.262207	-0.641174	2.017517	-0.133057
1.373291	-0.534058	2.185669	-0.110474
1.487122	-0.444336	2.355957	-0.093689
1.612549	-0.363159	2.524719	-0.083008
1.752930	-0.285645	2.677612	-0.072327
1.903076	-0.205383	2.812500	-0.061646
2.059021	-0.119629	2.926941	-0.046692
2.213135	-0.025330	3.013916	-0.029907
2.359009	0.075989	3.071899	-0.016479
2.501831	0.185242	3.101196	-0.007935
2.612610	0.296326	3.100891	-0.000305
2.693787	0.411987	3.067627	0.006104
2.750549	0.526428	3.005676	0.018311
2.782288	0.635071	2.922363	0.035706
2.787476	0.728760	2.820435	0.057068
2.769165	0.807495	2.700806	0.075684
2.729187	0.874939	2.575073	0.099487
2.658386	0.926819	2.444763	0.125732
2.557983	0.970459	2.318420	0.150452
2.430420	1.008301	2.193909	0.170593
2.283936	1.035767	2.071533	0.188599
2.117615	1.045837	1.944885	0.200500
1.933594	1.042786	1.805420	0.212708
1.744080	1.030884	1.646423	0.233765
1.542969	1.015625	1.463318	0.260315
1.323853	0.992432	1.252747	0.296326
1.095886	0.963135	1.023865	0.341492
0.862732	0.921936	0.774841	0.396118
0.631714	0.872498	0.516968	0.459900
0.396729	0.819092	0.251770	0.534363
0.170593	0.770569	-0.005798	0.614624
-0.054016	0.729065	-0.258484	0.699158
-0.270996	0.690002	-0.500488	0.777588
-0.473328	0.648193	-0.728149	0.841064
-0.664368	0.598755	-0.939941	0.889587
-0.845337	0.543213	-1.127319	0.922241
-1.022034	0.480347	-1.293030	0.936890
-1.193237	0.415649	-1.440125	0.935059
-1.365356	0.356445	-1.569824	0.917053
-1.535034	0.307922	-1.673279	0.884094
-1.711426	0.274658	-1.750183	0.838928
-1.893311	0.258789	-1.809387	0.783386
-2.080688	0.258789	-1.860657	0.717773
-2.262878	0.271301	-1.902466	0.648804
-2.434387	0.292053	-1.936340	0.577393
-2.590942	0.311890	-1.968994	0.506287
-2.731934	0.332031	-1.995850	0.436096
-2.861938	0.347595	-2.024841	0.366211
-2.973938	0.362854	-2.049255	0.298767
-3.071289	0.372314	-2.072754	0.235291
-3.147888	0.376587	-2.087708	0.173035
-3.198242	0.369873	-2.090759	0.107117
-3.221130	0.345459	-2.074585	0.035095
-3.221130	0.296936	-2.037964	-0.043030
-3.200378	0.231018	-1.974792	-0.124207
-3.172607	0.151672	-1.894836	-0.207520
-3.133850	0.066223	-1.792908	-0.287170
-3.085938	-0.022583	-1.673889	-0.359497
-3.028870	-0.111694	-1.539001	-0.420837
-2.966614	-0.199280	-1.392212	-0.468750
-2.893982	-0.278625	-1.239319	-0.507507
-2.808838	-0.343628	-1.082153	-0.538330
-2.716675	-0.391846	-0.925903	-0.562744
-2.618408	-0.425110	-0.771484	-0.581055
-2.510986	-0.449524	-0.623474	-0.592346
-2.387695	-0.467529	-0.478516	-0.598450
-2.251892	-0.483704	-0.338440	-0.599976
-2.102051	-0.500793	-0.197144	-0.596924
-1.940002	-0.524597	-0.054321	-0.588684
-1.759033	-0.563049	0.090332	-0.579529
-1.553345	-0.614014	0.237732	-0.568237
-1.325684	-0.678406	0.381165	-0.553284
-1.077271	-0.755920	0.521545	-0.528564
-0.819397	-0.839844	0.652161	-0.493469
-0.552673	-0.924683	0.771484	-0.447388
-0.282288	-1.006165	0.874939	-0.390320
-0.015259	-1.081848	0.962524	-0.335388
0.247192	-1.153870	1.037292	-0.278320
0.500488	-1.218872	1.103210	-0.209656
0.735474	-1.274414	1.155090	-0.140991
0.957642	-1.316223	1.194458	-0.072021
1.159668	-1.341553	1.225281	-0.001526
1.332092	-1.353760	1.253052	0.065002
1.484985	-1.349182	1.283264	0.126648
1.624451	-1.323547	1.326294	0.185242
1.750793	-1.273804	1.383057	0.236206
1.870728	-1.199646	1.452026	0.283203
1.996155	-1.100769	1.531982	0.329590
2.123413	-0.978394	1.613159	0.372620
2.252197	-0.836792	1.697693	0.412292
2.374268	-0.680542	1.774597	0.440979
2.494202	-0.512695	1.837463	0.464172
2.597351	-0.334167	1.879578	0.488281
2.679443	-0.146179	1.898193	0.504456
2.734985	0.034790	1.886902	0.520325
2.765808	0.208740	1.846619	0.530396
2.773743	0.376282	1.779480	0.534363
2.760925	0.534668	1.688232	0.535583
2.721558	0.682068	1.569519	0.527039
2.662964	0.820618	1.428223	0.507507
2.597046	0.952454	1.267395	0.479126
2.526245	1.079102	1.094971	0.443420
2.438049	1.198730	0.911865	0.400696
2.326050	1.311340	0.718384	0.347900
2.204590	1.421509	0.526428	0.286255
2.068176	1.531982	0.333252	0.221558
1.916504	1.639404	0.145874	0.154419
1.735840	1.738586	-0.038452	0.088501
1.539001	1.827393	-0.218506	0.029297
1.324463	1.907043	-0.391846	-0.021973
1.091309	1.979675	-0.562134	-0.059814
0.839539	2.037354	-0.725098	-0.085144
0.571899	2.083435	-0.878906	-0.096130
0.300293	2.113953	-1.019897	-0.094604
0.031738	2.128601	-1.151428	-0.083313
-0.221863	2.127380	-1.263733	-0.063782
-0.459900	2.106323	-1.371765	-0.035095
-0.666504	2.064514	-1.468201	-0.000610
-0.848999	1.999207	-1.563721	0.038452
-1.008911	1.911011	-1.658936	0.079041
-1.149292	1.802063	-1.753235	0.115051
-1.274414	1.673279	-1.846008	0.146790
-1.382751	1.529541	-1.939087	0.172119
-1.483459	1.379395	-2.034607	0.190430
-1.579590	1.226807	-2.131042	0.204773
-1.676941	1.073303	-2.223816	0.214539
-1.775208	0.920410	-2.309875	0.219421
-1.875610	0.767822	-2.389221	0.221558
-1.974487	0.617371	-2.455444	0.220032
-2.066650	0.464172	-2.499390	0.216370
-2.149658	0.310974	-2.520142	0.209656
-2.220154	0.158997	-2.516785	0.200195
-2.274780	0.013733	-2.487488	0.190430
-2.318115	-0.128479	-2.435913	0.176086
-2.350769	-0.263977	-2.361450	0.155945
-2.372131	-0.390015	-2.263794	0.130920
-2.379456	-0.506897	-2.148743	0.103455
-2.371216	-0.617676	-2.018433	0.072937
-2.340698	-0.722046	-1.875916	0.035400
-2.290649	-0.820007	-1.720276	-0.007629
-2.229004	-0.913391	-1.554565	-0.047913
-2.152710	-0.999146	-1.377869	-0.096130
-2.071533	-1.072388	-1.199646	-0.143433
-1.986084	-1.130981	-1.022339	-0.179749
-1.895447	-1.177979	-0.847473	-0.216064
-1.789246	-1.214294	-0.675964	-0.241699
-1.670227	-1.246338	-0.510864	-0.259705
-1.543884	-1.277771	-0.353088	-0.275574
-1.390991	-1.306458	-0.201111	-0.288086
-1.227722	-1.333008	-0.053406	-0.291748
-1.057434	-1.358948	0.091553	-0.290833
-0.877991	-1.383667	0.239868	-0.285034
-0.682373	-1.399841	0.386658	-0.275879
-0.473633	-1.400452	0.535278	-0.265808
-0.273743	-1.387329	0.685120	-0.260010
-0.083923	-1.357727	0.840149	-0.257874
0.104370	-1.306458	0.990906	-0.260925
0.288696	-1.224976	1.135864	-0.265808
0.447693	-1.119385	1.267090	-0.271912
0.598450	-0.993958	1.393433	-0.274353
0.738220	-0.853882	1.508484	-0.271912
0.863953	-0.702209	1.614990	-0.264893
0.984802	-0.546570	1.714478	-0.250549
1.097412	-0.393982	1.809082	-0.235901
1.194458	-0.252686	1.898193	-0.221863
1.282043	-0.126343	1.983337	-0.206604
1.366882	-0.017700	2.065430	-0.189819
1.446228	0.072632	2.140198	-0.169067
1.514587	0.144958	2.202759	-0.144958
1.575317	0.201721	2.252502	-0.119629
1.632690	0.242310	2.286682	-0.090637
1.684265	0.266418	2.304688	-0.065308
1.729736	0.274963	2.305603	-0.040894
1.766663	0.270996	2.283020	-0.016174
1.791992	0.260010	2.234802	0.009155
1.803589	0.244446	2.155762	0.036316
1.799011	0.221863	2.050171	0.067444
1.770020	0.197144	1.914978	0.100098
1.722107	0.177917	1.755066	0.137024
1.658936	0.165405	1.574707	0.181274
1.578979	0.157471	1.377258	0.230713
1.488647	0.155029	1.170654	0.282593
1.392212	0.158691	0.962524	0.339050
1.287842	0.168762	0.761719	0.398865
1.167297	0.182495	0.569763	0.458679
1.029053	0.201111	0.398254	0.514526
0.868835	0.223694	0.246582	0.563965
0.688782	0.248108	0.115662	0.606689
0.487366	0.275879	0.002747	0.645752
0.276794	0.308838	-0.097656	0.683899
0.066223	0.346375	-0.191650	0.717163
-0.145874	0.387268	-0.281677	0.743713
-0.359192	0.430298	-0.378113	0.763245
-0.570068	0.476074	-0.485840	0.775757
-0.777283	0.522156	-0.609131	0.780334
-0.973511	0.565796	-0.741272	0.776062
-1.157837	0.606079	-0.881653	0.759888
-1.336975	0.639954	-1.032104	0.732117
-1.515198	0.665283	-1.192017	0.690918
-1.685791	0.680237	-1.348877	0.637817
-1.855774	0.687256	-1.503906	0.570374
-2.028198	0.683899	-1.653137	0.492249
-2.201538	0.668640	-1.783447	0.408325
-2.372131	0.640564	-1.893005	0.323181
-2.533875	0.602722	-1.979675	0.241394
-2.683105	0.557251	-2.041321	0.163574
-2.819519	0.504456	-2.075806	0.092163
-2.938232	0.449524	-2.079773	0.030212
-3.040161	0.394287	-2.058105	-0.023193
-3.119202	0.340576	-2.008667	-0.065613
-3.175354	0.289307	-1.937561	-0.098267
-3.207703	0.242310	-1.849670	-0.122986
-3.220215	0.196228	-1.750488	-0.141907
-3.212585	0.153198	-1.640320	-0.158691
-3.183289	0.113831	-1.521301	-0.175476
-3.134460	0.074768	-1.394958	-0.195618
-3.066711	0.034485	-1.262207	-0.218201
-2.978516	-0.010376	-1.123047	-0.243225
-2.872314	-0.061035	-0.982666	-0.268250
-2.745667	-0.123901	-0.842590	-0.292664
-2.601929	-0.203247	-0.705566	-0.314026
-2.442322	-0.301208	-0.570679	-0.331726
-2.276917	-0.413208	-0.442505	-0.345154
-2.098999	-0.535583	-0.316467	-0.351868
-1.912231	-0.665283	-0.197754	-0.348816
-1.723938	-0.798340	-0.087585	-0.337830
-1.525879	-0.928345	0.015259	-0.317383
-1.325684	-1.048889	0.109863	-0.289612
-1.134338	-1.156006	0.194397	-0.260925
-0.943909	-1.243286	0.269165	-0.231323
-0.762634	-1.310120	0.337219	-0.204773
-0.586548	-1.359558	0.397339	-0.183716
-0.414734	-1.394043	0.456543	-0.170898
-0.243530	-1.412659	0.516052	-0.165710
-0.077515	-1.416626	0.579529	-0.165405
0.081177	-1.410217	0.647583	-0.169678
0.236511	-1.395569	0.726013	-0.176086
0.396118	-1.367798	0.817566	-0.180054
0.551758	-1.328735	0.915527	-0.184937
0.706177	-1.278992	1.022339	-0.187073
0.855408	-1.223145	1.132202	-0.184631
0.998840	-1.169739	1.237793	-0.181580
1.129150	-1.116028	1.337280	-0.176697
1.245117	-1.062012	1.425171	-0.169067
1.343994	-1.005554	1.498108	-0.163879
1.426086	-0.948486	1.551208	-0.159302
1.493835	-0.889282	1.585999	-0.155945
1.554260	-0.827942	1.606140	-0.151978
1.611633	-0.763550	1.603088	-0.145264
1.664124	-0.693054	1.580200	-0.135193
1.712341	-0.613708	1.544800	-0.120850
1.758728	-0.525818	1.495056	-0.104675
1.804199	-0.429077	1.434631	-0.085449
1.842346	-0.325623	1.354675	-0.060730
1.879883	-0.213318	1.266785	-0.031433
1.905518	-0.093079	1.165771	0.000916
1.923523	0.032654	1.059875	0.033569
1.928711	0.159607	0.950317	0.065308
1.911316	0.285034	0.835876	0.094604
1.869812	0.409241	0.718689	0.120850
1.802673	0.531921	0.602722	0.144043
1.711731	0.655212	0.489502	0.166931
1.597595	0.776978	0.377197	0.185852
1.468811	0.895386	0.268555	0.203552
1.331787	1.009521	0.167236	0.220642
1.191406	1.113586	0.070496	0.233154
1.049194	1.206970	-0.024414	0.240479
0.912170	1.286621	-0.113525	0.242310
0.780029	1.349182	-0.201721	0.238342
0.657654	1.396790	-0.287781	0.231323
0.546875	1.431580	-0.376587	0.222168
0.442505	1.454163	-0.466309	0.210266
0.341492	1.466675	-0.555115	0.194702
0.236816	1.468811	-0.644531	0.179443
0.131531	1.463318	-0.738220	0.166016
0.023499	1.449585	-0.840149	0.156555
-0.083618	1.430664	-0.947571	0.152588
-0.192871	1.407166	-1.058960	0.155640
-0.305176	1.378174	-1.170654	0.165100
-0.423584	1.340332	-1.284485	0.179138
-0.541992	1.292114	-1.393127	0.195313
-0.658875	1.235657	-1.492004	0.209961
-0.770264	1.172791	-1.579590	0.221863
-0.874329	1.104431	-1.650085	0.228271
-0.966187	1.031799	-1.700745	0.227661
-1.052246	0.953979	-1.737061	0.218506
-1.124268	0.878601	-1.753540	0.200806
-1.189880	0.804443	-1.751404	0.173340
-1.250610	0.732117	-1.730957	0.137329
-1.307068	0.660095	-1.695862	0.096130
-1.355896	0.588989	-1.644897	0.052185
-1.397095	0.516357	-1.582031	0.009460
-1.426697	0.444336	-1.508789	-0.030212
-1.449280	0.372925	-1.431274	-0.064087
-1.459351	0.299683	-1.351929	-0.089722
-1.452942	0.223999	-1.269836	-0.107422
-1.429138	0.145569	-1.192017	-0.117798
-1.390076	0.063171	-1.122131	-0.120239
-1.331787	-0.021667	-1.055298	-0.117493
-1.257629	-0.111084	-0.989075	-0.111084
-1.166687	-0.201721	-0.915222	-0.102234
-1.065674	-0.294189	-0.836792	-0.097046
-0.956726	-0.386353	-0.752258	-0.096436
-0.845032	-0.477905	-0.661011	-0.101013
-0.727234	-0.565491	-0.557251	-0.111084
-0.609436	-0.649719	-0.444336	-0.126038
-0.491638	-0.726013	-0.321960	-0.145569
-0.374146	-0.792847	-0.191040	-0.169983
-0.255432	-0.848999	-0.053711	-0.191956
-0.138855	-0.895081	0.086365	-0.216980
-0.027771	-0.932617	0.226746	-0.240479
0.080872	-0.960083	0.369568	-0.267639
0.190125	-0.979919	0.507202	-0.292969
0.303955	-0.993042	0.640564	-0.303345
0.407104	-1.003113	0.762939	-0.308533
0.516052	-1.009521	0.883179	-0.303955
0.624084	-1.013489	0.998840	-0.293579
0.717163	-1.019287	1.107178	-0.285339
0.818176	-1.024475	1.209717	-0.278015
0.919495	-1.031494	1.298828	-0.268555
1.025391	-1.040039	1.382751	-0.257874
1.120605	-1.052246	1.454163	-0.245972
1.225281	-1.064758	1.516724	-0.233765
1.325073	-1.076050	1.561584	-0.221558
1.415405	-1.086731	1.592407	-0.211182
1.500549	-1.098022	1.610413	-0.202942
1.575317	-1.107178	1.615601	-0.192566
1.644287	-1.109314	1.601563	-0.180969
1.699219	-1.102905	1.575928	-0.172119
1.743774	-1.085205	1.539917	-0.156250
1.776123	-1.055298	1.496582	-0.142212
1.786194	-1.008606	1.445313	-0.126038
1.785278	-0.949402	1.392822	-0.102844
1.770020	-0.877380	1.338501	-0.078430
1.742554	-0.794983	1.278381	-0.052795
1.708984	-0.702515	1.217651	-0.021057
1.670837	-0.603027	1.156311	0.009766
1.630249	-0.500488	1.098328	0.042725
1.579285	-0.395203	1.037903	0.076904
1.520996	-0.288696	0.972290	0.108948
1.453857	-0.184326	0.899658	0.145264
1.381226	-0.087585	0.822144	0.184326
1.307983	-0.001221	0.742798	0.227966
1.234741	0.076599	0.655212	0.273132
1.156921	0.152283	0.561829	0.318604
1.072388	0.228882	0.462036	0.364380
0.979614	0.304260	0.365295	0.410767
0.873108	0.382080	0.265808	0.453796
0.755005	0.462952	0.162659	0.494385
0.625916	0.549316	0.058289	0.531006
0.485840	0.634460	-0.042419	0.560913
0.335388	0.716553	-0.143738	0.583191
0.184937	0.793457	-0.238953	0.597534
0.029602	0.859985	-0.329285	0.604858
-0.124512	0.917358	-0.411377	0.607300
-0.278320	0.965271	-0.486755	0.601807
-0.427246	1.002808	-0.550842	0.592651
-0.566101	1.028442	-0.604248	0.581360
-0.698853	1.042480	-0.651245	0.568848
-0.814819	1.047058	-0.688782	0.558472
-0.917664	1.043091	-0.722656	0.544739
-1.005859	1.031494	-0.748596	0.527039
-1.084290	1.012268	-0.772095	0.505676
-1.153259	0.983582	-0.799866	0.480652
-1.213379	0.943604	-0.830688	0.456238
-1.269836	0.892944	-0.860291	0.432434
-1.325378	0.832825	-0.888062	0.408020
-1.378479	0.764771	-0.910339	0.381470
-1.430054	0.683594	-0.928040	0.354614
-1.475525	0.588989	-0.937195	0.325012
-1.512146	0.482483	-0.939941	0.295105
-1.539917	0.370483	-0.935669	0.266418
-1.560669	0.253906	-0.922241	0.240173
-1.567383	0.133057	-0.897217	0.218201
-1.561279	0.010681	-0.863037	0.197144
-1.546631	-0.109863	-0.823669	0.173645
-1.522522	-0.225220	-0.770874	0.146484
-1.497498	-0.332642	-0.710144	0.115356
-1.467590	-0.430908	-0.641174	0.079651
-1.431885	-0.520020	-0.565796	0.038147
-1.392517	-0.602417	-0.488892	-0.008545
-1.347046	-0.675049	-0.406494	-0.056458
-1.297607	-0.740662	-0.323792	-0.104370
-1.245422	-0.803528	-0.243835	-0.152283
-1.183167	-0.859375	-0.161743	-0.197754
-1.105652	-0.911255	-0.076599	-0.238647
-1.012268	-0.959778	0.011597	-0.274353
-0.900879	-1.006165	0.099792	-0.307007
-0.773315	-1.048584	0.185852	-0.332947
-0.630493	-1.087646	0.277100	-0.354309
-0.478821	-1.124573	0.366516	-0.370789
-0.321045	-1.157227	0.454407	-0.384216
-0.162659	-1.189270	0.540161	-0.396118
-0.002136	-1.219788	0.623779	-0.405579
0.158691	-1.247253	0.704651	-0.412292
0.313110	-1.268921	0.777283	-0.416260
0.462952	-1.284180	0.843811	-0.416260
0.605469	-1.291504	0.903931	-0.414734
0.734863	-1.289978	0.957336	-0.410767
0.845642	-1.281128	1.004028	-0.405273
0.937805	-1.268311	1.043091	-0.395813
1.018677	-1.250610	1.079712	-0.381470
1.093140	-1.225891	1.116943	-0.363159
1.155701	-1.194458	1.152039	-0.341492
1.208496	-1.153564	1.186829	-0.315857
1.253052	-1.107483	1.218567	-0.286560
1.293030	-1.052246	1.250305	-0.255127
1.329041	-0.989990	1.278992	-0.220642
1.358337	-0.921631	1.298523	-0.183411
1.384277	-0.844727	1.312866	-0.143738
1.403198	-0.762329	1.318359	-0.103455
1.419373	-0.672302	1.313782	-0.063171
1.433411	-0.574951	1.293030	-0.025940
1.444092	-0.467529	1.258850	0.010681
1.451416	-0.354309	1.212769	0.045776
1.457214	-0.232544	1.152344	0.082092
1.463623	-0.106812	1.082458	0.119934
1.470032	0.018921	1.002808	0.157471
1.473999	0.144043	0.914917	0.195923
1.472168	0.266724	0.824280	0.229492
1.460876	0.385437	0.729980	0.255432
1.439514	0.500183	0.636597	0.274963
1.406250	0.606079	0.541992	0.288086
1.363220	0.704956	0.449219	0.296021
1.302185	0.795288	0.354614	0.298462
1.230469	0.877991	0.267639	0.297546
1.150208	0.954285	0.184326	0.291138
1.061707	1.024475	0.104065	0.280151
0.967712	1.090698	0.025330	0.268250
0.874939	1.154175	-0.046997	0.256958
0.786133	1.214905	-0.118103	0.247192
0.699158	1.274109	-0.189514	0.242004
0.615540	1.331482	-0.261536	0.240784
0.534973	1.385498	-0.331421	0.245972
0.454712	1.433411	-0.400391	0.258179
0.377502	1.473694	-0.466003	0.272522
0.296326	1.503296	-0.529785	0.286560
0.216370	1.522827	-0.588989	0.297852
0.137024	1.531067	-0.646362	0.306702
0.058594	1.530762	-0.698853	0.313721
-0.020142	1.521301	-0.752563	0.315857
-0.096741	1.504822	-0.805664	0.314941
-0.172729	1.483459	-0.860901	0.310669
-0.246887	1.457214	-0.917664	0.303955
-0.316162	1.424866	-0.975952	0.294495
-0.377808	1.386719	-1.035156	0.280151
-0.429077	1.340332	-1.089478	0.262451
-0.475159	1.286011	-1.139221	0.240173
-0.516052	1.226501	-1.180115	0.216370
-0.556030	1.161499	-1.211243	0.189819
-0.591125	1.094360	-1.224365	0.162659
-0.623169	1.025391	-1.223755	0.134277
-0.653381	0.953369	-1.209412	0.108032
-0.674133	0.879211	-1.177368	0.082703
-0.689697	0.800476	-1.131592	0.059814
-0.692139	0.718689	-1.071167	0.037537
-0.686646	0.629272	-1.004333	0.017090
-0.670166	0.535889	-0.925293	-0.004272
-0.649109	0.437012	-0.842590	-0.026550
-0.618896	0.333862	-0.752563	-0.048218
-0.577393	0.227966	-0.658569	-0.069580
-0.530701	0.118713	-0.565796	-0.089417
-0.475769	0.007629	-0.473633	-0.107727
-0.409851	-0.103149	-0.380554	-0.126343
-0.340576	-0.214539	-0.296021	-0.148010
-0.266724	-0.326233	-0.216980	-0.172424
-0.192261	-0.437317	-0.145569	-0.197144
-0.113220	-0.547180	-0.076904	-0.222778
-0.037842	-0.655823	-0.010986	-0.248108
0.033875	-0.762634	0.051575	-0.271301
0.103760	-0.866089	0.115051	-0.298767
0.175781	-0.964050	0.179749	-0.323486
0.255737	-1.054993	0.248413	-0.338135
0.334778	-1.139221	0.319214	-0.350037
0.424805	-1.209106	0.392151	-0.352173
0.519409	-1.265869	0.462341	-0.345459
0.611572	-1.308289	0.532227	-0.335388
0.714722	-1.337585	0.603943	-0.318604
0.815125	-1.352844	0.675049	-0.299683
0.915222	-1.353149	0.746460	-0.276794
1.012573	-1.343079	0.814209	-0.252380
1.113586	-1.318970	0.881348	-0.226135
1.206360	-1.283264	0.941467	-0.199585
1.292114	-1.238098	1.000366	-0.174255
1.368103	-1.186218	1.050720	-0.151062
1.444397	-1.127319	1.093445	-0.127869
1.517029	-1.061401	1.129150	-0.105591
1.578979	-0.990601	1.157532	-0.085754
1.637878	-0.918579	1.176758	-0.066528
1.692810	-0.844421	1.188965	-0.047302
1.738586	-0.769348	1.190796	-0.028687
1.780701	-0.693054	1.186523	-0.006714
1.810303	-0.617981	1.172180	0.014648
1.828613	-0.544128	1.145325	0.037231
1.839294	-0.467834	1.109924	0.062866
1.844177	-0.387268	1.067200	0.089111
1.835632	-0.303345	1.015015	0.116882
1.811218	-0.215149	0.957031	0.145264
1.773682	-0.121155	0.892029	0.172729
1.724854	-0.018921	0.823364	0.203857
1.665649	0.089417	0.752563	0.235291
1.596069	0.198975	0.680542	0.267944
1.518555	0.304565	0.605164	0.300903
1.437073	0.403748	0.530090	0.332031
1.354370	0.496521	0.456238	0.360718
1.268921	0.580139	0.383301	0.388184
1.180420	0.655518	0.312195	0.413208
1.090088	0.723267	0.241089	0.436401
0.997620	0.784302	0.172424	0.459595
0.897827	0.836792	0.101929	0.482178
0.793762	0.882874	0.031433	0.501404
0.693359	0.924377	-0.032043	0.520630
0.587463	0.961609	-0.099182	0.538025
0.480042	0.993347	-0.166931	0.553589
0.364990	1.019592	-0.238342	0.564880
0.248108	1.040649	-0.310974	0.571899
0.127869	1.052856	-0.384521	0.576172
0.002441	1.055298	-0.460815	0.577698
-0.122375	1.047058	-0.540771	0.579834
-0.239868	1.030273	-0.618591	0.580750
-0.354919	1.000977	-0.694580	0.579224
-0.463562	0.960999	-0.765686	0.576172
-0.564270	0.911865	-0.831909	0.571899
-0.653687	0.853271	-0.888672	0.565491
-0.732727	0.787964	-0.931396	0.556030
-0.806274	0.718079	-0.964050	0.544128
-0.872498	0.648193	-0.982056	0.531311
-0.935364	0.576477	-0.988770	0.514526
-0.990295	0.503540	-0.983887	0.494995
-1.041870	0.432434	-0.967407	0.471191
-1.094360	0.364075	-0.943909	0.442200
-1.143188	0.299683	-0.908508	0.411987
-1.186523	0.238342	-0.867004	0.379639
-1.221924	0.177917	-0.817871	0.346985
-1.246338	0.119324	-0.765381	0.312500
-1.258545	0.061035	-0.708618	0.278931
-1.259460	0.005493	-0.647888	0.245056
-1.250000	-0.050659	-0.583801	0.209045
-1.224365	-0.107422	-0.515137	0.173035
-1.180115	-0.165100	-0.443726	0.136414
-1.124878	-0.225830	-0.372314	0.097351
-1.056213	-0.290527	-0.299988	0.057983
-0.977783	-0.356750	-0.230408	0.018616
-0.889587	-0.422363	-0.161438	-0.022583
-0.793457	-0.483704	-0.091858	-0.062866
-0.690918	-0.540771	-0.018921	-0.100403
-0.586853	-0.592651	0.053406	-0.136108
-0.482178	-0.640564	0.123596	-0.168457
-0.375977	-0.683899	0.192566	-0.196228
-0.270081	-0.723267	0.260620	-0.220032
-0.167847	-0.758667	0.324402	-0.238342
-0.069275	-0.787659	0.383301	-0.253296
0.027466	-0.809631	0.439453	-0.264893
0.122070	-0.823059	0.493164	-0.273438
0.216064	-0.830383	0.549011	-0.278015
0.309753	-0.833740	0.605164	-0.279541
0.403137	-0.832825	0.662842	-0.281067
0.494080	-0.830078	0.719604	-0.282593
0.579834	-0.826111	0.776672	-0.284729
0.660400	-0.821228	0.830994	-0.285339
0.735474	-0.814819	0.880127	-0.285034
0.804749	-0.806274	0.923767	-0.281067
0.868530	-0.795898	0.963135	-0.274658
0.924683	-0.785522	0.995789	-0.262451
0.977478	-0.776062	1.020508	-0.245667
1.026611	-0.767517	1.036987	-0.223694
1.072693	-0.756531	1.045227	-0.196228
1.112671	-0.740356	1.044006	-0.163879
1.147766	-0.717773	1.034241	-0.128479
1.174011	-0.690613	1.015015	-0.089417
1.192322	-0.657349	0.988159	-0.050964
1.206055	-0.616760	0.953674	-0.014954
1.214294	-0.567932	0.916443	0.018921
1.214294	-0.511780	0.875244	0.050049
1.205444	-0.448303	0.833130	0.076294
1.190796	-0.377197	0.794373	0.098267
1.175537	-0.296021	0.760193	0.118103
1.155090	-0.207214	0.724182	0.135803
1.131287	-0.111084	0.687866	0.154724
1.103821	-0.008240	0.648193	0.173340
1.072693	0.101318	0.604858	0.191956
1.037292	0.215149	0.556641	0.211487
0.993958	0.329590	0.497742	0.232239
0.945129	0.444031	0.428467	0.252991
0.889893	0.555115	0.352173	0.271912
0.827637	0.662537	0.270081	0.291443
0.757141	0.763855	0.180664	0.309143
0.682678	0.857544	0.090637	0.326233
0.602112	0.940857	-0.001831	0.341187
0.517883	1.013489	-0.094299	0.351563
0.432434	1.076965	-0.183716	0.359192
0.343323	1.133118	-0.273438	0.363159
0.260925	1.184387	-0.354309	0.366516
0.181580	1.230774	-0.433350	0.366516
0.102844	1.273499	-0.511780	0.363770
0.030823	1.316223	-0.584717	0.357971
