2020/1/9 16:32:26 40us
CH1			CH2			CH3			CH4
0.032959	0.024719	0.029602	0.070190
0.030823	0.023804	0.027161	0.070190
0.031738	0.024109	0.028381	0.070496
0.033264	0.025024	0.030518	0.070496
0.033264	0.024719	0.030823	0.070496
0.031738	0.024109	0.028687	0.070190
0.034485	0.025330	0.031433	0.070190
0.034790	0.025330	0.032043	0.070801
0.033875	0.025330	0.030823	0.070190
0.034790	0.025330	0.031433	0.070496
0.035095	0.025024	0.031738	0.070190
0.034790	0.025635	0.031433	0.070190
0.033875	0.025330	0.029907	0.069885
0.033875	0.025024	0.029907	0.070190
0.032959	0.024719	0.028381	0.069275
0.034180	0.025024	0.029907	0.069885
0.034790	0.025330	0.030212	0.069580
0.033875	0.024414	0.029297	0.069580
0.034790	0.025330	0.030518	0.070190
0.035095	0.025024	0.030212	0.069885
0.035400	0.025635	0.030518	0.069580
0.034485	0.025024	0.028687	0.069885
0.035400	0.025330	0.030518	0.070190
0.036621	0.025330	0.031738	0.070190
0.036011	0.025635	0.030823	0.069885
0.036926	0.025330	0.031433	0.070190
0.036621	0.024719	0.030518	0.069885
0.034485	0.024414	0.027771	0.069275
0.036316	0.024719	0.030212	0.069885
0.036316	0.024414	0.029602	0.069580
0.036316	0.024414	0.029907	0.069885
0.036926	0.024414	0.030212	0.069885
0.039978	0.025024	0.033569	0.070496
0.038757	0.025024	0.032349	0.070190
0.037231	0.024414	0.031738	0.069885
0.044250	0.024414	0.030823	0.070190
0.045471	0.024414	0.029907	0.070801
0.026245	0.024719	0.029602	0.071106
-0.003967	0.024109	0.038147	0.070496
0.008545	0.025024	0.030518	0.071411
0.021667	0.025330	0.007019	0.072632
0.004578	0.026855	0.033264	0.070801
-0.002441	0.023804	0.072021	0.068665
0.012207	0.026550	0.091553	0.062256
0.046692	0.033569	0.093384	0.055847
0.123291	0.020447	0.119629	0.058594
0.244751	0.002136	0.095520	0.059204
0.390625	0.032043	0.030518	0.054016
0.561523	0.070801	-0.046082	0.049133
0.767517	0.056458	-0.126343	0.043030
1.019897	0.032959	-0.239258	0.037842
1.254578	0.009460	-0.351563	0.049438
1.478271	0.000305	-0.414734	0.072021
1.676941	-0.001831	-0.431824	0.081787
1.876526	-0.001831	-0.441895	0.087280
2.064209	-0.002747	-0.435791	0.105896
2.218628	-0.025940	-0.384216	0.127563
2.320862	-0.012817	-0.267334	0.133667
2.402954	0.025330	-0.142517	0.135498
2.455444	0.056152	-0.031738	0.155029
2.472229	0.077209	0.061646	0.166321
2.440491	0.119324	0.154724	0.172424
2.349243	0.163879	0.269165	0.177002
2.203064	0.161743	0.426941	0.183411
1.983032	0.127258	0.610046	0.177307
1.737671	0.108337	0.777283	0.159302
1.453857	0.110168	0.942688	0.106812
1.124878	0.128174	1.127014	0.036926
0.781250	0.130920	1.323242	-0.025635
0.420227	0.106201	1.481628	-0.060425
0.028687	0.060425	1.601257	-0.092773
-0.375366	0.007629	1.697998	-0.120850
-0.787048	-0.041809	1.802673	-0.127869
-1.216736	-0.101624	1.916809	-0.116272
-1.659241	-0.183716	2.021790	-0.092773
-2.099609	-0.292358	2.096558	-0.065918
-2.517395	-0.392761	2.137146	-0.050354
-2.918091	-0.454712	2.181702	-0.036621
-3.306580	-0.493774	2.235107	-0.024719
-3.648071	-0.507813	2.281799	-0.032959
-3.948975	-0.498962	2.317505	-0.051880
-4.184570	-0.479736	2.328186	-0.060120
-4.361267	-0.450745	2.341919	-0.027466
-4.502563	-0.398865	2.357788	0.024109
-4.599609	-0.339050	2.344055	0.063171
-4.594421	-0.283508	2.300110	0.080872
-4.499512	-0.233765	2.193909	0.091553
-4.380798	-0.180969	2.047729	0.104370
-4.250488	-0.122681	1.893616	0.119629
-4.075012	-0.053101	1.679077	0.125732
-3.856506	0.027771	1.380615	0.133667
-3.591309	0.122070	1.019897	0.163269
-3.305359	0.223389	0.636292	0.208130
-3.030090	0.324707	0.267334	0.252075
-2.777405	0.431213	-0.110779	0.280457
-2.520447	0.531616	-0.506592	0.295715
-2.261047	0.633240	-0.900574	0.307007
-2.020874	0.733337	-1.280212	0.316162
-1.819458	0.817566	-1.612549	0.313721
-1.636658	0.879517	-1.894836	0.301514
-1.475220	0.913391	-2.156677	0.282593
-1.353760	0.911255	-2.388611	0.267334
-1.261292	0.890503	-2.571716	0.246887
-1.184082	0.852661	-2.698669	0.207520
-1.105042	0.798340	-2.776184	0.148621
-1.020508	0.732422	-2.828674	0.091248
-0.950012	0.646362	-2.853699	0.044250
-0.921326	0.542297	-2.838135	0.008545
-0.927734	0.432434	-2.785950	-0.018921
-0.952759	0.317993	-2.712708	-0.043640
-0.991211	0.198059	-2.631226	-0.052795
-1.050415	0.063782	-2.537537	-0.045471
-1.126099	-0.075684	-2.426453	-0.030212
-1.215210	-0.205383	-2.299805	-0.024719
-1.316223	-0.337830	-2.163391	-0.033264
-1.415100	-0.456543	-2.002869	-0.045471
-1.500549	-0.553284	-1.822205	-0.051575
-1.567993	-0.642700	-1.621094	-0.052795
-1.612244	-0.718079	-1.405334	-0.049744
-1.629028	-0.763245	-1.174316	-0.042419
-1.636658	-0.774231	-0.946960	-0.027466
-1.633606	-0.754700	-0.719604	-0.010376
-1.610107	-0.714722	-0.490417	-0.002747
-1.569519	-0.648499	-0.262756	-0.009766
-1.519470	-0.563660	-0.029297	-0.024414
-1.475830	-0.476990	0.204773	-0.031433
-1.427307	-0.378418	0.434570	-0.030823
-1.349792	-0.266113	0.651855	-0.026245
-1.239624	-0.155029	0.845947	-0.023499
-1.105042	-0.046997	1.024170	-0.021362
-0.956726	0.053101	1.188660	-0.015564
-0.790405	0.138550	1.315002	0.000610
-0.590515	0.214844	1.393738	0.027161
-0.354919	0.281982	1.424255	0.057983
-0.082703	0.337219	1.412354	0.087280
0.217590	0.378418	1.379700	0.113220
0.556641	0.398254	1.333313	0.134583
0.920410	0.388489	1.260986	0.152283
1.301575	0.360107	1.169434	0.166016
1.695862	0.317993	1.062927	0.176697
2.063904	0.264893	0.955811	0.184937
2.409973	0.204163	0.837402	0.193481
2.735901	0.140076	0.689392	0.198364
3.025208	0.081787	0.521545	0.200195
3.271484	0.021973	0.335388	0.198059
3.462830	-0.039063	0.140076	0.188599
3.608093	-0.097351	-0.062561	0.173035
3.721924	-0.150452	-0.284729	0.151367
3.815002	-0.196838	-0.514832	0.126038
3.882751	-0.234985	-0.742188	0.097351
3.920593	-0.252991	-0.955200	0.072021
3.930054	-0.245972	-1.156006	0.049133
3.918457	-0.220032	-1.351929	0.021973
3.894348	-0.186768	-1.539612	-0.014343
3.850098	-0.158386	-1.704712	-0.058594
3.775635	-0.129700	-1.841431	-0.101624
3.669739	-0.091248	-1.949463	-0.135193
3.544006	-0.043030	-2.029724	-0.160217
3.391724	0.006409	-2.088928	-0.177307
3.207092	0.050964	-2.110291	-0.186462
2.984314	0.089417	-2.092285	-0.186768
2.742920	0.132446	-2.037964	-0.175781
2.494812	0.184937	-1.960144	-0.153503
2.241211	0.234375	-1.856689	-0.121460
1.975098	0.279846	-1.732788	-0.082703
1.700439	0.328064	-1.595764	-0.039673
1.418762	0.380554	-1.457214	-0.002747
1.143188	0.420532	-1.322021	0.026550
0.873413	0.436096	-1.202698	0.050964
0.616455	0.431824	-1.096497	0.081787
0.372925	0.414734	-0.997620	0.119934
0.160522	0.400085	-0.911560	0.149536
-0.030212	0.381165	-0.835876	0.169373
-0.194092	0.351563	-0.774231	0.182190
-0.335999	0.310669	-0.711060	0.186462
-0.451050	0.263977	-0.647888	0.187073
-0.535889	0.220032	-0.574646	0.187378
-0.592957	0.181274	-0.495911	0.187378
-0.610657	0.146484	-0.417175	0.191345
-0.598145	0.107422	-0.345764	0.197144
-0.557556	0.069885	-0.277100	0.202332
-0.496216	0.036316	-0.211182	0.206299
-0.418091	0.006409	-0.149841	0.214233
-0.333862	-0.027161	-0.096130	0.227966
-0.256958	-0.067444	-0.054016	0.242004
-0.180359	-0.105591	-0.014954	0.255737
-0.098267	-0.132446	0.022583	0.265808
-0.029602	-0.145569	0.048828	0.265808
0.022583	-0.150452	0.064087	0.255737
0.068054	-0.151062	0.060730	0.236816
0.111084	-0.150146	0.035400	0.206604
0.147400	-0.147705	-0.008545	0.166931
0.177002	-0.146179	-0.063477	0.120850
0.190735	-0.151672	-0.129089	0.070801
0.191040	-0.165100	-0.200806	0.022278
0.176086	-0.178223	-0.278931	-0.022583
0.145874	-0.187683	-0.356140	-0.063782
0.098572	-0.193176	-0.424805	-0.103149
0.034180	-0.201111	-0.488281	-0.138855
-0.036316	-0.208740	-0.544128	-0.168457
-0.109863	-0.208435	-0.586243	-0.189819
-0.193176	-0.199890	-0.613708	-0.203247
-0.285950	-0.182495	-0.617676	-0.205688
-0.385742	-0.161438	-0.599976	-0.201111
-0.479126	-0.138550	-0.562439	-0.193787
-0.559082	-0.114136	-0.497131	-0.184631
-0.632324	-0.086670	-0.394897	-0.174561
-0.697021	-0.054321	-0.263062	-0.166931
-0.749817	-0.015869	-0.104675	-0.158081
-0.783997	0.028076	0.078735	-0.151367
-0.799255	0.073242	0.287476	-0.150757
-0.802002	0.114746	0.516357	-0.156250
-0.792542	0.145569	0.765381	-0.160828
-0.769653	0.163879	1.026611	-0.160522
-0.730591	0.166321	1.287842	-0.154419
-0.676270	0.151672	1.538086	-0.146179
-0.614319	0.122070	1.775208	-0.137939
-0.545349	0.081177	2.005310	-0.129089
-0.479126	0.032959	2.214661	-0.116577
-0.417480	-0.021667	2.394104	-0.096436
-0.363770	-0.077820	2.542114	-0.065918
-0.323181	-0.130310	2.657471	-0.024109
-0.287781	-0.173035	2.746582	0.030518
-0.254211	-0.202637	2.809143	0.093689
-0.217285	-0.218201	2.845154	0.160217
-0.182190	-0.227356	2.854309	0.224609
-0.146484	-0.225525	2.843628	0.287781
-0.119019	-0.217590	2.809448	0.346985
-0.096436	-0.208740	2.751770	0.401611
-0.078430	-0.206299	2.667847	0.447693
-0.061035	-0.209961	2.568054	0.487671
-0.050659	-0.213928	2.452698	0.520020
-0.057983	-0.218506	2.317505	0.542908
-0.084229	-0.221558	2.166748	0.552979
-0.126343	-0.225525	2.002563	0.548706
-0.182800	-0.230713	1.831665	0.533447
-0.256348	-0.242615	1.660461	0.509949
-0.345154	-0.254211	1.503906	0.482483
-0.452881	-0.266113	1.358948	0.452576
-0.574341	-0.276184	1.224670	0.420532
-0.701294	-0.283813	1.098328	0.384216
-0.830383	-0.289917	0.976563	0.343628
-0.957336	-0.288696	0.857849	0.298462
-1.081543	-0.277710	0.741272	0.245056
-1.197510	-0.256958	0.621643	0.186157
-1.312256	-0.226746	0.492554	0.122070
-1.420898	-0.187073	0.356750	0.054016
-1.522217	-0.137024	0.216370	-0.017700
-1.615601	-0.081482	0.074158	-0.092773
-1.700439	-0.022888	-0.069885	-0.163879
-1.774597	0.037842	-0.211182	-0.226746
-1.840210	0.099487	-0.355835	-0.279846
-1.890259	0.162659	-0.495605	-0.321350
-1.926575	0.227661	-0.627136	-0.354004
-1.953125	0.292053	-0.744934	-0.379944
-1.969604	0.353699	-0.845032	-0.397339
-1.973877	0.412903	-0.927734	-0.405884
-1.970825	0.466003	-0.998535	-0.406799
-1.958313	0.513611	-1.053772	-0.397339
-1.939697	0.555420	-1.091003	-0.380859
-1.915588	0.590210	-1.110840	-0.357361
-1.883850	0.616150	-1.112976	-0.328674
-1.842346	0.629578	-1.091614	-0.290833
-1.800842	0.626526	-1.054077	-0.246277
-1.756287	0.606384	-1.000671	-0.193481
-1.705627	0.569458	-0.929871	-0.133972
-1.644592	0.515137	-0.845337	-0.068970
-1.567383	0.441589	-0.744629	0.003357
-1.480103	0.354004	-0.633850	0.079041
-1.387024	0.251160	-0.513916	0.159302
-1.290588	0.135498	-0.392456	0.241089
-1.190491	0.014038	-0.276794	0.320435
-1.091003	-0.118103	-0.172729	0.394592
-0.995483	-0.254517	-0.079346	0.460205
-0.906067	-0.388794	0.006714	0.516052
-0.823669	-0.516663	0.078430	0.560913
-0.750427	-0.635376	0.134583	0.591125
-0.683289	-0.742493	0.170898	0.607605
-0.614319	-0.835876	0.195313	0.610657
-0.547791	-0.914917	0.202942	0.596619
-0.474243	-0.978699	0.198059	0.570068
-0.393677	-1.025391	0.180664	0.533447
-0.304565	-1.053467	0.151062	0.488281
-0.205994	-1.058655	0.112915	0.436096
-0.098267	-1.040955	0.070190	0.374756
0.016785	-1.002197	0.024719	0.302734
0.137939	-0.946655	-0.022278	0.222778
0.266724	-0.876770	-0.065002	0.139771
0.397949	-0.795898	-0.107117	0.056763
0.534363	-0.704651	-0.143738	-0.023804
0.678406	-0.603027	-0.171509	-0.097961
0.827332	-0.495911	-0.194092	-0.165405
0.981750	-0.386963	-0.211487	-0.225830
1.138611	-0.277710	-0.225220	-0.280457
1.300354	-0.169067	-0.233765	-0.326843
1.463623	-0.059509	-0.238037	-0.364075
1.629333	0.050354	-0.239258	-0.392151
1.800537	0.157166	-0.236206	-0.411987
1.968689	0.257874	-0.237122	-0.428772
2.133789	0.354614	-0.238647	-0.440369
2.292175	0.446777	-0.240784	-0.447998
2.438660	0.534363	-0.252075	-0.449219
2.579956	0.618591	-0.264893	-0.444031
2.713623	0.699768	-0.281982	-0.434570
2.839966	0.777893	-0.296326	-0.420837
2.954102	0.848694	-0.309448	-0.401917
3.052979	0.907288	-0.316772	-0.377502
3.135071	0.950623	-0.318909	-0.347900
3.201294	0.976257	-0.316467	-0.313110
3.255615	0.985413	-0.307007	-0.272827
3.294373	0.976868	-0.295715	-0.226440
3.323364	0.952148	-0.281982	-0.173035
3.342590	0.909119	-0.271301	-0.112610
3.350525	0.850830	-0.265808	-0.046082
3.348694	0.780334	-0.266724	0.026550
3.335876	0.701904	-0.274048	0.103760
3.310547	0.616760	-0.291443	0.183411
3.273315	0.527039	-0.317688	0.261230
3.226318	0.435181	-0.346375	0.337830
3.163757	0.342407	-0.380554	0.408325
3.086243	0.249939	-0.412292	0.470886
2.992249	0.157166	-0.439758	0.521545
2.884521	0.064392	-0.459290	0.562134
2.762756	-0.029297	-0.470581	0.587463
2.631226	-0.122070	-0.467224	0.601196
2.492371	-0.211792	-0.453186	0.610046
2.343750	-0.295105	-0.436096	0.610962
2.196045	-0.369873	-0.417786	0.604248
2.049255	-0.436096	-0.404358	0.591125
1.907043	-0.490723	-0.399170	0.567322
1.768188	-0.532837	-0.405884	0.532837
1.632690	-0.559692	-0.426331	0.490723
1.502991	-0.569458	-0.459290	0.442810
1.378784	-0.562134	-0.505676	0.388184
1.268616	-0.533447	-0.563354	0.329590
1.173401	-0.484619	-0.630188	0.266724
1.089478	-0.416260	-0.705872	0.197754
1.016541	-0.330811	-0.787354	0.125122
0.958252	-0.231628	-0.874939	0.049438
0.920410	-0.120544	-0.963135	-0.025024
0.889893	-0.001831	-1.052246	-0.099487
0.867004	0.121155	-1.141357	-0.172424
0.852051	0.244446	-1.221924	-0.242310
0.838318	0.364990	-1.292725	-0.308533
0.830078	0.478821	-1.346130	-0.366821
0.823975	0.584412	-1.381531	-0.419922
0.818176	0.679932	-1.396179	-0.466309
0.819092	0.763245	-1.384277	-0.502930
0.825806	0.829773	-1.347046	-0.527649
0.836487	0.877075	-1.283875	-0.537415
0.842285	0.903320	-1.200867	-0.535583
0.841675	0.911255	-1.095581	-0.524902
0.836182	0.902405	-0.970764	-0.502014
0.826111	0.874023	-0.831299	-0.468140
0.815125	0.825500	-0.678406	-0.425720
0.804443	0.758057	-0.516663	-0.375671
0.795593	0.674438	-0.348206	-0.322266
0.787354	0.577393	-0.177917	-0.265808
0.776978	0.465393	-0.010681	-0.206299
0.766296	0.341187	0.151672	-0.140991
0.756531	0.208435	0.303040	-0.076599
0.750122	0.072632	0.445557	-0.007019
0.743408	-0.062256	0.577698	0.068359
0.734558	-0.193176	0.699768	0.146179
0.724182	-0.320740	0.811157	0.224304
0.706482	-0.444031	0.917664	0.300293
0.676575	-0.557556	1.013184	0.365295
0.635376	-0.663147	1.108093	0.422668
0.583801	-0.757446	1.201782	0.470581
0.523376	-0.838928	1.294250	0.507202
0.459290	-0.906677	1.382446	0.532837
0.397644	-0.958557	1.463318	0.549927
0.341187	-0.993958	1.537781	0.556030
0.283813	-1.015625	1.603088	0.549927
0.233154	-1.023865	1.664124	0.532532
0.192871	-1.018066	1.711731	0.506897
0.161743	-0.998840	1.745911	0.474854
0.139465	-0.965881	1.770630	0.438232
0.129395	-0.921326	1.784668	0.398560
0.125427	-0.866699	1.786499	0.354919
0.126648	-0.802307	1.776123	0.311279
0.133972	-0.729980	1.756287	0.267334
0.147705	-0.650635	1.728210	0.223694
0.166321	-0.562744	1.693420	0.182495
0.189819	-0.467834	1.652527	0.145569
0.220337	-0.367737	1.606750	0.111694
0.255737	-0.264893	1.555786	0.079956
0.290833	-0.161438	1.502686	0.047607
0.321655	-0.058289	1.448059	0.014648
0.350952	0.042725	1.392822	-0.018921
0.374146	0.138245	1.334229	-0.051880
0.393982	0.227661	1.276855	-0.082092
0.405884	0.309448	1.216431	-0.108948
0.407104	0.382996	1.150513	-0.133667
0.400391	0.449524	1.083984	-0.153809
0.381775	0.507813	1.011047	-0.170898
0.350037	0.555420	0.929871	-0.184631
0.307007	0.593872	0.841675	-0.191956
0.244446	0.619507	0.744934	-0.192261
0.170898	0.636292	0.652161	-0.183411
0.089111	0.643616	0.568237	-0.164185
-0.002747	0.639954	0.491943	-0.135498
-0.105286	0.625610	0.426331	-0.095825
-0.226746	0.598145	0.361938	-0.052185
-0.356140	0.561829	0.309143	-0.001221
-0.485535	0.518188	0.274353	0.054016
-0.611572	0.466614	0.255737	0.112305
-0.734558	0.408020	0.252380	0.173645
-0.847168	0.346375	0.267334	0.238953
-0.958862	0.280151	0.288391	0.300903
-1.072083	0.210876	0.312500	0.357666
-1.187744	0.139771	0.333862	0.406494
-1.301880	0.067749	0.348511	0.449829
-1.407166	-0.001526	0.358276	0.487061
-1.503296	-0.068054	0.359497	0.513000
-1.587524	-0.128174	0.350342	0.533142
-1.662598	-0.181274	0.328979	0.546265
-1.725464	-0.226135	0.300293	0.552979
-1.773987	-0.264587	0.260010	0.554504
-1.811523	-0.297241	0.209045	0.548096
-1.834717	-0.323181	0.155945	0.535583
-1.841431	-0.345459	0.097351	0.519409
-1.835632	-0.365295	0.034180	0.499268
-1.817322	-0.384827	-0.033264	0.472717
-1.780701	-0.403748	-0.097656	0.440369
-1.734009	-0.422363	-0.160828	0.401306
-1.678162	-0.437927	-0.220337	0.357056
-1.616211	-0.450134	-0.277405	0.308533
-1.546936	-0.457458	-0.330811	0.258179
-1.462402	-0.455627	-0.379639	0.206909
-1.372986	-0.446167	-0.424805	0.154419
-1.279297	-0.429688	-0.462341	0.102844
-1.182251	-0.405273	-0.495605	0.050659
-1.082153	-0.372009	-0.522156	-0.002747
-0.981750	-0.331421	-0.543518	-0.054321
-0.879822	-0.286560	-0.558167	-0.103455
-0.779724	-0.238342	-0.568542	-0.151672
-0.678406	-0.186462	-0.570679	-0.197144
-0.575256	-0.133057	-0.567627	-0.241394
-0.468750	-0.079651	-0.556030	-0.280762
-0.364685	-0.030518	-0.542603	-0.316162
-0.257874	0.016785	-0.520935	-0.345459
-0.151062	0.060120	-0.495605	-0.368042
-0.044556	0.099182	-0.466003	-0.382690
0.060730	0.132446	-0.429688	-0.387878
0.162964	0.157166	-0.390930	-0.382690
0.261841	0.177612	-0.346680	-0.367126
0.356140	0.193787	-0.296631	-0.342407
0.443726	0.205688	-0.243225	-0.308533
0.524902	0.213318	-0.184021	-0.265198
0.603027	0.215149	-0.121155	-0.214539
0.676575	0.212097	-0.056763	-0.159302
0.742798	0.203857	0.007019	-0.100708
0.800781	0.191040	0.068970	-0.040283
0.852966	0.174255	0.128174	0.018921
0.902100	0.155945	0.187683	0.075684
0.946960	0.135498	0.242920	0.127869
0.991211	0.115051	0.293579	0.172424
1.036682	0.094604	0.339355	0.209961
1.086121	0.074158	0.379333	0.239563
1.136475	0.052795	0.410461	0.261536
1.191406	0.031128	0.435486	0.277710
1.252136	0.011902	0.454102	0.289001
1.316528	-0.003662	0.466003	0.294495
1.383667	-0.014954	0.470581	0.293579
1.452332	-0.019531	0.467224	0.288696
1.523438	-0.016479	0.454712	0.279541
1.594238	-0.007935	0.433350	0.267944
1.667175	0.008240	0.405273	0.254211
1.738892	0.033569	0.370178	0.237122
1.805420	0.067139	0.321960	0.217285
1.867065	0.106812	0.260010	0.195923
1.927490	0.153198	0.186768	0.174255
1.982117	0.203857	0.099792	0.151978
2.030945	0.256958	0.002747	0.129700
2.070923	0.311584	-0.102539	0.106506
2.098999	0.364075	-0.216370	0.081787
2.119141	0.414734	-0.330505	0.057373
2.124634	0.462036	-0.446472	0.031433
2.113037	0.505066	-0.563354	0.005493
2.085266	0.543518	-0.677795	-0.018921
2.044373	0.578003	-0.786438	-0.041199
1.991272	0.607910	-0.887146	-0.060730
1.922913	0.632324	-0.982056	-0.077515
1.843262	0.653381	-1.066284	-0.090027
1.751709	0.669861	-1.139832	-0.100098
1.652832	0.684204	-1.197510	-0.105591
1.545105	0.695496	-1.240540	-0.106506
1.436157	0.701904	-1.270447	-0.102539
1.323242	0.704651	-1.283569	-0.092773
1.212158	0.704346	-1.280823	-0.078430
1.099854	0.699463	-1.264648	-0.060120
0.987549	0.690308	-1.237793	-0.038452
0.877380	0.677795	-1.198425	-0.014343
0.774536	0.664673	-1.147461	0.013733
0.673828	0.648193	-1.092529	0.042114
0.579224	0.633240	-1.033325	0.071716
0.487671	0.619202	-0.974426	0.099487
0.400391	0.607300	-0.915833	0.124817
0.318604	0.596619	-0.856628	0.146179
0.242920	0.586548	-0.800476	0.161133
0.170288	0.576172	-0.748291	0.169983
0.106506	0.565491	-0.695496	0.174561
0.047302	0.552368	-0.645142	0.174866
-0.006104	0.534668	-0.597534	0.169983
-0.054016	0.511780	-0.550232	0.160828
-0.092468	0.485535	-0.500793	0.149841
-0.125122	0.454712	-0.451355	0.137939
-0.149841	0.418396	-0.404358	0.124512
-0.163574	0.379944	-0.354309	0.112000
-0.168457	0.339355	-0.307007	0.101013
-0.166016	0.296936	-0.262146	0.092468
-0.154724	0.253601	-0.217285	0.086365
-0.138855	0.209045	-0.176697	0.081787
-0.116882	0.163574	-0.138550	0.078430
-0.088806	0.117493	-0.104065	0.074768
-0.053711	0.071106	-0.069580	0.071411
-0.015564	0.021973	-0.039673	0.067749
0.028076	-0.030518	-0.008545	0.062256
0.071411	-0.087280	0.021057	0.054626
0.113831	-0.148315	0.051270	0.045776
0.153503	-0.210876	0.082397	0.035095
0.190430	-0.271912	0.115967	0.022583
0.222778	-0.331421	0.150757	0.009460
0.249634	-0.387268	0.187988	-0.006409
0.270691	-0.440063	0.224304	-0.023193
0.284729	-0.488586	0.261230	-0.040588
0.291748	-0.530396	0.297241	-0.056458
0.292053	-0.563965	0.332947	-0.071716
0.283508	-0.588684	0.365906	-0.083618
0.268860	-0.604858	0.399780	-0.090942
0.246887	-0.613098	0.435181	-0.093384
0.215759	-0.615845	0.467834	-0.091248
0.177612	-0.610046	0.500488	-0.085144
0.136414	-0.596924	0.538635	-0.074158
0.089722	-0.576782	0.577393	-0.060120
0.038452	-0.552368	0.618896	-0.042114
-0.011902	-0.523071	0.666504	-0.021057
-0.061035	-0.491943	0.718384	0.002747
-0.107117	-0.458984	0.771179	0.028687
-0.148621	-0.424500	0.827026	0.056152
-0.186157	-0.389709	0.881653	0.085754
-0.220337	-0.352783	0.935669	0.116272
-0.249023	-0.314331	0.990295	0.148315
-0.278320	-0.274353	1.039734	0.179749
-0.307617	-0.232544	1.086426	0.209961
-0.337524	-0.187988	1.130066	0.238647
-0.368042	-0.141602	1.168213	0.265503
-0.400085	-0.092773	1.202087	0.290222
-0.436401	-0.043945	1.224670	0.310364
-0.470581	0.005493	1.243286	0.328064
-0.506592	0.053406	1.250916	0.340576
-0.537109	0.099792	1.252136	0.348816
-0.566101	0.143127	1.240540	0.353088
-0.589905	0.182495	1.218872	0.354004
-0.608521	0.216980	1.188049	0.351563
-0.624695	0.243225	1.146851	0.346680
-0.638733	0.262451	1.096191	0.339355
-0.656128	0.272522	1.033325	0.329285
-0.671082	0.277710	0.964661	0.319214
-0.690918	0.273438	0.883789	0.308533
-0.713196	0.261536	0.794678	0.298462
-0.740051	0.244141	0.697632	0.289612
-0.773010	0.219727	0.594482	0.279846
-0.812683	0.189819	0.485840	0.269470
-0.857544	0.156555	0.376282	0.259094
-0.906982	0.119324	0.269165	0.249023
-0.962219	0.081787	0.166321	0.237732
-1.025085	0.044861	0.066528	0.226135
-1.087952	0.010376	-0.022278	0.215454
-1.157227	-0.023193	-0.102844	0.204468
-1.229248	-0.053406	-0.172729	0.193787
-1.304016	-0.081787	-0.233459	0.183716
-1.385193	-0.111389	-0.289917	0.173645
-1.466370	-0.141907	-0.334473	0.165710
-1.549988	-0.172119	-0.373535	0.158691
-1.628723	-0.201111	-0.401917	0.155334
-1.709290	-0.231934	-0.427856	0.153503
-1.786194	-0.261230	-0.447693	0.153809
-1.860962	-0.289307	-0.463867	0.155640
-1.928711	-0.313110	-0.472412	0.160217
-1.988831	-0.331421	-0.477905	0.166931
-2.041931	-0.343018	-0.484619	0.174255
-2.084351	-0.346069	-0.487061	0.181274
-2.114258	-0.339661	-0.484619	0.189209
-2.132263	-0.329590	-0.477905	0.194397
-2.139587	-0.312805	-0.469055	0.197144
-2.132568	-0.290222	-0.453186	0.196533
-2.111206	-0.263367	-0.432434	0.192566
-2.075195	-0.235291	-0.404663	0.185852
-2.026672	-0.207214	-0.369873	0.174866
-1.968384	-0.179443	-0.331116	0.160217
-1.899414	-0.150757	-0.289307	0.142517
-1.821594	-0.123291	-0.242920	0.122070
-1.736450	-0.093689	-0.194092	0.100708
-1.645813	-0.063171	-0.145874	0.079041
-1.549988	-0.034790	-0.100708	0.057068
-1.448059	-0.004272	-0.054932	0.037231
-1.344604	0.025330	-0.012512	0.017090
-1.238403	0.053101	0.023499	-0.000916
-1.130371	0.077515	0.056152	-0.017090
-1.023560	0.095520	0.082397	-0.032349
-0.915222	0.106201	0.099182	-0.046997
-0.805054	0.111694	0.112915	-0.060730
-0.697937	0.108032	0.119324	-0.073853
-0.593872	0.097046	0.117188	-0.086975
-0.492249	0.081482	0.112305	-0.098877
-0.396118	0.061035	0.101318	-0.110168
-0.303650	0.036011	0.082092	-0.120850
-0.214844	0.008545	0.062561	-0.128784
-0.134888	-0.019836	0.041809	-0.135193
-0.057983	-0.049133	0.019531	-0.140381
0.014343	-0.080261	0.000000	-0.144043
0.076904	-0.108032	-0.017090	-0.146179
0.133057	-0.133667	-0.030518	-0.146179
0.182495	-0.156250	-0.039063	-0.145264
0.230103	-0.177307	-0.038147	-0.143433
0.272522	-0.192871	-0.032959	-0.140686
0.309143	-0.206604	-0.027161	-0.138550
0.341187	-0.213318	-0.018616	-0.135193
0.369873	-0.215759	-0.011292	-0.131836
0.400696	-0.213623	-0.003967	-0.126343
0.427551	-0.208435	-0.003967	-0.120850
0.452576	-0.197144	-0.010071	-0.114136
0.481262	-0.181885	-0.013123	-0.105896
0.507507	-0.160217	-0.021973	-0.096130
0.534668	-0.134888	-0.036011	-0.084839
0.561523	-0.104370	-0.053406	-0.072021
0.588379	-0.066528	-0.070190	-0.056763
0.617371	-0.023804	-0.089111	-0.040588
0.646667	0.025330	-0.110168	-0.022888
0.674438	0.076599	-0.131836	-0.003662
0.700073	0.132751	-0.153198	0.016174
0.724182	0.193481	-0.173340	0.036316
0.744934	0.256653	-0.191956	0.055847
0.764771	0.322266	-0.209045	0.071716
0.783386	0.391846	-0.225525	0.084839
0.802002	0.462036	-0.240479	0.095215
0.815125	0.530090	-0.259399	0.101929
0.827026	0.596619	-0.281372	0.103149
0.837708	0.662231	-0.305481	0.101929
0.849304	0.727234	-0.329590	0.097351
0.859680	0.789185	-0.358276	0.090637
0.867004	0.845947	-0.388794	0.081787
0.870361	0.897217	-0.421448	0.071716
0.866699	0.940857	-0.458374	0.059204
0.857849	0.979919	-0.494080	0.046387
0.840759	1.010132	-0.532532	0.032349
0.817261	1.032104	-0.570068	0.017700
0.789490	1.045227	-0.603638	0.003662
0.756531	1.048889	-0.639038	-0.009460
0.717163	1.043091	-0.674438	-0.020142
0.671997	1.029358	-0.710449	-0.030518
0.622253	1.005249	-0.746765	-0.039673
0.566711	0.971985	-0.785522	-0.049438
0.508728	0.930786	-0.821533	-0.057983
0.444336	0.883789	-0.855408	-0.066833
0.375366	0.830383	-0.886841	-0.073242
0.300903	0.767822	-0.914001	-0.080261
0.223999	0.699463	-0.935059	-0.086670
0.142212	0.625916	-0.952454	-0.093384
0.062256	0.550232	-0.958252	-0.099487
-0.019531	0.474243	-0.958862	-0.104675
-0.094299	0.401001	-0.951843	-0.108643
-0.166626	0.327148	-0.938416	-0.110474
-0.231628	0.256958	-0.915222	-0.110168
-0.290222	0.191040	-0.886536	-0.107727
-0.339355	0.127258	-0.852661	-0.102539
-0.379639	0.067749	-0.812378	-0.093689
-0.409546	0.012817	-0.766907	-0.082092
-0.432434	-0.038757	-0.717773	-0.067444
-0.444641	-0.086670	-0.661316	-0.050659
-0.446472	-0.132141	-0.599976	-0.031433
-0.436707	-0.177612	-0.532837	-0.010681
-0.418701	-0.220642	-0.463867	0.010376
-0.392761	-0.258484	-0.392761	0.032043
-0.356750	-0.290527	-0.318298	0.052185
-0.311584	-0.316467	-0.242920	0.070496
-0.258484	-0.336914	-0.169067	0.083923
-0.199280	-0.352783	-0.098267	0.092468
-0.131531	-0.362854	-0.024414	0.096741
-0.062561	-0.367432	0.041809	0.094910
0.008850	-0.365295	0.101929	0.089417
0.079041	-0.361328	0.153503	0.078125
0.146790	-0.353088	0.198364	0.064697
0.216370	-0.343933	0.242615	0.048828
0.278625	-0.336304	0.277710	0.029602
0.338745	-0.329895	0.310059	0.010681
0.389709	-0.323486	0.335693	-0.007629
0.437012	-0.315552	0.366211	-0.022278
0.476074	-0.309143	0.392456	-0.034790
0.504456	-0.302734	0.415649	-0.046387
0.527954	-0.294495	0.442810	-0.055847
0.544739	-0.285034	0.470886	-0.062256
0.555725	-0.274658	0.499878	-0.066528
0.557251	-0.263062	0.524902	-0.068665
0.554810	-0.252075	0.552368	-0.068970
0.544434	-0.242310	0.579224	-0.068054
0.528564	-0.233459	0.606384	-0.066223
0.505676	-0.227966	0.629578	-0.063477
0.476990	-0.225220	0.649414	-0.057983
0.440369	-0.226440	0.663757	-0.050354
0.398254	-0.230408	0.675659	-0.039978
0.347900	-0.241394	0.681763	-0.029907
0.292358	-0.257263	0.685120	-0.016785
0.230103	-0.277100	0.682678	-0.003052
0.166931	-0.299988	0.678406	0.014038
0.097961	-0.323792	0.668030	0.032043
0.027161	-0.346680	0.656738	0.053711
-0.044250	-0.371704	0.641785	0.077209
-0.115967	-0.395813	0.622559	0.102234
-0.184937	-0.415649	0.601501	0.128479
-0.254211	-0.432129	0.577393	0.155334
-0.318298	-0.443726	0.557861	0.183411
-0.378113	-0.451965	0.534973	0.210876
-0.433044	-0.457153	0.514832	0.239258
-0.485840	-0.462341	0.492859	0.265198
-0.531616	-0.463257	0.473022	0.290527
-0.569458	-0.461731	0.456238	0.313110
-0.600586	-0.458679	0.438843	0.333252
-0.625610	-0.449524	0.419312	0.351868
-0.644531	-0.437622	0.400391	0.368652
-0.657349	-0.422668	0.382080	0.383301
-0.665283	-0.403748	0.362549	0.394592
-0.671082	-0.382996	0.339355	0.403137
-0.675659	-0.360718	0.314331	0.408630
-0.682068	-0.335693	0.286865	0.411072
-0.688477	-0.308533	0.259399	0.410156
-0.692749	-0.284424	0.228882	0.405579
-0.697937	-0.262756	0.197144	0.397034
-0.703125	-0.243530	0.163879	0.383606
-0.708618	-0.226440	0.130920	0.368652
-0.716248	-0.214233	0.093079	0.350342
-0.725708	-0.204773	0.052490	0.329895
-0.733337	-0.194702	0.013123	0.308838
-0.744629	-0.185547	-0.028992	0.285950
-0.756226	-0.176086	-0.068665	0.262451
-0.770569	-0.166016	-0.108032	0.237427
-0.788879	-0.157166	-0.146484	0.212402
-0.812073	-0.147400	-0.181885	0.187073
-0.839844	-0.138245	-0.211487	0.162964
-0.873108	-0.130920	-0.237732	0.138550
-0.909424	-0.126953	-0.260010	0.114746
-0.945435	-0.125427	-0.275574	0.093994
-0.986328	-0.126953	-0.288086	0.075073
-1.028137	-0.129089	-0.294495	0.056458
-1.069336	-0.134277	-0.295715	0.038452
-1.110840	-0.143738	-0.293884	0.019836
-1.149597	-0.156860	-0.288086	0.001526
-1.182251	-0.169678	-0.272217	-0.014648
-1.210022	-0.182190	-0.251160	-0.029602
-1.233521	-0.195618	-0.227661	-0.044556
-1.249695	-0.211182	-0.202637	-0.058594
-1.256409	-0.228271	-0.170898	-0.070496
-1.256409	-0.245361	-0.137024	-0.080261
-1.250916	-0.263672	-0.100403	-0.087585
-1.235657	-0.283508	-0.061951	-0.091858
-1.213074	-0.305176	-0.024719	-0.092163
-1.178894	-0.324707	0.014038	-0.088806
-1.133118	-0.343933	0.054626	-0.079956
-1.081848	-0.364685	0.092468	-0.070496
-1.019897	-0.385437	0.130920	-0.058594
-0.947266	-0.406189	0.166931	-0.044250
-0.864868	-0.426636	0.200806	-0.028381
-0.776062	-0.443726	0.231934	-0.011597
-0.680237	-0.457153	0.261536	0.005493
-0.577087	-0.468140	0.287781	0.022888
-0.470886	-0.479431	0.307617	0.036926
-0.360413	-0.487061	0.326843	0.048218
-0.251160	-0.490417	0.340881	0.057068
-0.140686	-0.491333	0.352478	0.062866
-0.030823	-0.489502	0.360718	0.065613
0.078430	-0.485840	0.366821	0.066223
0.181580	-0.478210	0.369568	0.062256
0.281982	-0.464172	0.374756	0.055847
0.375061	-0.446167	0.375977	0.047302
0.460815	-0.424194	0.373535	0.036316
0.540161	-0.397034	0.368652	0.022888
0.612488	-0.364685	0.361328	0.009155
0.679321	-0.326843	0.352783	-0.006714
0.736694	-0.285950	0.339050	-0.021362
0.788269	-0.242615	0.322266	-0.036926
0.828552	-0.198364	0.297546	-0.052185
0.862122	-0.150452	0.273132	-0.067444
0.887451	-0.097046	0.248108	-0.082397
0.903931	-0.042114	0.217285	-0.097961
0.912781	0.011902	0.182190	-0.112915
0.914917	0.067749	0.144653	-0.129089
0.912170	0.126343	0.108948	-0.144348
0.900879	0.186768	0.069580	-0.160828
0.884094	0.248413	0.029602	-0.176086
0.860901	0.307617	-0.012817	-0.190430
0.833740	0.364990	-0.053406	-0.202942
0.802612	0.421143	-0.092468	-0.212708
0.767517	0.475769	-0.128479	-0.220032
0.729675	0.528564	-0.160522	-0.223999
0.690918	0.579224	-0.187988	-0.224915
0.651245	0.625916	-0.209351	-0.222473
0.610657	0.668945	-0.227966	-0.217590
0.569763	0.707397	-0.242310	-0.209045
0.530396	0.739746	-0.252991	-0.195618
0.493469	0.766296	-0.260315	-0.179443
0.460205	0.787964	-0.264587	-0.160828
0.429993	0.804749	-0.268860	-0.139771
0.400696	0.817261	-0.275574	-0.115662
0.379028	0.825806	-0.281372	-0.090332
0.363464	0.829163	-0.287781	-0.063171
0.352173	0.828552	-0.297546	-0.036011
0.346375	0.824280	-0.308533	-0.008850
0.346375	0.816345	-0.321350	0.017090
0.354309	0.802917	-0.333862	0.041199
0.363159	0.784302	-0.349426	0.063477
0.376892	0.763550	-0.362549	0.083923
0.389404	0.738525	-0.378418	0.101929
0.401917	0.709534	-0.396423	0.117493
0.416870	0.679016	-0.410767	0.131836
0.431519	0.646057	-0.425415	0.144043
0.446167	0.612183	-0.437317	0.153503
0.460205	0.578613	-0.446777	0.159607
0.473938	0.545654	-0.452881	0.164185
0.484619	0.512085	-0.461731	0.164185
0.490112	0.476685	-0.474548	0.160522
0.497131	0.443726	-0.482788	0.155029
0.501099	0.409851	-0.489502	0.147095
0.504456	0.375366	-0.491333	0.136414
0.504150	0.338135	-0.492554	0.122375
0.502319	0.301208	-0.490112	0.105286
0.498657	0.264587	-0.483704	0.086975
0.494385	0.227356	-0.469971	0.065918
0.486755	0.187988	-0.453186	0.043030
0.475464	0.148315	-0.436401	0.019226
0.464172	0.109253	-0.414429	-0.005188
0.450439	0.073242	-0.390320	-0.030212
0.435181	0.041199	-0.363159	-0.055237
0.418701	0.012207	-0.333862	-0.081177
0.403137	-0.013428	-0.302124	-0.105591
0.387573	-0.035706	-0.269775	-0.128479
0.370789	-0.052185	-0.236511	-0.150146
0.356750	-0.062866	-0.199280	-0.169067
0.343628	-0.069885	-0.158691	-0.187073
0.331726	-0.074158	-0.119019	-0.202026
0.325928	-0.074463	-0.074463	-0.214233
0.321655	-0.073547	-0.032349	-0.223083
0.324402	-0.071716	0.016785	-0.228882
0.333252	-0.068970	0.065002	-0.231018
0.347900	-0.066223	0.114441	-0.230103
0.370483	-0.064087	0.165405	-0.225525
0.395508	-0.063171	0.213623	-0.218506
0.426331	-0.063171	0.264587	-0.208435
0.458069	-0.066223	0.310669	-0.195313
0.493469	-0.072327	0.354614	-0.178223
0.530090	-0.080872	0.393066	-0.157471
0.571594	-0.092773	0.431519	-0.132751
0.611877	-0.108032	0.465088	-0.104065
0.649719	-0.128784	0.492554	-0.072327
0.688171	-0.152893	0.518494	-0.037537
0.722961	-0.180359	0.541687	-0.001526
0.756226	-0.210266	0.563965	0.036621
0.786133	-0.243225	0.585632	0.075378
0.811157	-0.279846	0.605774	0.112000
0.834045	-0.316467	0.625916	0.148010
0.851135	-0.353699	0.645447	0.180664
0.864258	-0.389709	0.662231	0.211487
0.870667	-0.427246	0.673218	0.239258
0.873718	-0.462341	0.679626	0.263367
0.872192	-0.494995	0.679932	0.284729
0.866699	-0.523987	0.674438	0.303650
0.854797	-0.549927	0.661621	0.319519
0.837708	-0.572205	0.644531	0.332031
0.814819	-0.589600	0.622559	0.341797
0.784912	-0.604553	0.591736	0.348511
0.749817	-0.613708	0.559387	0.353394
0.710144	-0.617371	0.523987	0.356445
0.665894	-0.616760	0.486755	0.356750
0.616150	-0.613708	0.442810	0.354004
0.564575	-0.605164	0.401306	0.350647
0.508118	-0.591736	0.357056	0.343628
0.448608	-0.573730	0.312805	0.335388
0.387878	-0.550232	0.267944	0.323486
0.325317	-0.521545	0.226440	0.310059
0.260925	-0.486145	0.185852	0.294800
0.196838	-0.446777	0.148010	0.280151
0.130310	-0.404968	0.112915	0.263672
0.065918	-0.359802	0.083923	0.247498
0.001221	-0.312195	0.057068	0.232239
-0.063171	-0.263977	0.033569	0.217896
-0.123901	-0.214233	0.015869	0.206604
-0.185242	-0.164490	0.001221	0.196228
-0.241089	-0.114441	-0.006104	0.188293
-0.293274	-0.066223	-0.012207	0.182495
-0.343323	-0.019836	-0.015564	0.178833
-0.387573	0.024109	-0.017090	0.176697
-0.427551	0.062561	-0.017700	0.175781
-0.465393	0.096130	-0.018005	0.176086
-0.501099	0.123901	-0.021057	0.176697
-0.530396	0.145874	-0.021057	0.180664
-0.550537	0.162964	-0.016479	0.186157
-0.563660	0.173950	-0.008545	0.193481
-0.568848	0.177612	0.001831	0.201111
-0.568542	0.176086	0.013733	0.210266
-0.561523	0.169983	0.028076	0.220337
-0.549316	0.157776	0.042419	0.230713
-0.536194	0.140991	0.053711	0.240479
-0.520325	0.119019	0.066223	0.249634
-0.504456	0.092468	0.077209	0.258179
-0.487671	0.061035	0.089417	0.264893
-0.474854	0.026245	0.100098	0.270386
-0.464172	-0.012207	0.110474	0.273743
-0.455322	-0.053711	0.120850	0.274353
-0.446777	-0.097351	0.133667	0.273438
-0.439148	-0.143127	0.145874	0.270691
-0.430603	-0.191040	0.158081	0.266418
-0.422668	-0.240479	0.169373	0.261230
-0.412292	-0.289612	0.183105	0.255127
-0.402832	-0.339355	0.192261	0.247192
-0.393066	-0.388794	0.198669	0.237122
-0.383606	-0.437622	0.205078	0.226135
-0.374756	-0.483093	0.209045	0.213928
-0.364685	-0.524597	0.212402	0.200806
-0.352783	-0.561218	0.216980	0.186462
-0.340576	-0.593262	0.220947	0.171814
-0.325317	-0.620422	0.224915	0.155640
-0.309143	-0.639648	0.227966	0.139771
-0.291138	-0.653381	0.230713	0.123596
-0.274658	-0.661011	0.230103	0.105286
-0.254211	-0.661926	0.231018	0.087585
-0.231934	-0.655212	0.230103	0.068054
-0.207825	-0.643311	0.228577	0.046997
-0.180664	-0.625305	0.228577	0.023804
-0.149231	-0.600586	0.228882	-0.000305
-0.115356	-0.569763	0.228882	-0.025330
-0.077209	-0.531311	0.230713	-0.050659
-0.037537	-0.486145	0.232849	-0.076294
0.006409	-0.433655	0.237732	-0.101013
0.050659	-0.377197	0.242310	-0.123291
0.097351	-0.317688	0.251160	-0.143738
0.144348	-0.252075	0.262146	-0.159912
0.191040	-0.181885	0.274353	-0.172119
0.236511	-0.111084	0.287781	-0.181580
0.281677	-0.039978	0.303345	-0.187378
0.324707	0.030212	0.319824	-0.188599
0.367737	0.098877	0.340576	-0.186768
0.407715	0.165405	0.359497	-0.180664
0.443726	0.227661	0.376282	-0.172119
0.478210	0.287476	0.391541	-0.160828
0.510559	0.343323	0.403137	-0.146790
0.537109	0.394897	0.409546	-0.132751
0.561829	0.442200	0.415039	-0.117798
0.582886	0.485840	0.415344	-0.102234
0.599670	0.524902	0.411072	-0.086060
0.612488	0.558472	0.403442	-0.069580
0.617981	0.586548	0.389099	-0.054016
0.619202	0.610962	0.372314	-0.037842
0.617371	0.629272	0.353699	-0.021362
0.607910	0.640869	0.327454	-0.005798
0.593567	0.648804	0.298157	0.009766
0.577087	0.653076	0.267639	0.026550
0.558472	0.654602	0.235291	0.042725
0.534973	0.652466	0.198364	0.058289
0.509949	0.648804	0.159912	0.073242
0.481873	0.643005	0.117798	0.086975
0.455933	0.636597	0.076904	0.100708
0.427551	0.631104	0.034180	0.112000
0.397644	0.625000	-0.011292	0.121765
0.368347	0.619507	-0.055847	0.129395
0.340576	0.613403	-0.099487	0.134277
0.314636	0.608215	-0.140381	0.137024
0.287476	0.602112	-0.180664	0.137024
0.262756	0.599060	-0.217590	0.134583
0.238647	0.596924	-0.254211	0.130310
0.218811	0.596619	-0.286255	0.123596
0.198669	0.597839	-0.320129	0.114746
0.181885	0.599060	-0.352173	0.103760
0.164490	0.599670	-0.386963	0.091553
0.151672	0.603638	-0.416565	0.078735
0.140686	0.608826	-0.446472	0.065613
0.132446	0.615234	-0.475769	0.052490
0.127258	0.622559	-0.501709	0.039063
0.126953	0.631104	-0.520935	0.026550
0.127563	0.639343	-0.539856	0.014343
0.131836	0.649719	-0.552673	0.003052
0.141296	0.661316	-0.557861	-0.006104
0.152283	0.673828	-0.559082	-0.015564
0.166321	0.686340	-0.552368	-0.022583
0.181580	0.697021	-0.542603	-0.028992
0.199585	0.706482	-0.524902	-0.034485
0.217590	0.714722	-0.503540	-0.039368
0.238953	0.721741	-0.475159	-0.042114
0.256653	0.725098	-0.447693	-0.045166
0.276794	0.724792	-0.416260	-0.047913
0.299988	0.722961	-0.378113	-0.050049
0.322266	0.716553	-0.337219	-0.052490
0.345459	0.706787	-0.293274	-0.053101
0.368958	0.693359	-0.247192	-0.054016
0.390930	0.673218	-0.202026	-0.053406
0.413208	0.649719	-0.155945	-0.052795
0.433044	0.620728	-0.110779	-0.051575
0.450745	0.586548	-0.066223	-0.049438
0.464783	0.546875	-0.024719	-0.046997
0.479736	0.503235	0.016785	-0.043640
0.491028	0.455933	0.054321	-0.039063
0.500183	0.404053	0.088196	-0.033264
0.508423	0.349121	0.115662	-0.027161
0.518188	0.292358	0.140686	-0.019531
0.526733	0.234680	0.158691	-0.012817
0.538025	0.178223	0.174255	-0.003967
0.550537	0.122070	0.185852	0.004883
0.561218	0.066528	0.191040	0.012817
0.573425	0.011902	0.194397	0.020142
0.587463	-0.041199	0.198364	0.028687
0.601196	-0.094299	0.200195	0.036316
0.615234	-0.144958	0.201721	0.043945
0.630493	-0.193481	0.203247	0.050049
0.646362	-0.238647	0.205994	0.056152
0.663452	-0.280762	0.208130	0.061646
0.682068	-0.319824	0.211182	0.066833
0.699768	-0.356140	0.211182	0.072021
0.716248	-0.388794	0.208435	0.077515
0.733948	-0.415955	0.206299	0.084229
0.749207	-0.438538	0.199890	0.091248
0.762329	-0.456848	0.191040	0.098267
0.778198	-0.469360	0.183716	0.105896
0.790710	-0.477600	0.173035	0.113831
0.805664	-0.480957	0.162659	0.122681
0.816956	-0.479431	0.148315	0.132446
0.827942	-0.473633	0.135498	0.143433
0.837097	-0.464172	0.122681	0.154419
0.843506	-0.451660	0.109558	0.165100
0.848389	-0.435486	0.099182	0.176392
0.845947	-0.416565	0.085449	0.186462
0.842896	-0.393372	0.077209	0.198364
0.835876	-0.366211	0.068970	0.209351
0.823364	-0.335388	0.060730	0.220337
0.805359	-0.303040	0.052185	0.229797
0.785828	-0.267944	0.047607	0.240173
0.761414	-0.229187	0.045776	0.250854
0.732117	-0.190125	0.043640	0.260620
0.700073	-0.149536	0.044556	0.270996
0.664673	-0.107727	0.047913	0.281067
0.625305	-0.066833	0.048218	0.289612
0.580750	-0.028076	0.049438	0.298462
0.531921	0.007629	0.048523	0.305176
0.480957	0.040894	0.049438	0.311584
0.429382	0.072632	0.052795	0.318604
0.376282	0.100098	0.054932	0.324707
0.321960	0.122375	0.053101	0.329895
0.268860	0.139465	0.052490	0.334167
0.216675	0.150757	0.050964	0.339050
0.164795	0.157166	0.048218	0.343323
0.111694	0.156555	0.039673	0.346985
