2020/1/9 16:32:29 40us
CH1			CH2			CH3			CH4
0.050659	0.013733	0.031738	0.063477
0.049133	0.013123	0.030212	0.062866
0.050659	0.013428	0.031128	0.063171
0.052490	0.014038	0.032959	0.063782
0.054626	0.014343	0.034790	0.063782
0.053406	0.013428	0.032654	0.063171
0.054626	0.014343	0.034485	0.063782
0.055542	0.013733	0.034180	0.063477
0.056152	0.013428	0.035095	0.063782
0.057678	0.013733	0.035095	0.063782
0.056458	0.013428	0.033875	0.063171
0.057678	0.013123	0.034790	0.063171
0.059814	0.014038	0.036011	0.064087
0.058899	0.013123	0.034180	0.063477
0.059509	0.012817	0.034485	0.063171
0.061035	0.013123	0.035706	0.063782
0.061035	0.013123	0.034790	0.063477
0.061646	0.013123	0.035400	0.063782
0.062256	0.013428	0.035400	0.063477
0.062256	0.012817	0.035400	0.063477
0.062561	0.013123	0.033875	0.063171
0.062561	0.012817	0.034180	0.063171
0.062256	0.011902	0.033264	0.062866
0.062561	0.012207	0.032654	0.062561
0.063477	0.012207	0.033264	0.062866
0.064392	0.012207	0.034180	0.063477
0.064697	0.012512	0.034180	0.062561
0.064697	0.012512	0.033875	0.062561
0.066833	0.012207	0.036011	0.063477
0.067139	0.012512	0.035400	0.063477
0.067444	0.012817	0.035400	0.063171
0.069275	0.012512	0.036926	0.063171
0.068359	0.011902	0.035400	0.062866
0.068970	0.012207	0.035095	0.062866
0.071716	0.012207	0.036926	0.063477
0.068970	0.011597	0.034485	0.062561
0.070190	0.011292	0.032959	0.062561
0.098572	0.010986	0.034180	0.062866
0.036926	0.011902	0.044861	0.063782
-0.098877	0.011292	0.032043	0.063782
-0.165100	0.011597	0.002747	0.064392
-0.196838	0.012512	0.016174	0.066223
-0.284119	0.015259	0.132751	0.067444
-0.355835	0.011902	0.191956	0.065002
-0.382385	0.012817	0.173950	0.063171
-0.313416	0.021362	0.164185	0.047302
-0.201111	0.014954	0.139160	0.035706
0.049744	-0.022583	0.026245	0.043640
0.382690	0.017700	-0.228577	0.037231
0.775757	0.098877	-0.475464	0.025330
1.282654	0.100708	-0.721741	0.005493
1.815186	0.053711	-0.943298	-0.015869
2.389221	-0.006104	-1.084900	-0.028076
2.935486	-0.035095	-1.075745	0.010376
3.476563	-0.050964	-0.949097	0.039978
4.017944	-0.073547	-0.782166	0.052795
4.515076	-0.106812	-0.577087	0.081787
4.934998	-0.157166	-0.284729	0.133057
5.306091	-0.141907	0.086365	0.151978
5.619507	-0.071411	0.467834	0.164795
5.874634	-0.017700	0.769653	0.202942
5.996094	0.086060	1.033936	0.251465
6.000061	0.219727	1.312561	0.283508
5.875549	0.317688	1.627808	0.319214
5.601501	0.329895	1.980896	0.350647
5.226440	0.312500	2.354431	0.357666
4.739685	0.305481	2.721558	0.322571
4.179077	0.321045	3.026428	0.244446
3.528442	0.341492	3.295593	0.118103
2.843628	0.360718	3.504333	-0.018616
2.157593	0.359802	3.611450	-0.143738
1.409302	0.317383	3.635254	-0.238037
0.586853	0.233154	3.591919	-0.319519
-0.199585	0.103149	3.560486	-0.357056
-0.989075	-0.091248	3.540344	-0.348816
-1.809387	-0.337524	3.494568	-0.292664
-2.615356	-0.629883	3.435364	-0.225220
-3.379211	-0.934753	3.360596	-0.188599
-4.098511	-1.183777	3.306580	-0.169373
-4.779053	-1.383057	3.251648	-0.165710
-5.434875	-1.506042	3.208618	-0.183411
-6.035461	-1.547546	3.188171	-0.200500
-6.507874	-1.526794	3.196411	-0.196838
-6.901245	-1.440735	3.255005	-0.135803
-7.289734	-1.330566	3.330078	-0.036316
-7.560120	-1.196899	3.356323	0.046692
-7.579956	-1.052856	3.291016	0.107727
-7.412109	-0.884094	3.145142	0.155029
-7.205505	-0.695496	2.916260	0.210571
-6.964417	-0.507813	2.585144	0.267029
-6.644592	-0.285645	2.089233	0.317383
-6.235657	-0.012207	1.421509	0.369873
-5.748901	0.297546	0.625916	0.445557
-5.273743	0.627747	-0.240173	0.547791
-4.864197	0.982361	-1.074219	0.643005
-4.490051	1.328735	-1.875610	0.690918
-4.126282	1.640625	-2.695923	0.694885
-3.796692	1.930542	-3.536072	0.669861
-3.552246	2.188110	-4.310608	0.623169
-3.391418	2.395630	-4.964294	0.571594
-3.251038	2.503052	-5.530396	0.505066
-3.152771	2.514343	-6.029663	0.439148
-3.112488	2.444153	-6.436768	0.364990
-3.109131	2.291565	-6.725769	0.269165
-3.110352	2.080383	-6.879272	0.126343
-3.068237	1.833191	-6.912231	-0.031433
-2.995300	1.562195	-6.840820	-0.160522
-2.925415	1.257324	-6.679077	-0.253906
-2.895203	0.927734	-6.420898	-0.319214
-2.917175	0.571594	-6.095886	-0.368652
-2.957153	0.206299	-5.723572	-0.409546
-3.010254	-0.134277	-5.332031	-0.409546
-3.090515	-0.445557	-4.922485	-0.350037
-3.199158	-0.757751	-4.501038	-0.279846
-3.342896	-1.073914	-4.060974	-0.229797
-3.483582	-1.388245	-3.595276	-0.197144
-3.614197	-1.655884	-3.106995	-0.170288
-3.711548	-1.863708	-2.628174	-0.131226
-3.763428	-2.015381	-2.149658	-0.091248
-3.751526	-2.120361	-1.655273	-0.058594
-3.642883	-2.144470	-1.154175	-0.013733
-3.500977	-2.074280	-0.688782	0.042114
-3.340149	-1.927185	-0.260620	0.082397
-3.148804	-1.704712	0.168457	0.077515
-2.957764	-1.407166	0.572205	0.039673
-2.785339	-1.058655	0.977478	-0.000610
-2.626953	-0.703735	1.378784	-0.019531
-2.424011	-0.344238	1.766357	-0.015869
-2.145081	0.014954	2.127686	0.003052
-1.836243	0.370178	2.450867	0.028076
-1.528931	0.700073	2.770081	0.053711
-1.195984	0.971985	3.054810	0.083618
-0.787659	1.191711	3.293457	0.122070
-0.302429	1.367798	3.477478	0.173950
0.258484	1.500854	3.596802	0.232849
0.888977	1.571655	3.663025	0.278931
1.561890	1.561279	3.709106	0.307617
2.256470	1.453857	3.730164	0.323486
2.981873	1.256714	3.719788	0.328674
3.725891	1.002197	3.675232	0.322266
4.438171	0.728149	3.615112	0.299377
5.089417	0.450439	3.547974	0.270996
5.674744	0.167847	3.441772	0.249023
6.186218	-0.104980	3.273926	0.225220
6.591187	-0.347900	3.039246	0.192261
6.874084	-0.576172	2.724609	0.137024
7.038879	-0.799255	2.339478	0.055542
7.112732	-0.999756	1.885071	-0.028992
7.125854	-1.173096	1.359863	-0.097961
7.096252	-1.314392	0.780334	-0.159607
7.046814	-1.398621	0.176086	-0.216370
6.972656	-1.398621	-0.433350	-0.259399
6.878662	-1.320496	-1.023865	-0.277405
6.774597	-1.182556	-1.587524	-0.281677
6.654968	-1.010132	-2.106934	-0.289917
6.488037	-0.824280	-2.567139	-0.319519
6.248474	-0.619202	-2.954712	-0.361633
5.937195	-0.406494	-3.265076	-0.399780
5.574341	-0.193787	-3.509521	-0.422058
5.165405	0.013733	-3.683167	-0.432129
4.697266	0.206299	-3.772888	-0.425415
4.176331	0.391541	-3.767395	-0.386047
3.629761	0.582581	-3.677979	-0.314636
3.081055	0.779724	-3.530579	-0.222473
2.543030	0.970764	-3.334961	-0.120239
2.015076	1.157837	-3.095093	-0.014038
1.482849	1.343384	-2.830200	0.092773
0.948792	1.498413	-2.578125	0.189819
0.422974	1.592102	-2.354126	0.270996
-0.094604	1.614075	-2.159424	0.339355
-0.593262	1.568604	-1.998901	0.405273
-1.051331	1.475830	-1.873779	0.475159
-1.463928	1.351624	-1.783752	0.534363
-1.836548	1.192932	-1.724548	0.562744
-2.175903	0.994263	-1.697083	0.563049
-2.472534	0.763550	-1.687012	0.539551
-2.713928	0.517578	-1.671143	0.496216
-2.875977	0.285645	-1.644592	0.444641
-2.950439	0.086670	-1.615601	0.395813
-2.933044	-0.089722	-1.597595	0.359802
-2.825623	-0.246277	-1.589966	0.338745
-2.645569	-0.378418	-1.574707	0.325928
-2.434998	-0.474854	-1.546631	0.308533
-2.224426	-0.542297	-1.505127	0.285645
-2.024231	-0.586243	-1.454468	0.269775
-1.842651	-0.604858	-1.395569	0.264282
-1.687012	-0.583496	-1.321716	0.266418
-1.556091	-0.524597	-1.234741	0.268555
-1.455078	-0.435791	-1.127625	0.260315
-1.368713	-0.325928	-1.006165	0.237122
-1.280212	-0.210571	-0.885620	0.196228
-1.180115	-0.102539	-0.782776	0.142212
-1.090698	-0.010681	-0.707397	0.082092
-1.034851	0.054321	-0.653992	0.019531
-1.012268	0.077820	-0.614014	-0.046387
-1.012878	0.061340	-0.590515	-0.117493
-1.032104	0.023193	-0.591431	-0.191040
-1.073303	-0.018921	-0.615540	-0.253906
-1.134338	-0.064087	-0.656128	-0.298462
-1.193237	-0.122070	-0.706482	-0.320129
-1.227722	-0.191650	-0.757446	-0.324097
-1.249084	-0.256653	-0.812683	-0.319214
-1.279602	-0.310669	-0.868225	-0.314636
-1.323853	-0.355225	-0.909729	-0.312195
-1.380615	-0.388794	-0.933838	-0.308228
-1.433105	-0.408936	-0.923157	-0.300903
-1.466370	-0.414734	-0.849304	-0.290527
-1.469116	-0.407104	-0.702820	-0.274963
-1.431885	-0.372620	-0.480957	-0.256653
-1.360779	-0.316162	-0.201721	-0.235596
-1.254578	-0.232544	0.139465	-0.231323
-1.121521	-0.128174	0.537720	-0.233154
-0.958862	-0.016785	1.004333	-0.227356
-0.777588	0.090942	1.525574	-0.232544
-0.553894	0.176086	2.081299	-0.242920
-0.317688	0.223389	2.639160	-0.266113
-0.093079	0.224915	3.167725	-0.302124
0.132751	0.189819	3.663330	-0.340576
0.350342	0.120850	4.129028	-0.374451
0.546265	0.027771	4.547424	-0.391235
0.714111	-0.090027	4.895935	-0.379028
0.871277	-0.210571	5.171509	-0.330505
0.988159	-0.324097	5.372620	-0.245972
1.071167	-0.421143	5.504150	-0.136719
1.145020	-0.494995	5.568237	-0.006409
1.246033	-0.547485	5.569763	0.136719
1.356812	-0.582581	5.508118	0.285950
1.462708	-0.607605	5.399170	0.424500
1.573486	-0.625610	5.237732	0.556030
1.677856	-0.640564	5.023193	0.679016
1.769104	-0.656128	4.767761	0.794067
1.838989	-0.672607	4.478760	0.900269
1.868896	-0.684509	4.146423	0.976563
1.856689	-0.683594	3.780518	1.019897
1.796875	-0.656128	3.391724	1.032715
1.690369	-0.606079	2.998657	1.012878
1.532288	-0.547485	2.615051	0.968018
1.322632	-0.487671	2.258911	0.911255
1.065063	-0.434265	1.942139	0.846558
0.769348	-0.382385	1.666260	0.787048
0.447083	-0.335388	1.431274	0.724182
0.111694	-0.300293	1.231689	0.661011
-0.229492	-0.277710	1.053772	0.590820
-0.573120	-0.248718	0.884399	0.506592
-0.913391	-0.198669	0.725708	0.405884
-1.249084	-0.133362	0.576477	0.290222
-1.582947	-0.051880	0.417786	0.160217
-1.915588	0.039063	0.225830	0.020447
-2.232361	0.139771	0.010071	-0.118103
-2.532654	0.239563	-0.212097	-0.251465
-2.815552	0.332947	-0.437317	-0.377808
-3.074036	0.422668	-0.677185	-0.493469
-3.292847	0.510254	-0.929260	-0.590210
-3.463745	0.605469	-1.195679	-0.663147
-3.597717	0.700989	-1.468811	-0.722351
-3.692932	0.801697	-1.730042	-0.765686
-3.756409	0.908203	-1.982727	-0.794373
-3.786011	1.025391	-2.223816	-0.803528
-3.771973	1.149292	-2.450562	-0.790710
-3.739624	1.268616	-2.668762	-0.766602
-3.696289	1.379089	-2.868042	-0.733948
-3.647461	1.471863	-3.038635	-0.693054
-3.587036	1.536865	-3.168640	-0.641785
-3.521729	1.560669	-3.247986	-0.578003
-3.451538	1.534729	-3.271484	-0.503540
-3.363037	1.463623	-3.225403	-0.411682
-3.259583	1.349487	-3.114319	-0.303040
-3.128967	1.189880	-2.930298	-0.174866
-2.985840	0.997009	-2.700500	-0.033875
-2.823486	0.766296	-2.423096	0.127563
-2.655029	0.506897	-2.116394	0.299072
-2.481384	0.222168	-1.795959	0.476990
-2.315979	-0.081177	-1.481628	0.650635
-2.160034	-0.392151	-1.178894	0.806885
-2.012329	-0.708008	-0.888977	0.938110
-1.885681	-1.024780	-0.612793	1.037903
-1.777954	-1.326904	-0.359192	1.104126
-1.674805	-1.600037	-0.133362	1.132813
-1.581421	-1.835632	0.056763	1.131897
-1.499939	-2.033386	0.207214	1.102295
-1.418152	-2.190247	0.322266	1.042175
-1.329651	-2.304993	0.401917	0.959473
-1.214600	-2.372742	0.444946	0.860291
-1.064148	-2.390747	0.464478	0.744934
-0.871582	-2.359009	0.469971	0.621033
-0.646667	-2.275696	0.467529	0.486450
-0.393372	-2.140808	0.460815	0.335083
-0.122375	-1.968079	0.459290	0.181274
0.159912	-1.766968	0.462341	0.028381
0.451050	-1.547852	0.470581	-0.119934
0.740356	-1.316833	0.476685	-0.257874
1.036377	-1.076965	0.482178	-0.387268
1.343384	-0.838318	0.494080	-0.505676
1.652527	-0.606689	0.521545	-0.607605
1.967163	-0.385742	0.561523	-0.698242
2.290039	-0.174255	0.616150	-0.774841
2.616882	0.026855	0.683594	-0.826416
2.940063	0.215149	0.755310	-0.858459
3.258362	0.393066	0.828552	-0.874023
3.571777	0.554810	0.898132	-0.878906
3.870239	0.700073	0.956726	-0.875244
4.148560	0.827026	0.993347	-0.869141
4.399719	0.942383	1.005249	-0.857849
4.627991	1.048889	0.993347	-0.840759
4.837036	1.141663	0.957947	-0.816040
5.026550	1.219482	0.911865	-0.779114
5.190735	1.282959	0.867004	-0.729065
5.330200	1.335754	0.829773	-0.668335
5.442810	1.377258	0.803833	-0.596008
5.534668	1.411743	0.783386	-0.513000
5.613403	1.442261	0.759888	-0.419617
5.679321	1.457520	0.724792	-0.313721
5.735168	1.452942	0.675964	-0.197449
5.779419	1.430054	0.602722	-0.075073
5.811462	1.396790	0.506592	0.054932
5.830994	1.352234	0.387573	0.191650
5.829163	1.300354	0.248413	0.325928
5.799866	1.237183	0.083313	0.458679
5.743408	1.164246	-0.099487	0.588379
5.655212	1.080017	-0.291748	0.708923
5.523376	0.984802	-0.484619	0.818787
5.350342	0.880737	-0.668640	0.917358
5.133057	0.768433	-0.835266	0.999451
4.866333	0.645142	-0.966492	1.063538
4.553223	0.505371	-1.044006	1.104431
4.206848	0.345154	-1.069946	1.124268
3.841858	0.166626	-1.049194	1.127930
3.460083	-0.029602	-0.997009	1.119690
3.068237	-0.231934	-0.940857	1.099854
2.674561	-0.425110	-0.898743	1.066895
2.290039	-0.598145	-0.867920	1.024780
1.920471	-0.754395	-0.848083	0.973206
1.566467	-0.888062	-0.863342	0.911255
1.227417	-0.983276	-0.923157	0.838928
0.912476	-1.036987	-1.018372	0.749512
0.632935	-1.047058	-1.130981	0.645447
0.383606	-1.014709	-1.257324	0.527344
0.170898	-0.938110	-1.401367	0.396118
-0.006409	-0.823669	-1.563721	0.249023
-0.152283	-0.674438	-1.742859	0.090027
-0.274963	-0.497437	-1.929321	-0.074158
-0.381775	-0.304871	-2.130127	-0.234680
-0.460510	-0.100098	-2.340088	-0.390625
-0.502930	0.115662	-2.546082	-0.537415
-0.520020	0.338745	-2.738342	-0.676575
-0.517883	0.559387	-2.904968	-0.803528
-0.507202	0.771484	-3.035583	-0.916443
-0.481567	0.968628	-3.122864	-1.012268
-0.440674	1.153564	-3.161316	-1.085205
-0.388489	1.317139	-3.143311	-1.135559
-0.339355	1.443176	-3.071289	-1.152649
-0.296021	1.521301	-2.941284	-1.138611
-0.254211	1.562805	-2.760010	-1.100159
-0.210571	1.576233	-2.535095	-1.040649
-0.166321	1.560059	-2.279358	-0.958557
-0.125732	1.504822	-1.996460	-0.860291
-0.084229	1.404724	-1.686401	-0.748596
-0.038147	1.264038	-1.351929	-0.632019
0.013123	1.084900	-1.000366	-0.515747
0.068054	0.870361	-0.639038	-0.397949
0.122681	0.612793	-0.278015	-0.274353
0.179138	0.320435	0.071411	-0.144348
0.246887	0.007019	0.414429	-0.012512
0.327454	-0.308533	0.745239	0.124207
0.413208	-0.616150	1.055603	0.262756
0.498352	-0.908813	1.338806	0.399475
0.575256	-1.181641	1.594849	0.527649
0.639343	-1.429138	1.836243	0.635681
0.686951	-1.647949	2.063293	0.728455
0.717468	-1.834717	2.273254	0.801086
0.737305	-1.984558	2.463379	0.845337
0.753479	-2.102966	2.633667	0.871887
0.774841	-2.185364	2.783813	0.882874
0.798035	-2.229309	2.915039	0.868835
0.834656	-2.233887	3.027954	0.842896
0.874023	-2.204285	3.126221	0.798645
0.916443	-2.145081	3.210754	0.737305
0.987244	-2.054138	3.277588	0.670776
1.062012	-1.937256	3.325500	0.601807
1.145630	-1.788330	3.354187	0.535278
1.245422	-1.623535	3.364563	0.466003
1.354675	-1.446838	3.357849	0.399475
1.451721	-1.266479	3.335571	0.333252
1.529541	-1.083069	3.305054	0.264587
1.589050	-0.894470	3.271790	0.203552
1.644592	-0.697937	3.228455	0.152283
1.684570	-0.497742	3.174133	0.106201
1.712341	-0.297241	3.115540	0.067444
1.738586	-0.095520	3.051147	0.032043
1.762695	0.112915	2.978821	-0.008240
1.791992	0.318604	2.901917	-0.036926
1.824036	0.518188	2.804260	-0.060730
1.846619	0.702209	2.687073	-0.082092
1.856079	0.864258	2.557983	-0.103149
1.851501	1.006165	2.413940	-0.126038
1.834106	1.128845	2.250671	-0.152588
1.790161	1.231995	2.059631	-0.182190
1.711426	1.318054	1.840210	-0.214844
1.607361	1.385498	1.604004	-0.246277
1.472473	1.437073	1.355286	-0.267029
1.307068	1.470947	1.104431	-0.272217
1.110535	1.482239	0.849609	-0.258789
0.887756	1.471863	0.605164	-0.227966
0.631714	1.437683	0.376892	-0.183716
0.357666	1.388855	0.184021	-0.126953
0.063477	1.322937	0.021973	-0.060730
-0.233765	1.246338	-0.103760	0.010071
-0.522156	1.155396	-0.188904	0.084534
-0.791321	1.055298	-0.230408	0.165405
-1.048279	0.949707	-0.241394	0.252686
-1.289978	0.847168	-0.236206	0.334473
-1.514587	0.744629	-0.218811	0.417786
-1.733093	0.641479	-0.194702	0.496216
-1.951294	0.531616	-0.171814	0.566711
-2.183228	0.414734	-0.169983	0.629272
-2.416992	0.295105	-0.192261	0.685120
-2.644958	0.175171	-0.242004	0.732117
-2.863770	0.057373	-0.312195	0.772400
-3.055420	-0.058899	-0.394897	0.805054
-3.220215	-0.175171	-0.491333	0.827942
-3.353577	-0.293274	-0.596008	0.838623
-3.448792	-0.400696	-0.710144	0.839844
-3.501282	-0.493469	-0.829468	0.832825
-3.529053	-0.577393	-0.954895	0.816650
-3.533936	-0.656433	-1.078491	0.786133
-3.516235	-0.729370	-1.200256	0.741272
-3.486938	-0.801392	-1.319580	0.677185
-3.438721	-0.873413	-1.432190	0.598755
-3.369751	-0.943298	-1.533813	0.512695
-3.285522	-1.007690	-1.617737	0.417175
-3.168640	-1.057434	-1.675415	0.317383
-3.032837	-1.090393	-1.704712	0.213013
-2.882385	-1.098633	-1.707458	0.103760
-2.713928	-1.079712	-1.682129	-0.003662
-2.533875	-1.033325	-1.629028	-0.108337
-2.345886	-0.963135	-1.552124	-0.208740
-2.145386	-0.875549	-1.460571	-0.309143
-1.930542	-0.776672	-1.357117	-0.406799
-1.702881	-0.675049	-1.242676	-0.499268
-1.464844	-0.572815	-1.121826	-0.589905
-1.216125	-0.474548	-0.992737	-0.674133
-0.963440	-0.383911	-0.873108	-0.751953
-0.709534	-0.302429	-0.763245	-0.816650
-0.451965	-0.226746	-0.652161	-0.863342
-0.200806	-0.166321	-0.535889	-0.886536
0.048828	-0.115051	-0.409241	-0.892029
0.289612	-0.061340	-0.277100	-0.877686
0.517578	-0.007935	-0.143738	-0.844116
0.728455	0.046997	-0.006409	-0.789795
0.922852	0.095825	0.142822	-0.712585
1.095886	0.139160	0.298462	-0.616455
1.249695	0.166931	0.455322	-0.505981
1.383667	0.185547	0.611572	-0.381775
1.493225	0.195313	0.767212	-0.249634
1.584167	0.199280	0.918274	-0.115967
1.662903	0.194702	1.065063	0.013123
1.743774	0.182190	1.215210	0.132446
1.820679	0.166626	1.353455	0.239258
1.903076	0.151978	1.475220	0.332031
1.988220	0.140381	1.575012	0.408020
2.088013	0.126648	1.663513	0.466003
2.200012	0.109558	1.741028	0.507813
2.324829	0.088806	1.805420	0.534973
2.459717	0.065002	1.847229	0.546875
2.603760	0.043335	1.866455	0.545044
2.757263	0.029602	1.864929	0.534668
2.912598	0.032349	1.837463	0.518188
3.066711	0.050049	1.787720	0.498657
3.214722	0.079041	1.718445	0.476074
3.355408	0.118103	1.629028	0.447388
3.487244	0.170593	1.513977	0.411987
3.607788	0.231018	1.375427	0.371704
3.715515	0.299988	1.212158	0.330811
3.807068	0.377197	1.025391	0.291138
3.876343	0.460815	0.805969	0.251770
3.924866	0.545044	0.563049	0.215759
3.943176	0.623779	0.303040	0.180054
3.929138	0.698547	0.036926	0.147705
3.883972	0.767822	-0.232239	0.115051
3.802795	0.830078	-0.508118	0.081787
3.684082	0.881653	-0.778809	0.047302
3.532715	0.926208	-1.035461	0.014343
3.352356	0.964355	-1.272583	-0.012817
3.143616	0.999756	-1.496582	-0.034790
2.912903	1.030884	-1.702576	-0.054932
2.665710	1.058044	-1.891174	-0.070496
2.405701	1.080017	-2.053528	-0.080566
2.138062	1.094055	-2.186279	-0.083923
1.866760	1.101379	-2.290649	-0.082397
1.600342	1.103210	-2.364197	-0.074158
1.338196	1.102295	-2.406006	-0.057983
1.080017	1.094971	-2.419128	-0.035095
0.827026	1.086731	-2.409058	-0.004883
0.585022	1.073914	-2.378540	0.029907
0.361633	1.057434	-2.326050	0.070496
0.153503	1.038513	-2.256775	0.112610
-0.041199	1.020813	-2.176208	0.153809
-0.221252	1.009521	-2.092590	0.191956
-0.385437	1.005859	-2.011414	0.223999
-0.538025	1.011353	-1.934814	0.247192
-0.683289	1.019897	-1.862488	0.261536
-0.821228	1.029053	-1.796265	0.267029
-0.950928	1.037903	-1.734619	0.262756
-1.069641	1.045837	-1.674500	0.248108
-1.180725	1.045837	-1.612854	0.228271
-1.287537	1.032410	-1.545715	0.195007
-1.389465	0.999146	-1.471558	0.152893
-1.481628	0.946655	-1.387939	0.109253
-1.559448	0.881958	-1.296082	0.065918
-1.611938	0.803833	-1.192322	0.028687
-1.641235	0.716553	-1.080627	0.000000
-1.649475	0.618591	-0.955811	-0.024109
-1.626282	0.522766	-0.826416	-0.039673
-1.576843	0.422058	-0.692139	-0.044861
-1.503601	0.319214	-0.562134	-0.043945
-1.403809	0.210571	-0.437012	-0.036011
-1.274414	0.103455	-0.321350	-0.021973
-1.125183	-0.002747	-0.219116	-0.007324
-0.966187	-0.110474	-0.127258	0.006104
-0.802002	-0.223083	-0.047302	0.015259
-0.625305	-0.345154	0.026245	0.019836
-0.439453	-0.472107	0.094604	0.017395
-0.257263	-0.603027	0.161133	0.003662
-0.078735	-0.735779	0.222168	-0.016174
0.090027	-0.869751	0.277405	-0.044250
0.247498	-0.997620	0.335083	-0.077820
0.392761	-1.117249	0.395508	-0.111084
0.516663	-1.224060	0.458069	-0.147095
0.613708	-1.318359	0.516357	-0.182495
0.688782	-1.397095	0.574951	-0.213013
0.749207	-1.455078	0.640259	-0.235901
0.792847	-1.497498	0.713196	-0.249939
0.813599	-1.520691	0.794373	-0.255127
0.811157	-1.524048	0.880432	-0.254517
0.791931	-1.501160	0.972595	-0.243225
0.758667	-1.455688	1.073303	-0.224609
0.709839	-1.394348	1.177673	-0.198059
0.653076	-1.322937	1.289368	-0.163269
0.589905	-1.245422	1.405945	-0.124207
0.527039	-1.159363	1.526489	-0.082092
0.469971	-1.069336	1.649780	-0.033569
0.417786	-0.975342	1.769714	0.018616
0.374451	-0.877991	1.885681	0.076904
0.342102	-0.777283	1.995544	0.139465
0.307922	-0.674438	2.093506	0.200500
0.273438	-0.568237	2.182007	0.258179
0.235901	-0.456238	2.260742	0.311584
0.194092	-0.339661	2.333069	0.358887
0.144958	-0.218811	2.393799	0.400391
0.087280	-0.094910	2.442017	0.434875
0.025024	0.029907	2.473450	0.462341
-0.044556	0.150757	2.478943	0.481262
-0.113525	0.270996	2.460022	0.493469
-0.176392	0.391235	2.412415	0.500793
-0.227356	0.510254	2.338257	0.502625
-0.272827	0.624084	2.237244	0.498962
-0.311890	0.729980	2.112732	0.491638
-0.344849	0.823669	1.971741	0.482483
-0.374756	0.899353	1.814880	0.470886
-0.403137	0.956726	1.644897	0.457153
-0.436707	0.995789	1.455688	0.441284
-0.478210	1.017761	1.250916	0.424805
-0.533447	1.018982	1.036377	0.408325
-0.601501	0.997620	0.820923	0.390625
-0.682068	0.956421	0.607300	0.372009
-0.779419	0.900269	0.395508	0.354919
-0.900269	0.829163	0.179138	0.338135
-1.037292	0.747986	-0.032349	0.322571
-1.185608	0.660400	-0.228882	0.308838
-1.337280	0.570984	-0.410767	0.295410
-1.491394	0.482483	-0.576782	0.284729
-1.654358	0.393982	-0.733337	0.274963
-1.821594	0.309143	-0.874329	0.265503
-1.988831	0.226746	-0.996094	0.258179
-2.154541	0.144348	-1.098938	0.253601
-2.318115	0.061035	-1.182556	0.252686
-2.482605	-0.021057	-1.257629	0.252686
-2.646790	-0.097656	-1.321411	0.253906
-2.809143	-0.168152	-1.376648	0.255737
-2.968140	-0.234680	-1.421814	0.261536
-3.125000	-0.296326	-1.458130	0.267944
-3.274536	-0.348816	-1.485596	0.274963
-3.415222	-0.392151	-1.507874	0.284119
-3.544312	-0.426636	-1.527100	0.294495
-3.655701	-0.450439	-1.537170	0.305481
-3.746948	-0.461731	-1.535950	0.314026
-3.806763	-0.459900	-1.518250	0.316467
-3.832703	-0.448914	-1.485596	0.311890
-3.829956	-0.435486	-1.439209	0.299988
-3.798218	-0.420532	-1.372681	0.279541
-3.738098	-0.404358	-1.282959	0.257568
-3.648682	-0.382996	-1.168518	0.220947
-3.543701	-0.360107	-1.040955	0.171814
-3.419495	-0.335999	-0.897827	0.124817
-3.288879	-0.311584	-0.749512	0.071411
-3.137512	-0.283508	-0.597229	0.017700
-2.970276	-0.246887	-0.441284	-0.036621
-2.799377	-0.206909	-0.288086	-0.091858
-2.611084	-0.164795	-0.142822	-0.140991
-2.410889	-0.124207	-0.009460	-0.183411
-2.201233	-0.086060	0.112000	-0.221252
-1.987915	-0.054321	0.216064	-0.254822
-1.761475	-0.028076	0.303040	-0.281067
-1.534424	-0.011292	0.366211	-0.300293
-1.315613	-0.013733	0.403137	-0.318604
-1.107483	-0.032349	0.420837	-0.336304
-0.897827	-0.062866	0.426636	-0.352478
-0.687256	-0.098877	0.417786	-0.362549
-0.487061	-0.140381	0.404053	-0.371704
-0.298462	-0.189209	0.379944	-0.376587
-0.119019	-0.239563	0.355530	-0.380859
0.054321	-0.285950	0.329590	-0.381470
0.230713	-0.328064	0.311890	-0.370789
0.395203	-0.369568	0.298462	-0.358582
0.541687	-0.409241	0.289612	-0.343323
0.674438	-0.442810	0.289307	-0.325928
0.796204	-0.472717	0.296936	-0.307312
0.911560	-0.502930	0.318298	-0.285645
1.008301	-0.535278	0.344849	-0.267944
1.094971	-0.565186	0.380554	-0.255127
1.170044	-0.586548	0.420227	-0.244446
1.232910	-0.599060	0.463257	-0.232544
1.282349	-0.607300	0.503540	-0.218201
1.323242	-0.609436	0.537109	-0.200500
1.357422	-0.604858	0.563965	-0.182495
1.385193	-0.591431	0.582275	-0.164490
1.406555	-0.568848	0.592346	-0.145264
1.425171	-0.532227	0.590820	-0.125427
1.444397	-0.481873	0.574646	-0.103760
1.463928	-0.418396	0.544739	-0.079346
1.476746	-0.346069	0.499573	-0.053406
1.486511	-0.264893	0.440369	-0.022583
1.495056	-0.177917	0.368347	0.011597
1.497498	-0.083313	0.286865	0.053711
1.497803	0.016174	0.207214	0.097961
1.492920	0.133667	0.123291	0.141907
1.485901	0.263672	0.039673	0.180664
1.477966	0.407410	-0.040894	0.211792
1.465454	0.563660	-0.119629	0.238342
1.454468	0.729065	-0.197144	0.263367
1.445313	0.897827	-0.274353	0.282898
1.432800	1.064453	-0.352478	0.293884
1.412354	1.223145	-0.432129	0.296326
1.386414	1.371155	-0.514526	0.291443
1.359253	1.507874	-0.595093	0.281677
1.326294	1.632385	-0.675354	0.268250
1.285400	1.743164	-0.752258	0.252686
1.234436	1.843262	-0.825806	0.236206
1.171265	1.929016	-0.895691	0.218506
1.097412	1.997375	-0.964966	0.198059
1.018066	2.048645	-1.029663	0.175476
0.931091	2.083130	-1.093140	0.151367
0.834351	2.099304	-1.160889	0.126343
0.729065	2.098389	-1.238098	0.101624
0.616760	2.079468	-1.325989	0.076599
0.503235	2.041321	-1.415100	0.050659
0.383301	1.983032	-1.501770	0.024719
0.252686	1.904907	-1.585999	-0.003052
0.105286	1.806641	-1.669922	-0.029907
-0.053406	1.690369	-1.747437	-0.056458
-0.216675	1.558533	-1.812744	-0.083313
-0.386047	1.411743	-1.868896	-0.109558
-0.553284	1.251831	-1.911316	-0.134583
-0.719299	1.082153	-1.944885	-0.158691
-0.875854	0.910645	-1.970215	-0.179443
-1.023560	0.736694	-1.982422	-0.197144
-1.160583	0.561829	-1.974792	-0.210876
-1.276550	0.387878	-1.945496	-0.219116
-1.369324	0.218506	-1.895447	-0.223083
-1.439514	0.059204	-1.825256	-0.220947
-1.492310	-0.090332	-1.737976	-0.213318
-1.523743	-0.227661	-1.628113	-0.195923
-1.535645	-0.353699	-1.500549	-0.170288
-1.531982	-0.472107	-1.363525	-0.139465
-1.511230	-0.582886	-1.213379	-0.105286
-1.473389	-0.689087	-1.056824	-0.068054
-1.416016	-0.791321	-0.890808	-0.028992
-1.333923	-0.886536	-0.715637	0.010376
-1.230469	-0.975342	-0.541077	0.044861
-1.108093	-1.054382	-0.369263	0.071716
-0.963440	-1.119080	-0.199280	0.090942
-0.801392	-1.170044	-0.036926	0.100403
-0.630798	-1.203613	0.112915	0.100403
-0.458374	-1.220093	0.244751	0.089111
-0.288086	-1.219482	0.358276	0.068359
-0.121460	-1.207886	0.452881	0.038452
0.037842	-1.191406	0.531921	-0.001831
0.190430	-1.169739	0.600586	-0.048218
0.333557	-1.145630	0.655823	-0.097046
0.467224	-1.119080	0.701599	-0.142822
0.589294	-1.089172	0.741882	-0.183716
0.700684	-1.054688	0.779114	-0.218201
0.802307	-1.012268	0.817871	-0.246887
0.895386	-0.962830	0.861511	-0.269165
0.982056	-0.902405	0.918884	-0.282898
1.056824	-0.831909	0.982056	-0.290527
1.117249	-0.751953	1.042175	-0.292358
1.166382	-0.665283	1.105957	-0.288391
1.200562	-0.580750	1.169739	-0.281372
1.223755	-0.499878	1.238098	-0.269470
1.233521	-0.427551	1.309204	-0.255127
1.226196	-0.367737	1.373901	-0.238953
1.204224	-0.320435	1.435547	-0.219116
1.166382	-0.289001	1.484375	-0.194397
1.116333	-0.270996	1.523743	-0.167236
1.054077	-0.266724	1.549683	-0.136414
0.982666	-0.273438	1.564941	-0.101929
0.899048	-0.286255	1.562500	-0.064087
0.806274	-0.302124	1.546021	-0.021362
0.704346	-0.321045	1.515808	0.026245
0.592651	-0.343323	1.468201	0.076599
0.478821	-0.367126	1.411438	0.129089
0.363159	-0.392456	1.340027	0.183716
0.244141	-0.418701	1.257629	0.238037
0.122070	-0.444031	1.166992	0.292358
0.001221	-0.463867	1.075439	0.345154
-0.115356	-0.476379	0.984802	0.394897
-0.227966	-0.483093	0.894165	0.440979
-0.334167	-0.484314	0.808105	0.481567
-0.429993	-0.476074	0.730286	0.518799
-0.514526	-0.456543	0.658264	0.554199
-0.586548	-0.424194	0.592957	0.587463
-0.647583	-0.380249	0.529480	0.617065
-0.701294	-0.328674	0.464783	0.642090
-0.745850	-0.271301	0.399475	0.662537
-0.783081	-0.209045	0.335999	0.677795
-0.818787	-0.146179	0.270996	0.688477
-0.860596	-0.085754	0.200806	0.692749
-0.905762	-0.027161	0.132141	0.688477
-0.955505	0.026245	0.061646	0.675964
-1.004639	0.073242	-0.005493	0.654907
-1.053467	0.111084	-0.072937	0.626526
-1.104126	0.140076	-0.141296	0.592651
-1.152344	0.162048	-0.211487	0.556030
-1.200562	0.177612	-0.286865	0.518494
-1.244812	0.187073	-0.367432	0.479736
-1.283264	0.191040	-0.447998	0.441284
-1.319275	0.190125	-0.527954	0.401917
-1.362610	0.184021	-0.613708	0.361328
-1.407166	0.179138	-0.694580	0.321350
-1.459656	0.173035	-0.777588	0.280762
-1.515503	0.166626	-0.852051	0.240479
-1.578674	0.155334	-0.921631	0.198975
-1.646423	0.139160	-0.975037	0.156860
-1.722412	0.117493	-1.015930	0.115051
-1.803589	0.090942	-1.038818	0.074463
-1.889343	0.060425	-1.049194	0.033569
-1.973877	0.027161	-1.043396	-0.006409
-2.058105	-0.010986	-1.025696	-0.047302
-2.136536	-0.048523	-0.992126	-0.089417
-2.204895	-0.085754	-0.945129	-0.131226
-2.265015	-0.123901	-0.889587	-0.168762
-2.313232	-0.165710	-0.823975	-0.208130
-2.345581	-0.212402	-0.749207	-0.248108
-2.358704	-0.262756	-0.664978	-0.278931
-2.359314	-0.318909	-0.579224	-0.305481
-2.339172	-0.378418	-0.487366	-0.322876
-2.300720	-0.442505	-0.392456	-0.330811
-2.247009	-0.508118	-0.292969	-0.332336
-2.170715	-0.574341	-0.190430	-0.327759
-2.077942	-0.640259	-0.088806	-0.315552
-1.966553	-0.708313	0.012817	-0.296936
-1.836548	-0.779419	0.113220	-0.272522
-1.682129	-0.852051	0.211487	-0.242920
-1.514893	-0.919495	0.303040	-0.208740
-1.337585	-0.981445	0.386963	-0.173950
-1.149292	-1.037292	0.464478	-0.138550
-0.948792	-1.086121	0.533142	-0.105591
-0.733337	-1.127014	0.593567	-0.073547
-0.517883	-1.161804	0.647278	-0.046387
-0.299377	-1.190186	0.696106	-0.023193
-0.081482	-1.209412	0.739441	-0.006409
0.131226	-1.217651	0.778198	0.003662
0.339050	-1.217041	0.816345	0.010071
0.539551	-1.207886	0.857849	0.010071
0.727539	-1.190186	0.896301	0.003967
0.902710	-1.162415	0.931091	-0.003662
1.069031	-1.121216	0.963745	-0.013123
1.226196	-1.069946	0.990601	-0.021973
1.373596	-1.008606	1.012268	-0.032654
1.510925	-0.938110	1.027832	-0.047913
1.636658	-0.856934	1.036682	-0.063477
1.748352	-0.765076	1.034546	-0.078735
1.844482	-0.667114	1.020203	-0.094910
1.926575	-0.564575	0.992126	-0.109558
1.991882	-0.457764	0.952759	-0.127869
2.035522	-0.345764	0.900879	-0.148926
2.060242	-0.229492	0.840149	-0.170288
2.062378	-0.112000	0.765991	-0.192566
2.046204	0.008850	0.680237	-0.215149
2.018127	0.135803	0.587769	-0.236206
1.974792	0.266418	0.488281	-0.256348
1.918335	0.401611	0.385437	-0.274658
1.853943	0.541687	0.284119	-0.291443
1.780090	0.681152	0.186462	-0.302124
1.696167	0.816650	0.087891	-0.307007
1.601563	0.946045	-0.007629	-0.307617
1.500854	1.068726	-0.092468	-0.301514
1.398010	1.177368	-0.166321	-0.290527
1.295166	1.273804	-0.228882	-0.272522
1.188049	1.355591	-0.288696	-0.246887
1.078796	1.424866	-0.339355	-0.214844
0.971069	1.481934	-0.378723	-0.177307
0.866089	1.527405	-0.408936	-0.135498
0.765991	1.563416	-0.437317	-0.090637
0.669250	1.584473	-0.472107	-0.042725
0.578003	1.594238	-0.509338	0.007629
0.491638	1.596069	-0.548096	0.057068
0.410156	1.590881	-0.587463	0.103455
0.338135	1.574402	-0.626526	0.146790
0.275269	1.542053	-0.668945	0.186768
0.220642	1.495667	-0.719299	0.222778
0.180054	1.441345	-0.771484	0.253601
0.150146	1.380615	-0.823364	0.280457
0.127258	1.311646	-0.870667	0.304260
0.114441	1.240540	-0.911560	0.325928
0.106201	1.170349	-0.959167	0.342712
0.106506	1.102905	-1.007385	0.353699
0.112000	1.035461	-1.049805	0.359802
0.118103	0.967102	-1.084900	0.361328
0.123596	0.899353	-1.119385	0.357666
0.132751	0.835876	-1.150208	0.349121
0.145264	0.778503	-1.173401	0.335388
0.158691	0.722046	-1.186523	0.316772
0.170898	0.661621	-1.189880	0.295410
0.177612	0.592957	-1.190796	0.270386
0.184631	0.521545	-1.182861	0.243530
0.192261	0.449219	-1.163635	0.215454
0.197449	0.372925	-1.136475	0.183716
0.199585	0.290833	-1.101685	0.148315
0.198364	0.199280	-1.054688	0.107727
0.195618	0.110168	-0.995483	0.062866
0.189209	0.025940	-0.928345	0.014038
0.178223	-0.056458	-0.854187	-0.037842
0.162048	-0.140991	-0.775757	-0.091553
0.140381	-0.223389	-0.693665	-0.146790
0.112610	-0.293579	-0.612183	-0.200806
0.085144	-0.346680	-0.522766	-0.250244
0.057983	-0.387573	-0.429077	-0.294800
0.034180	-0.419312	-0.329590	-0.336304
0.016479	-0.442810	-0.228577	-0.372925
0.005493	-0.458069	-0.125732	-0.404663
0.003662	-0.462646	-0.022583	-0.429382
0.015564	-0.458069	0.082092	-0.447998
0.040588	-0.448914	0.182800	-0.461731
0.081482	-0.438843	0.281677	-0.469666
0.139465	-0.425415	0.377197	-0.472717
0.215454	-0.409546	0.469971	-0.473022
0.305786	-0.393982	0.556641	-0.469971
0.411682	-0.376282	0.639954	-0.462036
0.526733	-0.362244	0.716858	-0.447998
0.647888	-0.354919	0.791321	-0.427856
0.768738	-0.355225	0.858765	-0.401611
0.888062	-0.359192	0.922852	-0.368958
1.005249	-0.372009	0.983276	-0.328979
1.119690	-0.397034	1.040039	-0.281982
1.227417	-0.437927	1.090393	-0.228577
1.323547	-0.488892	1.136169	-0.167847
1.412964	-0.545044	1.182251	-0.100098
1.491699	-0.604248	1.225891	-0.030212
1.559753	-0.666809	1.270142	0.040894
1.615601	-0.732727	1.311340	0.108948
1.660156	-0.794983	1.348877	0.172424
1.696472	-0.850525	1.383057	0.231323
1.718140	-0.901794	1.406250	0.284729
1.728821	-0.946960	1.421814	0.333557
1.725769	-0.988770	1.421509	0.375671
1.712036	-1.022949	1.412048	0.412598
1.685181	-1.049194	1.389160	0.446167
1.646729	-1.068420	1.349487	0.475769
1.600647	-1.078796	1.295166	0.500793
1.548462	-1.083374	1.230469	0.520020
1.490479	-1.077271	1.162109	0.533142
1.421814	-1.057129	1.083069	0.540466
1.348877	-1.020813	0.996704	0.545349
1.264648	-0.974426	0.899963	0.547180
1.169739	-0.919495	0.798035	0.545349
1.064453	-0.854187	0.693359	0.538025
0.953979	-0.778809	0.588379	0.524902
0.837402	-0.694885	0.479126	0.505371
0.716858	-0.605469	0.373840	0.481567
0.592957	-0.511169	0.275269	0.452881
0.468750	-0.409851	0.189819	0.422363
0.339355	-0.301514	0.109558	0.391846
0.208435	-0.189209	0.038147	0.364075
0.074768	-0.076599	-0.026855	0.338135
-0.061340	0.035095	-0.086670	0.314941
-0.197754	0.148010	-0.138855	0.294800
-0.331421	0.258789	-0.184021	0.276794
-0.462341	0.364075	-0.222473	0.260925
-0.589294	0.459290	-0.257568	0.247192
-0.709229	0.545959	-0.284119	0.237732
-0.824280	0.619812	-0.309753	0.231628
-0.930176	0.683899	-0.331421	0.230408
-1.031799	0.737915	-0.353699	0.232544
-1.120911	0.780640	-0.370789	0.237122
-1.193237	0.812073	-0.380249	0.243225
-1.246643	0.830078	-0.385437	0.251770
-1.283264	0.833130	-0.386658	0.262756
-1.304932	0.822449	-0.383606	0.276794
-1.312866	0.799561	-0.373840	0.293579
-1.307983	0.761719	-0.361328	0.310364
-1.289673	0.711975	-0.350647	0.326233
-1.258240	0.654602	-0.336914	0.341187
-1.217041	0.592346	-0.321655	0.354004
-1.167908	0.526123	-0.304871	0.362854
-1.115723	0.456848	-0.291138	0.366821
-1.063843	0.383911	-0.281372	0.368042
-1.018677	0.305176	-0.272522	0.366211
-0.978394	0.221252	-0.256653	0.361938
-0.945129	0.132751	-0.236511	0.353088
-0.913696	0.040283	-0.211487	0.341187
-0.880432	-0.056763	-0.179443	0.326538
-0.847168	-0.160217	-0.139465	0.313416
-0.813599	-0.270386	-0.094604	0.293884
-0.779114	-0.383606	-0.047302	0.270081
-0.744324	-0.497742	0.003967	0.249939
-0.716858	-0.611572	0.054016	0.229797
-0.688171	-0.720215	0.106201	0.212097
-0.657654	-0.823364	0.160217	0.196838
-0.632019	-0.921631	0.213928	0.175171
-0.602112	-1.013794	0.267639	0.148621
-0.566711	-1.097107	0.321045	0.122375
-0.528564	-1.170044	0.366516	0.092773
-0.487061	-1.233215	0.411377	0.063782
-0.438843	-1.285095	0.449829	0.036011
-0.389709	-1.323242	0.478210	0.009766
-0.339050	-1.350098	0.503845	-0.017395
-0.286255	-1.368408	0.526428	-0.048218
-0.225525	-1.377258	0.541382	-0.085449
-0.154114	-1.369934	0.546570	-0.126648
-0.081787	-1.345215	0.552063	-0.171204
-0.005798	-1.304321	0.560608	-0.214233
0.072021	-1.251221	0.569763	-0.257568
0.153809	-1.182861	0.580750	-0.299072
0.244446	-1.099243	0.592041	-0.333862
0.337219	-1.000366	0.603943	-0.362549
0.427551	-0.885010	0.617371	-0.388184
0.516968	-0.759583	0.626526	-0.408020
0.610962	-0.625305	0.635986	-0.422363
0.707397	-0.486755	0.650024	-0.426941
0.801697	-0.346375	0.669250	-0.425415
0.888672	-0.208130	0.690613	-0.417480
0.970459	-0.068970	0.715942	-0.401917
1.051331	0.067749	0.741882	-0.379944
1.127625	0.195007	0.765686	-0.352783
1.197510	0.312500	0.786438	-0.321045
1.263123	0.422668	0.805359	-0.289917
1.319885	0.526123	0.814514	-0.258179
1.373291	0.620422	0.819397	-0.222778
1.412048	0.702820	0.811462	-0.186462
1.430969	0.769653	0.786743	-0.151367
1.440735	0.826721	0.757141	-0.113831
1.435852	0.873413	0.718994	-0.077209
1.419983	0.908508	0.672302	-0.042725
1.391907	0.935364	0.614014	-0.007629
1.357422	0.955505	0.550232	0.029907
1.315613	0.969849	0.480042	0.069580
1.261292	0.978088	0.400085	0.108643
1.199036	0.981140	0.314026	0.147705
1.130066	0.981445	0.222473	0.184631
1.057129	0.981140	0.132751	0.219421
0.978394	0.981140	0.042419	0.255432
0.899353	0.984802	-0.043945	0.287170
0.818176	0.987854	-0.122375	0.314026
0.733337	0.988464	-0.197144	0.335083
0.649109	0.989685	-0.266113	0.351868
0.563049	0.989075	-0.338745	0.362549
0.480042	0.990295	-0.408020	0.370483
0.398560	0.994568	-0.473938	0.372620
0.317383	1.003113	-0.536499	0.370483
0.238647	1.014099	-0.595398	0.363464
0.167847	1.025696	-0.650330	0.351257
0.101013	1.035767	-0.704651	0.334778
0.038757	1.045532	-0.753479	0.314331
-0.019226	1.057129	-0.799866	0.291443
-0.068054	1.070557	-0.845032	0.266724
-0.106201	1.084900	-0.886536	0.241699
-0.135803	1.099548	-0.925598	0.215454
-0.159912	1.114502	-0.958862	0.188599
-0.177307	1.130676	-0.983582	0.161743
-0.189819	1.148376	-1.009216	0.134277
-0.192566	1.169128	-1.028442	0.109558
-0.185242	1.186523	-1.040039	0.088501
-0.170288	1.200562	-1.048584	0.069275
-0.150452	1.213379	-1.052856	0.049744
-0.124512	1.226196	-1.047058	0.030212
-0.094604	1.236267	-1.033020	0.010071
-0.058899	1.239929	-1.007690	-0.007324
-0.024719	1.231689	-0.974121	-0.023193
0.011902	1.213989	-0.928955	-0.039673
0.050354	1.191101	-0.869751	-0.056152
0.090637	1.160278	-0.800171	-0.073547
0.138550	1.120911	-0.718689	-0.088196
0.189819	1.072083	-0.629883	-0.102539
0.240784	1.017761	-0.532227	-0.117798
0.292969	0.956116	-0.427856	-0.133057
0.344238	0.884705	-0.321045	-0.146790
0.392761	0.804138	-0.218201	-0.156555
0.438232	0.714417	-0.122681	-0.164795
0.486450	0.618896	-0.028687	-0.171204
0.531616	0.518494	0.057373	-0.176392
0.572815	0.413818	0.137634	-0.178833
0.610657	0.303955	0.209656	-0.178223
0.646667	0.192566	0.272522	-0.174561
0.684204	0.080261	0.327759	-0.166626
0.720215	-0.032654	0.375977	-0.155334
0.753479	-0.143738	0.416565	-0.141296
0.782166	-0.252686	0.444946	-0.126953
0.813904	-0.358887	0.468445	-0.112305
0.839844	-0.460815	0.484619	-0.098877
0.861816	-0.559387	0.496521	-0.086975
0.881348	-0.654602	0.502319	-0.076904
0.903625	-0.743713	0.508118	-0.067139
0.924377	-0.825806	0.512390	-0.059509
0.946350	-0.900879	0.517273	-0.051575
0.971069	-0.968018	0.521240	-0.043335
0.998840	-1.028442	0.523071	-0.035400
1.024170	-1.079712	0.523682	-0.027771
1.051636	-1.119080	0.528564	-0.018005
1.078186	-1.145020	0.530090	-0.005798
1.104736	-1.159973	0.529175	0.010376
1.134338	-1.165771	0.524902	0.029602
1.160583	-1.163940	0.520325	0.050659
1.182556	-1.150513	0.515442	0.071716
1.203613	-1.126404	0.513000	0.092468
1.228943	-1.091309	0.512085	0.113831
1.253662	-1.050415	0.504150	0.134583
1.279602	-0.999756	0.495300	0.156250
1.301270	-0.936584	0.481262	0.177917
1.318359	-0.861816	0.467224	0.201416
1.326904	-0.779724	0.447693	0.223389
1.327820	-0.692444	0.425720	0.243835
1.318359	-0.601807	0.396423	0.262451
1.304016	-0.505676	0.363159	0.279541
1.283875	-0.400696	0.328064	0.296631
1.258240	-0.288696	0.294800	0.315247
1.223145	-0.174255	0.259094	0.335388
1.183167	-0.059509	0.222778	0.356140
1.132202	0.054626	0.183716	0.377197
1.071777	0.169983	0.149231	0.398254
0.999146	0.283813	0.119934	0.417480
0.919800	0.393066	0.096436	0.435486
0.833740	0.491028	0.073242	0.449829
0.741577	0.578308	0.049133	0.460510
0.642395	0.653687	0.024719	0.469055
0.538330	0.717773	0.002136	0.478516
0.429993	0.767822	-0.023193	0.489197
0.316772	0.801392	-0.054626	0.499878
0.203552	0.819092	-0.086365	0.509949
