2020/1/9 16:31:11 40us
CH1			CH2			CH3			CH4
0.035095	0.030518	0.026550	0.073547
0.034790	0.029907	0.026245	0.073547
0.034180	0.029907	0.025635	0.073547
0.035095	0.029907	0.027161	0.073547
0.035095	0.029907	0.027161	0.073853
0.035400	0.029602	0.028076	0.073853
0.034790	0.030212	0.026855	0.073547
0.035095	0.030212	0.027466	0.073853
0.036316	0.030823	0.029297	0.074463
0.035400	0.030212	0.028381	0.074158
0.034790	0.030518	0.028076	0.074158
0.034180	0.030212	0.027161	0.073853
0.034180	0.030212	0.026855	0.073853
0.035400	0.030823	0.029297	0.074158
0.033264	0.030212	0.026550	0.073242
0.032654	0.029907	0.026855	0.073547
0.031433	0.029907	0.025024	0.073547
0.033264	0.030823	0.027466	0.073853
0.032654	0.030212	0.026855	0.073547
0.032043	0.029907	0.026245	0.073547
0.031738	0.029907	0.026245	0.073242
0.033569	0.029907	0.027771	0.073547
0.032043	0.029907	0.026855	0.073547
0.031738	0.029602	0.025940	0.073547
0.031433	0.030212	0.026855	0.073547
0.032349	0.029907	0.026855	0.073242
0.032349	0.029907	0.027771	0.073853
0.030823	0.029907	0.026550	0.073547
0.036011	0.031128	0.032043	0.074768
0.038452	0.032043	0.035095	0.075073
0.041199	0.032654	0.037842	0.075684
0.040894	0.032349	0.037231	0.075073
0.039063	0.034180	0.034790	0.074158
0.038147	0.015869	0.032654	0.071106
0.036011	0.065613	0.029907	0.076599
0.033264	0.065918	0.027771	0.058594
0.031128	0.025330	0.024109	0.069885
0.029907	-0.093689	0.021667	0.102234
0.024719	-0.132141	0.023193	0.112610
0.025024	-0.152283	0.015564	0.077209
0.026550	-0.238953	0.026245	0.026245
0.004272	-0.329285	0.029907	0.033569
0.018616	-0.320435	-0.013123	0.024719
0.041504	-0.299683	-0.033264	-0.009155
0.059814	-0.281677	-0.034180	-0.055542
0.061035	-0.170593	-0.043030	-0.126648
0.047302	-0.018005	-0.084839	-0.203552
0.020447	0.251770	-0.107727	-0.228271
-0.009155	0.550232	-0.117798	-0.225830
-0.050049	0.904541	-0.066833	-0.190735
-0.096741	1.356506	0.030518	-0.096741
-0.148926	1.801453	0.095520	0.062561
-0.159912	2.201843	0.139465	0.254822
-0.155029	2.545166	0.209656	0.423584
-0.088501	2.926636	0.280762	0.570374
-0.003662	3.336487	0.333557	0.724182
0.080261	3.718567	0.381470	0.857849
0.218506	4.056091	0.481873	0.959473
0.375977	4.342346	0.597534	1.045532
0.477295	4.542847	0.712280	1.114197
0.546570	4.670715	0.802307	1.175232
0.572815	4.692993	0.803223	1.220703
0.556335	4.577026	0.728455	1.238098
0.530090	4.348755	0.596924	1.216736
0.504150	4.005127	0.377502	1.171875
0.444946	3.518982	0.061646	1.101990
0.324707	2.902527	-0.327148	1.005249
0.115356	2.207947	-0.768127	0.892639
-0.121155	1.468201	-1.176453	0.757141
-0.384827	0.747681	-1.481628	0.594482
-0.688477	0.103149	-1.692505	0.429688
-0.946350	-0.486145	-1.810608	0.264587
-1.133423	-1.080627	-1.855164	0.095825
-1.245728	-1.688843	-1.866760	-0.077209
-1.275940	-2.278442	-1.809387	-0.248718
-1.263733	-2.814026	-1.728210	-0.398865
-1.185608	-3.314514	-1.604309	-0.516357
-1.073303	-3.769531	-1.396790	-0.619812
-0.937805	-4.200134	-1.114197	-0.688171
-0.816650	-4.602661	-0.789185	-0.724487
-0.735474	-4.951172	-0.401001	-0.723267
-0.650330	-5.249634	-0.028381	-0.704956
-0.541382	-5.525208	0.301819	-0.665588
-0.392151	-5.746765	0.616455	-0.606995
-0.220337	-5.866394	0.893555	-0.528564
-0.024414	-5.892639	1.100464	-0.411987
0.185547	-5.826721	1.231995	-0.258484
0.401611	-5.678406	1.329346	-0.086670
0.588074	-5.460815	1.380920	0.063171
0.737610	-5.212708	1.391602	0.187988
0.847168	-4.902039	1.391907	0.312500
0.936890	-4.480591	1.416626	0.393372
1.012573	-4.004211	1.455994	0.426331
1.119385	-3.507690	1.498718	0.421143
1.253357	-3.015442	1.520081	0.367432
1.395874	-2.516174	1.501770	0.303955
1.527100	-1.983337	1.456604	0.215759
1.606445	-1.427917	1.410217	0.114136
1.659241	-0.911865	1.366882	-0.001831
1.671448	-0.400391	1.304016	-0.126343
1.593628	0.076294	1.204224	-0.268250
1.448059	0.494995	1.100769	-0.413513
1.304626	0.849609	0.989990	-0.521851
1.147156	1.110229	0.840759	-0.588989
0.948792	1.244507	0.663757	-1.033630
0.699158	1.248779	0.488586	-1.662598
0.476074	1.154785	0.329285	-2.131653
0.277710	1.000061	0.181580	-2.399292
0.088806	0.737305	0.040894	-1.996765
-0.113525	0.369263	-0.108032	-2.052307
-0.272827	-0.109558	-0.261536	-2.504578
-0.307312	-0.571899	-0.455933	-2.327881
-0.691223	-1.155090	-0.650635	-2.043152
-0.784607	-1.528625	-0.818481	-1.774292
-0.440674	-1.970825	-0.992126	-1.549072
-0.426331	-2.295532	-1.147766	-1.369324
-0.567932	-2.428284	-1.284790	-0.955505
-0.230408	-2.763367	-1.415100	-0.073547
0.242920	-2.774353	-1.555176	0.403748
-0.027466	-2.617493	-1.642151	0.652466
-0.921021	-2.148743	-1.739807	0.895996
-0.897827	-1.719055	-1.874695	1.342468
-0.106812	-1.327820	-2.001648	1.673584
-0.086060	-1.282349	-2.043762	1.836853
-0.365906	-0.932007	-2.095032	1.835938
-0.613098	-0.341797	-2.198792	1.824951
-1.032410	0.254517	-2.114563	1.737061
-0.834045	0.648804	-1.853638	1.801758
-0.196228	0.769348	-1.619263	1.446533
0.233765	0.985413	-1.354370	1.148987
0.775452	1.313171	-1.009827	0.993958
1.100769	1.674805	-0.763855	0.965271
0.660095	1.864014	-0.646057	0.846863
0.014954	1.802673	-0.403137	0.537720
-0.397644	1.783447	-0.144043	0.400085
-0.803833	1.944275	-0.072937	0.437927
-1.069946	2.335205	0.064392	0.354309
-0.982971	2.558899	0.406494	0.187683
-0.805969	2.667542	0.778198	0.243530
-0.769958	2.588501	1.183472	0.197754
-0.913086	2.604980	1.535339	0.070801
-1.163635	2.691956	1.755371	0.046692
-1.564941	2.727051	1.877136	0.052795
-1.841125	2.677612	1.957092	0.340881
-1.828003	2.612000	2.070313	0.655212
-1.527405	2.634888	2.109985	0.639038
-0.969238	2.810974	2.097778	0.319519
-0.330200	2.927856	2.191162	0.002747
0.269775	3.224182	2.357788	0.036621
0.861511	3.485107	2.405090	0.275269
1.186218	3.661804	2.417297	0.321350
1.103210	3.942871	2.332764	0.260925
0.762939	4.311218	2.102356	0.186462
0.453796	4.431152	1.766052	-0.007019
0.352783	4.433594	1.383057	-0.195313
0.233154	4.536438	0.942688	-0.238037
0.085144	4.732971	0.555725	-0.254822
0.116272	4.846191	0.377502	-0.025635
0.243530	4.630737	0.215454	0.238342
0.411987	4.273682	0.075378	0.437927
0.838623	4.012451	-0.040894	0.610352
1.249695	3.767090	-0.275574	0.551147
1.512146	3.431702	-0.667419	0.349121
1.540527	2.983704	-1.067505	0.156555
1.573181	2.464905	-1.391296	-0.057678
1.848450	1.746521	-1.632690	-0.295715
2.074280	1.114502	-1.959534	-0.408630
1.839294	0.649414	-2.274780	-0.542908
1.428528	0.272217	-2.382202	-0.702515
1.039734	-0.203857	-2.325134	-0.904541
0.869751	-0.818176	-2.229309	-1.104126
1.033020	-1.506958	-2.068481	-1.262207
1.128845	-2.145386	-1.839905	-1.469727
1.009216	-2.640991	-1.572876	-1.626892
0.852356	-3.106689	-1.310120	-1.599121
0.672302	-3.758240	-1.045227	-1.454773
0.433960	-4.399719	-0.720520	-1.252441
0.414124	-4.957581	-0.269775	-1.074829
0.544739	-5.328979	0.207520	-0.932617
0.671082	-5.480347	0.659180	-0.795898
0.798035	-5.539551	1.184387	-0.635986
0.835876	-5.601196	1.520996	-0.479736
0.700684	-5.685730	1.529846	-0.368652
0.401611	-5.695496	1.421509	-0.316467
0.040588	-5.676880	1.401978	-0.274658
-0.267944	-5.593567	1.377258	-0.134277
-0.489197	-5.493774	1.307068	0.059814
-0.592957	-5.327454	1.145325	0.289307
-0.626526	-5.039673	1.001587	0.528870
-0.602417	-4.744263	0.913391	0.643311
-0.551758	-4.597778	0.922546	0.604858
-0.595093	-4.401855	0.975647	0.572510
-0.718994	-4.011230	0.886230	0.614014
-0.941467	-3.496704	0.630493	0.641479
-1.220398	-2.921143	0.431824	0.623779
-1.487122	-2.331238	0.376282	0.538635
-1.732178	-1.760864	0.273743	0.414124
-1.844788	-1.192017	0.006714	0.284729
-1.806946	-0.664063	-0.303345	0.133362
-1.847534	-0.054626	-0.538940	0.000610
-1.896667	0.581665	-0.661011	-0.047913
-1.787109	1.148987	-0.754089	-0.081482
-1.556396	1.658020	-0.927124	-0.132446
-1.243286	2.224121	-1.139832	-0.135803
-0.917969	2.772217	-1.276550	-0.150146
-0.797119	3.266907	-1.322327	-0.107422
-0.745544	3.682861	-1.459045	0.010071
-0.552063	3.932800	-1.616821	0.123596
-0.280762	4.091492	-1.611328	0.198669
0.017090	4.142761	-1.471252	0.213928
0.123901	3.997803	-1.274719	0.189209
0.010986	3.661499	-1.059875	0.184631
-0.117188	3.304443	-0.871277	0.141296
-0.128174	2.995300	-0.684204	0.069580
0.016785	2.682800	-0.474243	0.047913
0.303955	2.347717	-0.269470	0.077209
0.595703	2.098999	-0.076599	0.152893
0.779419	1.929321	0.057068	0.266113
0.954590	1.752625	0.150757	0.425720
1.152039	1.603394	0.218506	0.650330
1.320801	1.466980	0.291138	0.892029
1.566467	1.325073	0.367737	1.074219
1.938171	1.126099	0.411987	1.177673
2.217102	0.922852	0.395203	1.246643
2.351074	0.789490	0.336609	1.300354
2.313538	0.735474	0.282898	1.320801
2.100830	0.675964	0.314331	1.301575
1.839294	0.682373	0.432129	1.242981
1.485596	0.729675	0.529480	1.221619
1.028748	0.779114	0.579529	1.271362
0.625305	0.820618	0.629578	1.303101
0.306091	0.824585	0.751648	1.227417
0.085754	0.765686	0.930481	1.084900
-0.062561	0.683289	1.072083	0.953979
-0.198364	0.573425	1.166382	0.837708
-0.348206	0.459595	1.263733	0.751038
-0.595093	0.388184	1.341248	0.704346
-0.949402	0.332031	1.330261	0.693970
-1.304932	0.317383	1.283264	0.658875
-1.593018	0.386047	1.245422	0.550232
-1.750793	0.441284	1.212769	0.374146
-1.808472	0.420227	1.184387	0.217590
-1.841736	0.284119	1.108704	0.108643
-1.871338	0.091858	0.998840	0.094604
-1.832275	-0.103149	0.916748	0.125732
-1.789551	-0.339050	0.897522	0.160828
-1.703186	-0.601807	0.880737	0.200500
-1.556091	-0.855103	0.860901	0.264282
-1.394653	-1.059875	0.812073	0.291443
-1.162415	-1.173096	0.746765	0.218506
-0.757751	-1.286621	0.663147	0.017395
-0.290833	-1.380310	0.536499	-0.237732
0.160522	-1.434937	0.353699	-0.444946
0.518188	-1.457214	0.173035	-0.593262
0.746460	-1.427917	-0.018005	-0.812378
0.851746	-1.399231	-0.217590	-1.038513
0.870972	-1.395874	-0.414429	-1.204529
0.860901	-1.384277	-0.620117	-1.351013
0.925598	-1.345825	-0.800781	-1.487122
0.965576	-1.277466	-1.013794	-1.621399
0.881653	-1.223145	-1.297302	-1.701965
0.718994	-1.202393	-1.560974	-1.645203
0.576172	-1.241760	-1.761475	-1.500549
0.462036	-1.305237	-1.912537	-1.336060
0.343933	-1.399536	-2.021179	-1.182556
0.319519	-1.583252	-2.091675	-1.025391
0.388794	-1.812134	-2.084045	-0.824890
0.421753	-2.035217	-1.984253	-0.614319
0.282898	-2.237549	-1.871643	-0.447083
0.038147	-2.360535	-1.763916	-0.322876
-0.242615	-2.434692	-1.615295	-0.203857
-0.463867	-2.531433	-1.363525	-0.087891
-0.526123	-2.715759	-1.050415	0.015869
-0.500793	-2.918701	-0.759277	0.074768
-0.417480	-3.060608	-0.483093	0.137329
-0.234680	-3.124084	-0.206909	0.230103
-0.119934	-3.095093	0.055237	0.324707
-0.149536	-3.049927	0.292664	0.412903
-0.278931	-2.985229	0.516052	0.528870
-0.453796	-2.839966	0.717163	0.676270
-0.612793	-2.555542	0.897522	0.810547
-0.760498	-2.144470	1.088867	0.855103
-0.876160	-1.676941	1.299744	0.818176
-0.982971	-1.238098	1.509094	0.758362
-1.084595	-0.794983	1.695862	0.702515
-1.222839	-0.298462	1.826477	0.666199
-1.443787	0.242920	1.856689	0.656128
-1.673279	0.739136	1.849060	0.664673
-1.795044	1.175232	1.846619	0.694275
-1.768799	1.535645	1.845703	0.674133
-1.626892	1.828613	1.780396	0.531006
-1.369629	2.113647	1.664429	0.329285
-1.038513	2.398071	1.560669	0.169983
-0.654297	2.689819	1.429443	0.111389
-0.237122	2.960510	1.218567	0.115051
0.077515	3.222351	0.948792	0.139160
0.222778	3.453369	0.628357	0.166016
0.253296	3.621216	0.321045	0.195618
0.252991	3.738098	0.039368	0.219421
0.272522	3.853149	-0.265808	0.234985
0.292358	3.973389	-0.588379	0.225220
0.304871	4.110718	-0.856323	0.225220
0.336914	4.226685	-1.024170	0.273132
0.328979	4.289246	-1.139221	0.348206
0.304260	4.337158	-1.229858	0.453491
0.305786	4.367371	-1.294556	0.558167
0.333557	4.343262	-1.336975	0.632629
0.444336	4.213257	-1.349182	0.666809
0.595093	3.989258	-1.311340	0.663757
0.776672	3.715820	-1.214294	0.635376
0.899658	3.424988	-1.089783	0.610046
0.917969	3.183594	-0.971680	0.597229
0.845032	2.969666	-0.861816	0.578003
0.708313	2.715454	-0.765381	0.543823
0.540466	2.438660	-0.682983	0.491943
0.412598	2.153931	-0.628052	0.427856
0.349426	1.888123	-0.595398	0.350037
0.290833	1.693420	-0.618896	0.267639
0.210571	1.547546	-0.660095	0.204163
0.077515	1.437073	-0.684204	0.176392
-0.060425	1.315308	-0.699158	0.162354
-0.179749	1.190186	-0.688171	0.155334
-0.254211	1.071472	-0.601501	0.126343
-0.302124	0.962219	-0.440979	0.058289
-0.313110	0.859985	-0.224304	-0.046387
-0.242615	0.694885	0.048828	-0.163269
-0.115967	0.469360	0.329285	-0.289917
0.008240	0.227966	0.577393	-0.423279
0.104980	-0.014038	0.806274	-0.546570
0.172119	-0.260010	1.040649	-0.636597
0.191650	-0.500793	1.261902	-0.688782
0.160217	-0.727844	1.480713	-0.707397
0.105896	-0.963135	1.673584	-0.710754
0.033875	-1.201172	1.835022	-0.705261
-0.044250	-1.437378	1.927795	-0.670166
-0.119629	-1.654663	1.937256	-0.585327
-0.173035	-1.812744	1.827393	-0.438538
-0.200806	-1.901550	1.590271	-0.255432
-0.212402	-1.961365	1.289368	-0.081482
-0.212402	-2.014465	1.012268	0.064392
-0.183716	-2.088318	0.785828	0.157471
-0.110779	-2.171021	0.583191	0.205078
0.001526	-2.223206	0.375061	0.194397
0.115356	-2.230530	0.161133	0.093689
0.244751	-2.206116	-0.022888	-0.067749
0.408020	-2.129822	-0.171814	-0.220032
0.614929	-2.013855	-0.297546	-0.312805
0.853577	-1.878967	-0.429077	-0.294495
1.074524	-1.738586	-0.563965	-0.293884
1.231995	-1.611633	-0.677185	-0.390625
1.343079	-1.467590	-0.760498	-0.460205
1.314392	-1.328735	-0.833740	-0.458069
1.200256	-1.143188	-0.882568	-0.451660
1.118774	-0.911255	-0.930481	-0.465393
0.971985	-0.663757	-0.984497	-0.473022
0.732422	-0.408936	-1.012573	-0.432739
0.515137	-0.235596	-1.036682	-0.303955
0.385742	-0.130005	-1.084595	-0.214233
0.233459	-0.043640	-1.134338	-0.201416
-0.007324	0.044556	-1.152954	-0.207214
-0.158081	0.131531	-1.155090	-0.166626
-0.100403	0.205994	-1.143188	-0.079346
-0.062866	0.210266	-1.102295	-0.000610
-0.115967	0.187683	-1.036987	0.041199
-0.213928	0.158997	-0.966492	0.088806
-0.306091	0.079041	-0.857239	0.133972
-0.244141	-0.084534	-0.669556	0.207214
-0.008545	-0.303040	-0.455933	0.279236
0.256042	-0.499268	-0.263367	0.310974
0.436401	-0.645447	-0.085449	0.352173
0.502319	-0.736389	0.061035	0.405273
0.375977	-0.785522	0.149841	0.457764
0.109558	-0.790100	0.200195	0.507507
-0.175171	-0.728455	0.238647	0.567627
-0.427551	-0.574951	0.260315	0.666504
-0.645447	-0.358582	0.283508	0.776062
-0.763550	-0.142212	0.342407	0.832214
-0.746765	0.039673	0.426941	0.869141
-0.632324	0.189514	0.507813	0.863647
-0.509644	0.345459	0.563965	0.804749
-0.426331	0.543823	0.598450	0.737305
-0.422974	0.759888	0.609741	0.687256
-0.473022	0.948486	0.617065	0.686035
-0.509644	1.112366	0.653381	0.727234
-0.499573	1.280823	0.691528	0.756226
-0.433655	1.479492	0.697021	0.716858
-0.329895	1.673279	0.680237	0.652771
-0.220337	1.848450	0.644836	0.654297
-0.111084	1.997375	0.573120	0.720520
-0.026855	2.091370	0.491333	0.762024
-0.032349	2.145996	0.419312	0.751648
-0.141296	2.174683	0.326233	0.709534
-0.321960	2.121582	0.185852	0.653076
-0.476074	1.982422	0.019836	0.598145
-0.552979	1.844482	-0.176697	0.548706
-0.604858	1.763000	-0.370178	0.481873
-0.647583	1.708984	-0.514832	0.430603
-0.631104	1.643066	-0.596313	0.408020
-0.538330	1.548767	-0.610657	0.398560
-0.406799	1.427612	-0.571289	0.411072
-0.253906	1.306152	-0.492249	0.423889
-0.103149	1.167297	-0.394287	0.400696
0.038147	1.014099	-0.249329	0.361938
0.177612	0.875244	-0.061035	0.310059
0.349731	0.743713	0.123901	0.259094
0.538025	0.632935	0.274658	0.246277
0.663147	0.549011	0.381775	0.266113
0.688171	0.465393	0.480957	0.301819
0.656128	0.329285	0.592346	0.334167
0.616455	0.120239	0.695801	0.343018
0.627747	-0.121155	0.777588	0.334473
0.666199	-0.343323	0.837402	0.288696
0.691528	-0.490417	0.868530	0.201416
0.710144	-0.580139	0.851746	0.105896
0.737000	-0.675659	0.789490	0.036011
0.746765	-0.778198	0.708618	-0.018616
0.745544	-0.885925	0.640564	-0.079651
0.715637	-0.993347	0.604553	-0.172119
0.660400	-1.066895	0.568542	-0.310669
0.617981	-1.107483	0.534973	-0.473633
0.603333	-1.127625	0.490417	-0.625916
0.601196	-1.150513	0.405579	-0.740967
0.563049	-1.184387	0.303345	-0.798340
0.464783	-1.248779	0.238037	-0.830078
0.341187	-1.330566	0.230103	-0.847168
0.231323	-1.416931	0.249329	-0.808411
0.147400	-1.506042	0.290222	-0.711060
0.095215	-1.589050	0.360718	-0.590820
0.091553	-1.690063	0.470581	-0.487671
0.124207	-1.835327	0.609436	-0.426025
0.174866	-1.972656	0.749207	-0.372925
0.242004	-2.067261	0.838623	-0.291748
0.298462	-2.117310	0.873413	-0.196533
0.271912	-2.133484	0.880737	-0.133972
0.191040	-2.152710	0.880432	-0.107727
0.133362	-2.182617	0.842590	-0.112000
0.121765	-2.223511	0.728455	-0.143433
0.115967	-2.286987	0.550232	-0.232544
0.046082	-2.327576	0.340576	-0.349121
-0.082092	-2.305298	0.139771	-0.435181
-0.244446	-2.246399	-0.040588	-0.491028
-0.359497	-2.188416	-0.210876	-0.512390
-0.407104	-2.114563	-0.379639	-0.502930
-0.423584	-2.001648	-0.533142	-0.478210
-0.441589	-1.838379	-0.667114	-0.426331
-0.507202	-1.613159	-0.825806	-0.349731
-0.614014	-1.323547	-1.018982	-0.269470
-0.755615	-0.998840	-1.205139	-0.207825
-0.876160	-0.631409	-1.357422	-0.155334
-0.979919	-0.251160	-1.482544	-0.095520
-1.096802	0.092468	-1.574097	-0.028687
-1.187134	0.386658	-1.630554	0.043640
-1.198120	0.643311	-1.636047	0.110168
-1.156311	0.870056	-1.590576	0.165710
-1.098633	1.066895	-1.512756	0.201721
-1.025391	1.258850	-1.426086	0.231628
-0.961609	1.439819	-1.348877	0.263672
-0.892029	1.586304	-1.263733	0.317688
-0.777588	1.676331	-1.151733	0.404663
-0.627441	1.687927	-1.004639	0.491333
-0.428162	1.645203	-0.798340	0.538330
-0.158081	1.573792	-0.530396	0.541992
0.143127	1.508484	-0.240479	0.547791
0.426941	1.479492	0.025635	0.584412
0.637817	1.487122	0.256042	0.629578
0.742493	1.522522	0.451355	0.656128
0.753479	1.584473	0.610657	0.656738
0.691528	1.664124	0.720215	0.627747
0.605469	1.748047	0.783691	0.603943
0.545959	1.849365	0.816345	0.587158
0.503235	1.979675	0.831604	0.551758
0.484619	2.121887	0.845032	0.510254
0.507202	2.258606	0.840759	0.479736
0.566101	2.387390	0.810242	0.449524
0.635986	2.496948	0.768433	0.414429
0.672302	2.588501	0.727234	0.367432
0.638733	2.653503	0.682068	0.307922
0.542297	2.673645	0.643311	0.236206
0.451965	2.655029	0.634460	0.154724
0.405579	2.611389	0.638123	0.067444
0.386353	2.551575	0.642700	-0.005798
0.363770	2.489319	0.629272	-0.056763
0.321655	2.424622	0.594788	-0.084229
0.259399	2.339172	0.571594	-0.088501
0.216980	2.218018	0.580750	-0.078735
0.245361	2.048035	0.610046	-0.052490
0.339050	1.845093	0.641479	-0.017395
0.477600	1.642151	0.662842	0.029602
0.642700	1.452942	0.663452	0.084534
0.840759	1.271057	0.645142	0.145874
1.067810	1.080322	0.612793	0.208740
1.315308	0.877686	0.574036	0.265503
1.569519	0.676880	0.536499	0.312195
1.795044	0.493469	0.497131	0.348816
1.960754	0.305176	0.454712	0.382385
2.043152	0.094604	0.412903	0.408630
2.047119	-0.133667	0.359497	0.403442
1.997681	-0.359802	0.299377	0.357361
1.921082	-0.557251	0.253906	0.278320
1.821594	-0.709229	0.213623	0.178223
1.712952	-0.825806	0.174561	0.077820
1.614380	-0.937500	0.123596	-0.021362
1.539307	-1.051331	0.057678	-0.126038
1.470947	-1.158447	-0.017090	-0.234985
1.412659	-1.254578	-0.086975	-0.357056
1.363831	-1.320496	-0.158691	-0.487671
1.318665	-1.334229	-0.246582	-0.616455
1.255493	-1.307983	-0.370178	-0.729675
1.178589	-1.255188	-0.510864	-0.815125
1.070862	-1.200867	-0.643616	-0.885620
0.975952	-1.177063	-0.739746	-0.944519
0.897827	-1.203308	-0.799866	-1.000671
0.812683	-1.266785	-0.846863	-1.039429
0.753784	-1.332397	-0.894165	-1.038818
0.689392	-1.387939	-0.936279	-0.998535
0.621643	-1.435852	-0.963440	-0.928650
0.549927	-1.500549	-0.989685	-0.849609
0.473938	-1.579590	-1.012878	-0.747070
0.354919	-1.671753	-1.012878	-0.620422
0.176697	-1.768494	-0.976257	-0.495605
-0.032654	-1.845703	-0.901794	-0.377502
-0.226135	-1.909180	-0.797729	-0.272522
-0.377502	-1.953430	-0.680847	-0.193481
-0.468445	-1.982117	-0.560913	-0.139465
-0.502625	-1.995544	-0.441895	-0.105896
-0.545654	-1.993713	-0.345459	-0.095520
-0.612488	-1.982727	-0.267944	-0.083618
-0.671997	-1.961365	-0.184631	-0.056763
-0.726318	-1.924744	-0.089722	-0.024719
-0.756836	-1.874084	0.008545	0.012207
-0.760803	-1.809387	0.088501	0.050049
-0.726624	-1.710205	0.155945	0.097656
-0.666809	-1.580200	0.199890	0.165405
-0.590210	-1.430664	0.220337	0.238647
-0.500793	-1.270447	0.227356	0.303345
-0.408325	-1.107178	0.238953	0.360107
-0.326538	-0.957031	0.250854	0.401611
-0.257874	-0.830688	0.250549	0.433655
-0.208435	-0.689697	0.212097	0.456238
-0.188599	-0.515442	0.130310	0.460205
-0.176697	-0.293274	0.035706	0.448608
-0.171204	-0.027161	-0.053711	0.418091
-0.144043	0.272827	-0.127258	0.366211
-0.098267	0.592346	-0.190430	0.327148
-0.025940	0.917358	-0.229492	0.318298
0.068054	1.218567	-0.226746	0.332336
0.185852	1.478271	-0.175171	0.347290
0.328979	1.707764	-0.084839	0.359192
0.475159	1.907654	0.026550	0.364685
0.606689	2.080994	0.145874	0.373840
0.705872	2.233582	0.268860	0.398865
0.778809	2.364502	0.387878	0.452576
0.823364	2.454224	0.499573	0.528870
0.846558	2.492981	0.600281	0.613708
0.865479	2.476807	0.700378	0.699158
0.887451	2.408142	0.799255	0.764771
0.921326	2.306519	0.884094	0.806274
0.952454	2.184143	0.932007	0.830078
0.973816	2.052612	0.939636	0.844116
0.991516	1.909790	0.923157	0.845947
1.008606	1.736450	0.892334	0.828857
1.025696	1.533813	0.848083	0.796509
1.018982	1.307983	0.796814	0.752258
0.980835	1.076660	0.747986	0.697021
0.941162	0.854187	0.710754	0.626526
0.924683	0.657959	0.682068	0.541992
0.911560	0.493774	0.639648	0.448303
0.882263	0.359802	0.585327	0.355530
0.818787	0.250549	0.526123	0.270996
0.707703	0.158997	0.465698	0.199280
0.547180	0.073547	0.409546	0.134888
0.358887	-0.010071	0.377502	0.079041
0.162048	-0.099487	0.374146	0.033569
-0.020447	-0.191345	0.395813	-0.010376
-0.166931	-0.264893	0.433960	-0.054321
-0.298767	-0.325928	0.463562	-0.097656
-0.413513	-0.383911	0.487671	-0.136108
-0.502319	-0.455322	0.518799	-0.173035
-0.557556	-0.555420	0.567322	-0.214233
-0.579834	-0.692749	0.624084	-0.268250
-0.562439	-0.859070	0.683289	-0.327148
-0.514526	-1.033325	0.728455	-0.379028
-0.446167	-1.195374	0.737915	-0.421753
-0.371399	-1.338501	0.707397	-0.452881
-0.291748	-1.461182	0.657654	-0.468445
-0.207825	-1.567688	0.592041	-0.466614
-0.127258	-1.669617	0.516663	-0.447998
-0.059509	-1.777954	0.425415	-0.413513
-0.005798	-1.890564	0.317078	-0.367432
0.032043	-2.000122	0.192871	-0.316772
0.048828	-2.105408	0.060120	-0.264893
0.048218	-2.197876	-0.069275	-0.220032
0.020447	-2.270813	-0.195007	-0.188904
-0.032959	-2.322083	-0.313110	-0.169678
-0.107117	-2.345581	-0.411682	-0.164490
-0.185242	-2.342529	-0.477295	-0.169678
-0.255737	-2.326965	-0.515747	-0.191040
-0.299988	-2.307129	-0.530396	-0.247192
-0.317383	-2.276917	-0.529480	-0.317383
-0.314331	-2.232361	-0.527344	-0.386353
-0.315247	-2.162476	-0.543213	-0.458374
-0.313416	-2.059326	-0.576172	-0.519104
-0.323792	-1.938782	-0.619202	-0.565491
-0.343933	-1.813049	-0.669250	-0.597534
-0.343628	-1.688538	-0.716553	-0.613708
-0.339661	-1.568909	-0.748596	-0.616150
-0.328674	-1.442566	-0.765076	-0.600586
-0.315247	-1.299438	-0.766296	-0.564880
-0.292664	-1.130371	-0.744019	-0.509338
-0.270386	-0.937500	-0.710449	-0.440063
-0.260925	-0.744629	-0.676880	-0.362549
-0.261841	-0.556641	-0.636292	-0.280151
-0.257263	-0.373535	-0.583801	-0.198364
-0.264282	-0.205383	-0.522156	-0.120544
-0.279846	-0.064392	-0.441895	-0.063477
-0.286255	0.043945	-0.346069	-0.025024
-0.290222	0.127869	-0.251160	-0.006714
-0.289917	0.194702	-0.157166	0.005493
-0.288696	0.248718	-0.073853	0.024109
-0.302734	0.293579	0.002441	0.049744
-0.326233	0.323792	0.077820	0.089111
-0.347290	0.347290	0.152893	0.143127
-0.356750	0.362854	0.236511	0.201721
-0.365906	0.386353	0.326233	0.261536
-0.374451	0.427551	0.412292	0.324097
-0.377502	0.491943	0.473938	0.393066
-0.369568	0.579529	0.504150	0.474548
-0.346680	0.682373	0.505066	0.556641
-0.315247	0.792847	0.491943	0.635681
-0.264587	0.897217	0.483704	0.703430
-0.199585	0.994568	0.467834	0.747681
-0.113525	1.091614	0.446472	0.773315
-0.018005	1.184692	0.422668	0.777588
0.086975	1.282349	0.399475	0.760193
0.199280	1.383667	0.367126	0.721436
0.321960	1.490173	0.329895	0.662537
0.440979	1.587830	0.280151	0.587769
0.558777	1.672668	0.227966	0.507507
0.667419	1.741943	0.179138	0.427856
0.767822	1.794434	0.136719	0.357361
0.866089	1.817627	0.092773	0.297546
0.955811	1.813965	0.049744	0.246277
1.024170	1.795654	0.000610	0.208740
1.072083	1.783447	-0.055237	0.184326
1.087646	1.778870	-0.118408	0.170288
1.084290	1.772156	-0.175476	0.160828
1.064148	1.748962	-0.223999	0.152893
1.037292	1.700745	-0.261536	0.149231
1.017761	1.627502	-0.286865	0.147095
1.011658	1.535339	-0.310974	0.144653
1.018372	1.433411	-0.333252	0.144653
1.026611	1.328125	-0.346069	0.144958
1.028137	1.222534	-0.350952	0.141907
1.017151	1.109009	-0.348511	0.130615
0.990906	0.985413	-0.333862	0.102234
0.956116	0.849609	-0.309143	0.054626
0.908813	0.699463	-0.281677	-0.003662
0.856934	0.547791	-0.250854	-0.070801
0.797119	0.392151	-0.221863	-0.147400
0.741272	0.248108	-0.195007	-0.227051
0.677795	0.101929	-0.180359	-0.310974
0.612488	-0.042114	-0.178528	-0.385742
0.544128	-0.184326	-0.182800	-0.447083
0.468750	-0.321350	-0.195007	-0.496826
0.394287	-0.451965	-0.200806	-0.537109
0.324707	-0.579224	-0.198059	-0.567627
0.273743	-0.696411	-0.180054	-0.588379
0.236206	-0.794678	-0.157471	-0.599670
0.212708	-0.870972	-0.132141	-0.598145
0.208435	-0.924377	-0.111694	-0.581360
0.227661	-0.963440	-0.100708	-0.549927
0.270081	-1.007080	-0.094604	-0.507507
0.326538	-1.062927	-0.084839	-0.455627
0.390625	-1.133118	-0.065308	-0.399170
0.449524	-1.216431	-0.033569	-0.344238
0.487061	-1.311340	0.002747	-0.293579
0.493774	-1.410828	0.030823	-0.244751
0.474548	-1.508484	0.046082	-0.198364
0.436401	-1.596985	0.057373	-0.150452
0.389404	-1.672668	0.064392	-0.116882
0.333862	-1.741028	0.065918	-0.089417
0.282288	-1.794739	0.065308	-0.053711
0.224609	-1.836548	0.065918	-0.023499
0.174561	-1.872253	0.060120	0.006104
0.115967	-1.892395	0.039063	0.027161
0.040588	-1.890869	-0.000610	0.036621
-0.021362	-1.854248	-0.052490	0.043030
-0.094604	-1.778259	-0.117493	0.048218
-0.162964	-1.672668	-0.188599	0.045776
-0.221252	-1.553040	-0.250854	0.032043
-0.264587	-1.416931	-0.301819	0.015564
-0.287781	-1.273804	-0.346985	-0.003357
-0.298767	-1.132813	-0.383911	-0.028687
-0.292053	-0.989685	-0.411377	-0.055237
-0.264893	-0.835266	-0.428467	-0.078125
-0.238953	-0.672913	-0.437927	-0.101318
-0.220947	-0.509033	-0.437927	-0.124512
-0.194092	-0.354309	-0.426636	-0.146484
-0.169373	-0.209656	-0.411682	-0.171509
-0.144653	-0.070190	-0.387878	-0.187988
-0.111389	0.064392	-0.363159	-0.193787
-0.078735	0.193787	-0.344849	-0.195618
-0.046082	0.320740	-0.335999	-0.187073
-0.016479	0.444946	-0.339050	-0.167542
0.007629	0.563354	-0.340576	-0.140076
0.009460	0.668945	-0.342102	-0.099487
-0.011902	0.765686	-0.343628	-0.051270
-0.054626	0.847778	-0.336609	0.000916
-0.113525	0.915833	-0.317993	0.065002
-0.183716	0.965881	-0.281677	0.138245
-0.257874	1.001282	-0.233154	0.215454
-0.328674	1.027222	-0.177002	0.294800
-0.404053	1.046448	-0.121155	0.374451
-0.471191	1.053772	-0.061035	0.457458
-0.532532	1.037292	0.015564	0.545654
-0.586548	0.995483	0.104065	0.627441
-0.625916	0.938721	0.209351	0.698242
-0.663147	0.880127	0.328979	0.756836
-0.699463	0.834351	0.457153	0.801697
-0.732422	0.808716	0.578003	0.829468
-0.763245	0.803528	0.682983	0.839539
-0.794373	0.811157	0.771179	0.831604
-0.816956	0.827332	0.842590	0.811462
-0.830994	0.851746	0.893250	0.780640
-0.829468	0.879211	0.928040	0.736084
-0.815430	0.903320	0.950012	0.679932
-0.790710	0.929871	0.954895	0.617676
-0.746765	0.952148	0.941772	0.556335
-0.682068	0.966492	0.920715	0.494690
-0.609131	0.968933	0.890808	0.435791
-0.525818	0.956421	0.859375	0.382080
-0.438538	0.922852	0.831604	0.335999
-0.350952	0.869751	0.809021	0.298767
-0.267334	0.795898	0.793152	0.263977
-0.193176	0.700989	0.783081	0.231628
-0.141907	0.597839	0.771179	0.204773
-0.115662	0.492554	0.750732	0.184021
-0.112000	0.390320	0.716553	0.167847
-0.126953	0.299683	0.668640	0.156250
-0.163879	0.217590	0.611572	0.144958
-0.217896	0.138550	0.549011	0.135803
-0.275879	0.060425	0.485229	0.126953
-0.333862	-0.015869	0.424500	0.115356
-0.388184	-0.092163	0.370178	0.101929
-0.431824	-0.167236	0.317383	0.085754
-0.468750	-0.233459	0.259399	0.070801
-0.494080	-0.292053	0.201721	0.052185
-0.505066	-0.346680	0.150452	0.022888
-0.512085	-0.404663	0.106812	-0.011902
-0.517883	-0.473022	0.071106	-0.049744
-0.520020	-0.551147	0.040588	-0.092468
-0.521545	-0.632324	0.012817	-0.137939
-0.523071	-0.704956	-0.010986	-0.184937
-0.526428	-0.763550	-0.032654	-0.231323
-0.531006	-0.811462	-0.052185	-0.273743
-0.530701	-0.846252	-0.078125	-0.314941
-0.527954	-0.871887	-0.110168	-0.356445
-0.529175	-0.895691	-0.146790	-0.389709
-0.532532	-0.924377	-0.180359	-0.419617
-0.531006	-0.958252	-0.209045	-0.447083
-0.530396	-0.997314	-0.234070	-0.468750
-0.532227	-1.036072	-0.254517	-0.486145
-0.539246	-1.066589	-0.277100	-0.496826
-0.550537	-1.091309	-0.294495	-0.496826
-0.564880	-1.115112	-0.307617	-0.491333
-0.581665	-1.140442	-0.317078	-0.483398
-0.606689	-1.169128	-0.321960	-0.467529
-0.645752	-1.202087	-0.320740	-0.443726
-0.693970	-1.234436	-0.305786	-0.410461
-0.756836	-1.268921	-0.285950	-0.371094
-0.828247	-1.299744	-0.260620	-0.334778
-0.910950	-1.318665	-0.238953	-0.287170
-0.994568	-1.322021	-0.219116	-0.217590
-1.083679	-1.316833	-0.204163	-0.147400
-1.153564	-1.300049	-0.182190	-0.068970
-1.214294	-1.276855	-0.159912	0.010376
-1.264343	-1.250610	-0.141296	0.083313
-1.294250	-1.219788	-0.133972	0.152588
-1.317444	-1.177979	-0.131226	0.213013
-1.336670	-1.117859	-0.141602	0.259094
-1.342468	-1.031189	-0.161743	0.297546
-1.337280	-0.927429	-0.194397	0.328369
-1.325684	-0.802612	-0.234070	0.353088
-1.310425	-0.663452	-0.273743	0.368042
-1.283264	-0.517883	-0.311584	0.374756
-1.226807	-0.362244	-0.345154	0.379028
-1.159363	-0.198669	-0.385437	0.379944
-1.086426	-0.024719	-0.430603	0.374146
-0.996704	0.164490	-0.474243	0.363770
-0.905762	0.365906	-0.517273	0.348816
-0.811462	0.570679	-0.546265	0.332947
-0.710449	0.767212	-0.562439	0.313721
-0.609131	0.952759	-0.560608	0.287476
-0.508118	1.127014	-0.542603	0.254822
-0.399170	1.292419	-0.512390	0.221863
-0.287781	1.443787	-0.475769	0.189514
-0.176392	1.578064	-0.430908	0.161743
-0.080566	1.699829	-0.384521	0.141602
0.003967	1.811218	-0.339355	0.129395
0.073853	1.903381	-0.299683	0.127869
0.132751	1.970520	-0.261230	0.134583
0.183411	2.002563	-0.222778	0.155029
0.222168	2.003784	-0.188599	0.184021
0.259094	1.981812	-0.152283	0.221252
0.303040	1.944885	-0.108337	0.263367
0.347595	1.899414	-0.061646	0.307617
0.391846	1.846924	-0.022888	0.352783
0.436707	1.786499	0.008850	0.400696
0.479126	1.720276	0.038147	0.446167
0.514832	1.648865	0.074158	0.485840
0.545349	1.574097	0.113525	0.509644
0.576172	1.499939	0.158081	0.522461
0.606384	1.431580	0.206299	0.526733
0.635986	1.371765	0.254517	0.516052
0.663452	1.322632	0.304871	0.489502
0.688782	1.275330	0.351563	0.452576
0.717468	1.221619	0.397034	0.411072
0.749512	1.163940	0.439453	0.369873
0.784912	1.101990	0.476379	0.332642
0.822144	1.035461	0.510864	0.294800
0.852661	0.966797	0.537415	0.256653
0.875244	0.899963	0.546265	0.223083
0.888672	0.833740	0.527344	0.192566
0.891724	0.762634	0.489502	0.164795
0.883484	0.687561	0.438538	0.135498
0.865479	0.606079	0.372925	0.106506
0.838013	0.509949	0.299683	0.078125
0.802612	0.397034	0.218506	0.046997
0.762634	0.268250	0.135193	0.008545
0.716553	0.127258	0.050659	-0.033875
0.662537	-0.020142	-0.039673	-0.073853
0.600586	-0.169678	-0.129700	-0.111084
0.536499	-0.314026	-0.216064	-0.144653
0.469360	-0.453186	-0.297241	-0.173035
0.398865	-0.589294	-0.363159	-0.200500
0.324097	-0.720825	-0.410767	-0.227051
0.248718	-0.845032	-0.447083	-0.251160
0.181580	-0.957336	-0.476685	-0.275574
0.111694	-1.054993	-0.505981	-0.295715
0.042725	-1.132507	-0.534363	-0.310669
-0.018616	-1.185913	-0.568542	-0.317688
-0.072937	-1.218262	-0.599670	-0.327148
-0.121460	-1.235962	-0.632935	-0.338135
-0.159302	-1.240845	-0.668030	-0.342407
-0.188904	-1.236572	-0.702515	-0.347290
-0.202637	-1.222229	-0.731812	-0.347595
-0.204468	-1.199036	-0.755920	-0.344543
-0.207520	-1.169128	-0.782776	-0.343933
-0.196228	-1.129456	-0.802917	-0.340881
-0.173340	-1.084290	-0.815735	-0.332336
-0.146790	-1.040649	-0.826416	-0.323792
-0.122986	-1.000671	-0.834656	-0.311279
-0.097046	-0.964050	-0.840759	-0.293884
-0.084229	-0.924072	-0.834351	-0.273132
-0.091553	-0.880432	-0.816650	-0.252380
-0.120544	-0.830994	-0.793457	-0.235291
-0.162048	-0.770264	-0.766296	-0.214233
-0.218506	-0.698242	-0.738831	-0.187073
-0.298157	-0.616455	-0.705566	-0.162354
-0.381775	-0.540161	-0.662231	-0.135498
-0.464783	-0.474854	-0.609131	-0.105591
-0.549011	-0.418701	-0.548096	-0.075684
-0.621643	-0.368347	-0.472717	-0.038452
-0.681763	-0.313721	-0.379028	0.001221
-0.729980	-0.255432	-0.274048	0.042725
-0.759277	-0.192566	-0.160217	0.091858
-0.765381	-0.123596	-0.040283	0.144653
-0.756226	-0.046082	0.085754	0.200806
-0.737000	0.040588	0.212097	0.257263
-0.709534	0.127869	0.344543	0.306702
-0.671997	0.214539	0.471191	0.353699
-0.628052	0.297852	0.586243	0.398254
-0.581970	0.377502	0.686646	0.439758
-0.537415	0.455933	0.766602	0.478210
-0.498047	0.535583	0.820923	0.509949
-0.463562	0.618896	0.855408	0.534363
-0.429688	0.704956	0.878906	0.554810
-0.398865	0.791321	0.895996	0.568542
-0.368347	0.878906	0.902100	0.578003
-0.333557	0.966187	0.899048	0.583191
-0.296936	1.050110	0.886536	0.579834
-0.260620	1.134644	0.860901	0.570374
-0.221558	1.220398	0.819397	0.558472
-0.186157	1.302795	0.765686	0.544739
-0.155029	1.380310	0.712891	0.527344
-0.135193	1.448059	0.661621	0.504761
-0.119934	1.503296	0.615234	0.479431
-0.106201	1.545105	0.577393	0.453796
-0.099487	1.571045	0.545959	0.429993
-0.093994	1.584167	0.519714	0.413208
-0.086670	1.587524	0.494995	0.401917
-0.080872	1.578064	0.474854	0.397949
-0.073853	1.554871	0.457458	0.401611
-0.059204	1.517029	0.444946	0.413208
-0.036011	1.460571	0.440369	0.427246
-0.010071	1.383362	0.437927	0.438843
0.022888	1.293030	0.440674	0.451355
0.055237	1.193848	0.447693	0.463257
0.082092	1.086121	0.456238	0.468140
0.100708	0.971985	0.462341	0.462646
0.115967	0.859070	0.470581	0.448914
0.121155	0.745239	0.476990	0.426331
0.112000	0.628357	0.479126	0.395508
0.089722	0.509644	0.480042	0.355530
0.056763	0.386963	0.478516	0.307007
0.018616	0.265503	0.477600	0.252380
-0.025940	0.147705	0.471497	0.192871
-0.071716	0.039368	0.459595	0.131836
-0.125427	-0.062561	0.435486	0.070190
-0.176697	-0.161133	0.404358	0.011597
-0.221863	-0.254822	0.366821	-0.040894
-0.266418	-0.347900	0.324707	-0.086975
-0.310364	-0.444031	0.281982	-0.129395
-0.351868	-0.536804	0.245361	-0.169067
-0.396729	-0.626221	0.210571	-0.202942
-0.442200	-0.710449	0.178223	-0.231018
-0.494995	-0.788269	0.142822	-0.256653
-0.546875	-0.855713	0.108643	-0.279846
-0.603027	-0.914612	0.076294	-0.302429
-0.659180	-0.967407	0.049438	-0.320740
-0.714111	-1.014404	0.027771	-0.335999
-0.765991	-1.063232	0.008850	-0.350037
-0.811462	-1.111755	-0.007629	-0.356445
-0.848389	-1.156616	-0.021667	-0.352173
-0.877991	-1.198120	-0.038452	-0.350037
-0.902405	-1.232910	-0.058594	-0.347900
-0.926819	-1.266174	-0.085144	-0.341187
-0.951538	-1.298523	-0.111389	-0.330811
-0.975952	-1.327515	-0.137634	-0.317993
-1.004944	-1.354065	-0.164185	-0.303040
-1.036987	-1.378784	-0.190430	-0.289917
-1.059265	-1.397400	-0.217285	-0.272827
-1.076965	-1.406860	-0.253906	-0.251770
-1.082153	-1.399841	-0.292969	-0.225220
-1.076660	-1.377869	-0.331726	-0.195313
-1.051636	-1.339417	-0.371704	-0.162354
-1.004944	-1.282654	-0.407104	-0.127869
-0.943604	-1.213074	-0.435791	-0.091553
-0.869141	-1.131287	-0.454407	-0.052185
-0.775452	-1.036987	-0.466309	-0.013733
-0.671997	-0.924072	-0.475159	0.028076
-0.570068	-0.799866	-0.479126	0.069580
-0.464478	-0.668640	-0.478516	0.108948
-0.361328	-0.530701	-0.475464	0.142517
-0.266113	-0.390930	-0.462952	0.168457
-0.179749	-0.253296	-0.439758	0.190430
-0.105591	-0.123596	-0.406189	0.206604
-0.049133	-0.003052	-0.364075	0.218506
-0.009155	0.112305	-0.317078	0.226746
0.023804	0.225220	-0.264893	0.231628
0.052490	0.336914	-0.209961	0.236511
0.076294	0.445557	-0.161438	0.240784
0.099792	0.545044	-0.124817	0.243835
0.130920	0.638123	-0.094604	0.251770
0.171814	0.718994	-0.070801	0.266724
0.219727	0.787964	-0.050659	0.287476
0.274353	0.845337	-0.031433	0.314331
0.331421	0.894470	-0.020142	0.342102
0.393372	0.942688	-0.007019	0.372925
0.457764	0.986938	0.010071	0.405273
0.517883	1.026306	0.026855	0.437317
0.576172	1.058960	0.043335	0.464478
0.633850	1.085205	0.065002	0.487671
0.690918	1.105347	0.095520	0.507202
0.741577	1.116028	0.126648	0.518494
0.793152	1.122437	0.162964	0.524292
0.840759	1.124573	0.202637	0.523376
0.885010	1.121521	0.243835	0.517578
0.922546	1.115112	0.281067	0.506592
0.955505	1.107178	0.313721	0.485840
0.984192	1.095581	0.338440	0.459595
1.006775	1.082764	0.356445	0.427856
1.025391	1.068726	0.366516	0.393677
1.037903	1.055603	0.364075	0.354919
1.046448	1.044922	0.353088	0.312500
1.052551	1.036682	0.329895	0.266113
1.054382	1.036072	0.296326	0.222778
1.047668	1.036987	0.246582	0.180969
1.037292	1.039734	0.193481	0.145569
1.023560	1.041565	0.142517	0.115356
1.005859	1.036072	0.093689	0.092773
0.989075	1.018066	0.045471	0.079651
0.972900	0.983276	-0.002136	0.071411
0.964966	0.934143	-0.044861	0.068359
0.964355	0.871582	-0.086365	0.068359
0.968628	0.795898	-0.128784	0.070190
0.979004	0.708313	-0.165405	0.075378
0.993347	0.613098	-0.193787	0.077820
1.015320	0.512085	-0.211182	0.078125
1.038818	0.406799	-0.221558	0.072937
1.060486	0.299072	-0.227356	0.059814
1.077881	0.195618	-0.231628	0.041809
1.091309	0.098572	-0.238342	0.018311
1.103210	0.010071	-0.243530	-0.008850
1.111450	-0.071716	-0.251770	-0.037537
1.113586	-0.151367	-0.263977	-0.065002
1.113586	-0.231018	-0.270691	-0.088196
1.109314	-0.311584	-0.278931	-0.106812
1.099548	-0.395203	-0.284119	-0.120850
1.084900	-0.479431	-0.288696	-0.130920
1.069946	-0.563354	-0.287476	-0.136719
1.048889	-0.645752	-0.288086	-0.139771
1.026306	-0.720825	-0.289001	-0.140991
0.998230	-0.788574	-0.289307	-0.142517
0.964661	-0.851746	-0.289001	-0.146790
0.919189	-0.912476	-0.291748	-0.158386
0.872803	-0.967102	-0.297241	-0.171204
0.817261	-1.012878	-0.306702	-0.181885
0.756531	-1.043396	-0.313416	-0.198364
0.705261	-1.059265	-0.322571	-0.213318
0.651550	-1.061096	-0.335693	-0.231628
0.595703	-1.050415	-0.350342	-0.253906
0.553894	-1.027832	-0.360107	-0.273743
0.512695	-0.998840	-0.368652	-0.292053
0.473022	-0.965881	-0.364990	-0.303955
0.446472	-0.927429	-0.347595	-0.309448
0.423889	-0.887451	-0.322571	-0.307312
0.401611	-0.843506	-0.287476	-0.298462
0.377808	-0.796509	-0.242310	-0.288391
0.357361	-0.749207	-0.185547	-0.274048
0.344543	-0.697937	-0.126648	-0.254211
0.324402	-0.647888	-0.068665	-0.236816
0.299072	-0.597534	-0.008545	-0.214539
0.273132	-0.550537	0.054321	-0.188904
0.247192	-0.504456	0.116882	-0.165710
0.224915	-0.457458	0.174561	-0.133972
0.208130	-0.409851	0.226440	-0.100098
0.195618	-0.360413	0.265808	-0.065613
0.192566	-0.307312	0.294495	-0.029602
0.197754	-0.247498	0.314636	0.008545
0.208740	-0.187988	0.320740	0.045776
0.229187	-0.125427	0.324402	0.083008
0.244141	-0.061646	0.326538	0.117493
0.258179	0.009155	0.330505	0.149231
0.266113	0.086670	0.332642	0.178223
0.273132	0.170288	0.337830	0.205078
0.279846	0.255127	0.341492	0.231323
0.285645	0.342102	0.349731	0.253906
0.287170	0.433044	0.357361	0.271606
0.289612	0.522461	0.370789	0.285645
0.289307	0.605164	0.395813	0.300293
0.283508	0.679321	0.415955	0.312195
0.282593	0.744934	0.437012	0.325012
0.278625	0.804138	0.457153	0.335999
0.277100	0.857544	0.477295	0.347900
0.280762	0.908203	0.493774	0.357971
0.293884	0.955505	0.507813	0.368652
0.313110	0.996704	0.523376	0.378723
0.333557	1.027222	0.538940	0.386047
0.349731	1.048279	0.553589	0.387878
