2020/1/9 9:20:21 40us
CH1			CH2			CH3			CH4
-0.003052	-0.002136	0.011902	-0.006714
-0.003052	-0.001831	0.011597	-0.006714
-0.002747	-0.002136	0.012207	-0.007019
-0.003052	-0.002136	0.011597	-0.006714
-0.002747	-0.002136	0.011597	-0.007019
-0.002747	-0.001526	0.011902	-0.006714
-0.002441	-0.001831	0.011902	-0.006714
-0.002747	-0.001831	0.011902	-0.007019
-0.002747	-0.001831	0.011902	-0.007019
-0.002441	-0.001831	0.011902	-0.007019
-0.002747	-0.001831	0.011902	-0.007019
-0.002747	-0.001526	0.011597	-0.007019
-0.002747	-0.001526	0.011597	-0.006714
-0.002747	-0.001526	0.011902	-0.006714
-0.002747	-0.001526	0.011902	-0.006714
-0.002747	-0.001831	0.012207	-0.007019
-0.002747	-0.001831	0.012512	-0.006714
-0.002747	-0.001526	0.012207	-0.006714
-0.002747	-0.001526	0.011597	-0.007019
-0.002747	-0.001526	0.011597	-0.006714
-0.002747	-0.001221	0.011902	-0.007019
-0.002747	-0.001831	0.012207	-0.007019
-0.002747	-0.001831	0.011597	-0.007019
-0.002747	-0.001221	0.012207	-0.007019
-0.002747	-0.001831	0.012207	-0.007324
-0.002747	-0.001831	0.011597	-0.007324
-0.002441	-0.001831	0.011597	-0.007019
-0.002747	-0.001526	0.011597	-0.007019
-0.002747	-0.002136	0.011597	-0.007324
-0.002747	-0.001831	0.011597	-0.007019
-0.002747	-0.001831	0.011902	-0.007019
-0.002441	-0.001831	0.011597	-0.007324
-0.002747	-0.002136	0.011597	-0.007019
-0.002747	-0.001831	0.011597	-0.007019
-0.002747	-0.002136	0.011902	-0.007324
-0.002747	-0.001831	0.011597	-0.007019
-0.003052	-0.001831	0.011597	-0.007019
-0.002747	-0.002136	0.011597	-0.007324
-0.002747	-0.002136	0.011597	-0.006409
-0.003052	-0.002136	0.011597	-0.005493
-0.002441	-0.002136	0.011597	-0.018311
-0.002136	-0.001831	0.012512	0.168457
-0.001526	-0.001221	0.013428	0.363464
-0.002136	-0.001221	0.013733	0.593262
-0.002747	-0.000610	0.014954	0.549011
-0.006409	-0.000610	0.005798	0.338135
0.003052	-0.000610	0.035400	0.085754
-0.003967	0.002441	-0.014343	-0.195618
-0.009155	-0.000916	-0.024414	-0.506287
-0.013123	0.007935	0.002136	-0.841064
-0.005188	-0.016785	0.072021	-1.195679
0.016785	-0.015564	0.142517	-1.553345
0.127563	0.052490	0.079346	-1.920166
0.148926	0.036011	-0.032349	-2.275696
0.106506	-0.040283	-0.146179	-2.599792
0.009766	-0.086365	-0.195007	-2.896423
-0.119629	-0.044861	-0.196533	-3.139648
-0.227356	-0.012207	-0.194702	-3.343201
-0.274048	-0.063782	-0.205688	-3.489685
-0.272827	-0.084839	-0.211792	-3.577576
-0.281982	-0.005798	-0.183411	-3.562012
-0.310974	0.141602	-0.141296	-3.507080
-0.365906	0.271912	-0.089111	-3.414612
-0.377808	0.345764	0.009460	-3.278503
-0.383301	0.352478	0.115356	-3.096619
-0.370178	0.290527	0.208740	-2.852783
-0.346680	0.186768	0.297241	-2.565613
-0.276489	0.034180	0.368652	-2.219543
-0.128784	-0.166016	0.468140	-1.837463
0.099792	-0.349731	0.568542	-1.466675
0.365601	-0.549011	0.635071	-1.099854
0.546265	-0.674438	0.657349	-0.732117
0.671997	-0.744629	0.653687	-0.392151
0.785522	-0.747375	0.644226	-0.080872
0.942078	-0.690918	0.642700	0.202637
1.099548	-0.661926	0.660706	0.503540
1.250610	-0.617981	0.679626	0.836487
1.353455	-0.524902	0.652466	1.163330
1.409912	-0.421753	0.579834	1.473083
1.453857	-0.365601	0.504761	1.767273
1.451111	-0.352478	0.463867	2.035217
1.423035	-0.347290	0.419922	2.243652
1.351318	-0.292969	0.321655	2.412109
1.262207	-0.157471	0.202942	2.543640
1.170349	-0.003662	0.091553	2.600403
1.005249	0.104980	-0.013428	2.631226
0.804443	0.201416	-0.152283	2.615356
0.536804	0.296326	-0.296326	2.589417
0.209656	0.408325	-0.413513	2.539368
-0.160217	0.589600	-0.490723	2.431335
-0.506592	0.794067	-0.509338	2.264099
-0.800171	0.990906	-0.484009	2.059937
-1.029053	1.178589	-0.458069	1.849976
-1.207886	1.323242	-0.411682	1.660156
-1.398926	1.442566	-0.355835	1.483765
-1.577148	1.520996	-0.276794	1.310425
-1.690369	1.560974	-0.182495	1.151428
-1.716614	1.551819	-0.102844	1.007996
-1.714172	1.488953	-0.066833	0.855103
-1.696777	1.420898	-0.075684	0.651245
-1.671753	1.322327	-0.089722	0.411072
-1.639709	1.223755	-0.104675	0.170898
-1.585083	1.085510	-0.139160	-0.008240
-1.511841	0.948486	-0.195923	-0.111084
-1.390076	0.786438	-0.273132	-0.192261
-1.247864	0.618286	-0.385437	-0.262451
-1.118164	0.481873	-0.498657	-0.323486
-1.020203	0.405884	-0.635681	-0.345154
-0.925293	0.372314	-0.803833	-0.288086
-0.811768	0.327454	-0.989075	-0.136414
-0.667419	0.255127	-1.178284	0.104065
-0.484924	0.183411	-1.347961	0.388184
-0.313416	0.160217	-1.496887	0.705261
-0.140076	0.147705	-1.614990	1.061707
0.018005	0.091553	-1.664124	1.425171
0.174255	-0.036926	-1.608582	1.738586
0.333557	-0.194397	-1.463623	2.013550
0.446167	-0.355530	-1.233521	2.252808
0.519104	-0.496521	-0.967712	2.438354
0.562744	-0.625000	-0.709229	2.581482
0.595093	-0.768127	-0.450134	2.721252
0.637512	-0.925293	-0.183105	2.782898
0.664978	-1.090088	0.080872	2.752380
0.664063	-1.231079	0.333557	2.641296
0.636597	-1.340332	0.575562	2.484131
0.609131	-1.427917	0.824890	2.301025
0.604858	-1.467590	1.050415	2.061157
0.620117	-1.447144	1.219482	1.736450
0.629883	-1.368103	1.346741	1.364136
0.618286	-1.192627	1.428833	0.955200
0.592651	-0.955200	1.496277	0.518494
0.569153	-0.689392	1.531372	0.052185
0.517273	-0.424805	1.532898	-0.441895
0.423889	-0.148010	1.544189	-0.940247
0.302734	0.145874	1.544189	-1.456299
0.182800	0.404053	1.542664	-1.972656
0.096741	0.599670	1.526489	-2.435303
0.054321	0.732422	1.476135	-2.825012
0.028381	0.809021	1.390381	-3.147583
-0.003357	0.826416	1.270142	-3.423462
-0.063171	0.779114	1.147156	-3.639832
-0.123596	0.653076	1.018677	-3.806763
-0.174255	0.455627	0.866394	-3.910522
-0.202332	0.241394	0.687561	-3.911438
-0.214539	0.046692	0.490723	-3.837891
-0.212402	-0.182190	0.289917	-3.724365
-0.186768	-0.463562	0.119934	-3.576965
-0.131836	-0.762024	-0.024109	-3.401794
-0.051880	-1.061096	-0.153503	-3.166809
0.041504	-1.352539	-0.288696	-2.875671
0.145569	-1.601257	-0.429382	-2.558899
0.262756	-1.782532	-0.548401	-2.242432
0.399475	-1.903076	-0.622864	-1.939087
0.556030	-1.984253	-0.693054	-1.615906
0.705261	-2.036743	-0.807190	-1.235657
0.815430	-2.066956	-0.946045	-0.813904
0.899353	-2.058716	-1.081238	-0.408020
0.957336	-2.038269	-1.192932	-0.023804
0.997925	-1.999817	-1.289978	0.340576
1.014099	-1.883850	-1.388245	0.692444
1.011963	-1.712952	-1.482239	1.040649
0.989075	-1.504822	-1.553040	1.389465
0.927734	-1.246338	-1.559448	1.706848
0.841980	-0.920715	-1.480103	1.966858
0.729980	-0.540466	-1.348877	2.184753
0.592651	-0.158691	-1.220703	2.350464
0.442505	0.253601	-1.107178	2.467346
0.280762	0.683594	-0.951538	2.536316
0.114746	1.106567	-0.725098	2.561646
-0.058899	1.506653	-0.459595	2.545776
-0.220947	1.845093	-0.177917	2.467346
-0.367432	2.117920	0.088501	2.323303
-0.495911	2.336426	0.306091	2.164001
-0.614319	2.501221	0.491028	1.992493
-0.748291	2.637634	0.663147	1.766663
-0.881348	2.744141	0.816956	1.475525
-0.993652	2.814026	0.924377	1.175842
-1.091614	2.821960	0.978088	0.884094
-1.178589	2.766724	0.980530	0.616760
-1.260071	2.669373	0.949402	0.394592
-1.327209	2.541809	0.886841	0.234070
-1.343994	2.381287	0.781250	0.125122
-1.322632	2.169800	0.645447	0.040588
-1.270142	1.931763	0.480347	-0.009460
-1.194763	1.689148	0.292969	-0.018921
-1.104736	1.440125	0.100098	0.029297
-1.007996	1.180420	-0.103760	0.105896
-0.895996	0.892639	-0.319214	0.182800
-0.751648	0.565186	-0.528870	0.259399
-0.594788	0.218811	-0.710144	0.341492
-0.447083	-0.137939	-0.861511	0.420532
-0.312500	-0.510559	-0.979004	0.472107
-0.193481	-0.888977	-1.040649	0.517578
-0.077209	-1.258850	-1.052246	0.596619
0.030212	-1.603394	-1.007690	0.700684
0.136719	-1.913757	-0.912476	0.789795
0.235291	-2.169800	-0.779724	0.872803
0.321350	-2.376404	-0.634460	0.974426
0.413818	-2.559204	-0.473328	1.080017
0.511169	-2.738647	-0.314026	1.182251
0.598450	-2.919922	-0.152893	1.282349
0.667114	-3.069153	0.026855	1.360168
0.711365	-3.161621	0.227966	1.414490
0.749817	-3.184814	0.441589	1.428223
0.782776	-3.135376	0.656738	1.405334
0.817566	-3.022766	0.855103	1.371155
0.827332	-2.851868	1.051025	1.307678
0.799255	-2.614136	1.237183	1.203003
0.744019	-2.310486	1.408691	1.061096
0.675354	-1.963196	1.567993	0.881653
0.606689	-1.589661	1.694336	0.649414
0.536804	-1.221008	1.767273	0.365295
0.463562	-0.879822	1.799011	0.037842
0.384827	-0.549622	1.797791	-0.310059
0.283203	-0.216370	1.763916	-0.645447
0.179138	0.113525	1.687622	-0.957947
0.091248	0.411682	1.579895	-1.248474
0.019531	0.655518	1.454163	-1.502686
-0.041199	0.847168	1.328735	-1.730347
-0.099487	0.997620	1.210327	-1.959534
-0.154114	1.103516	1.083984	-2.180786
-0.187988	1.158447	0.946350	-2.360840
-0.198669	1.153870	0.812378	-2.489319
-0.191345	1.081238	0.683899	-2.573547
-0.171814	0.957947	0.574646	-2.630005
-0.143433	0.808716	0.457458	-2.660217
-0.103455	0.657959	0.308838	-2.654114
-0.057983	0.504761	0.129089	-2.596130
-0.013733	0.318298	-0.084534	-2.476501
0.035400	0.112915	-0.323181	-2.296753
0.087280	-0.079651	-0.573730	-2.080383
0.136414	-0.241394	-0.835571	-1.850281
0.175476	-0.376892	-1.119080	-1.593323
0.210876	-0.491638	-1.420288	-1.314087
0.249023	-0.573120	-1.721497	-1.029053
0.278015	-0.612488	-1.989441	-0.755920
0.292664	-0.613708	-2.204590	-0.512085
0.294495	-0.583496	-2.364502	-0.290222
0.293274	-0.522156	-2.468872	-0.069580
0.297241	-0.430908	-2.511292	0.159302
0.304565	-0.310669	-2.489929	0.379944
0.319214	-0.148621	-2.419128	0.568848
0.321045	0.038757	-2.291870	0.723877
0.306702	0.234375	-2.104492	0.859680
0.274048	0.442505	-1.879883	0.984497
0.222168	0.671082	-1.627502	1.089478
0.152893	0.925598	-1.345215	1.173401
0.066528	1.211548	-1.043701	1.230164
-0.034485	1.519165	-0.735779	1.247253
-0.130615	1.837769	-0.434265	1.233215
-0.223999	2.167358	-0.160217	1.215515
-0.322876	2.487793	0.083923	1.201172
-0.428162	2.782593	0.296631	1.163330
-0.541382	3.041382	0.473328	1.086731
-0.646057	3.253174	0.616760	0.986023
-0.724792	3.407288	0.730591	0.877991
-0.776062	3.486633	0.802917	0.777588
-0.816040	3.504639	0.837708	0.691833
-0.843201	3.478699	0.848694	0.615540
-0.844421	3.395081	0.840454	0.559387
-0.820007	3.257446	0.815735	0.532227
-0.772705	3.062744	0.770264	0.532227
-0.709534	2.838440	0.704041	0.562744
-0.632629	2.602844	0.629272	0.599060
-0.558167	2.337952	0.547485	0.641479
-0.492249	2.034302	0.469055	0.683289
-0.422668	1.682434	0.386963	0.720825
-0.347595	1.279907	0.303345	0.766907
-0.274658	0.832520	0.220337	0.808411
-0.204773	0.354614	0.140381	0.824585
-0.141907	-0.138855	0.072327	0.814209
-0.077515	-0.645752	-0.003052	0.794983
-0.006409	-1.166077	-0.071411	0.781555
0.067139	-1.689758	-0.125122	0.756531
0.138855	-2.189941	-0.158081	0.717163
0.200500	-2.642517	-0.171814	0.675659
0.256348	-3.041382	-0.166626	0.628967
0.315857	-3.378906	-0.142517	0.573120
0.379639	-3.653259	-0.098572	0.513916
0.444336	-3.859558	-0.029297	0.460510
0.485840	-4.037781	0.083008	0.423584
0.497437	-4.154663	0.237427	0.389099
0.484314	-4.166565	0.422668	0.364380
0.478821	-4.082642	0.631409	0.359192
0.481873	-3.949890	0.844727	0.356750
0.478516	-3.750610	1.054993	0.341797
0.456543	-3.457642	1.266479	0.307007
0.415039	-3.091736	1.473389	0.243835
0.367432	-2.685852	1.633606	0.152283
0.316162	-2.267761	1.748657	0.014038
0.274048	-1.856689	1.848755	-0.170288
0.234985	-1.468506	1.943359	-0.381470
0.171814	-1.070251	2.029724	-0.596924
0.098572	-0.661011	2.085266	-0.838928
0.022888	-0.256348	2.106018	-1.093140
-0.036621	0.114136	2.091980	-1.309509
-0.071716	0.451965	2.060242	-1.467285
-0.100708	0.755615	2.020569	-1.615601
-0.133057	1.043091	1.969910	-1.773071
-0.156250	1.307373	1.894226	-1.888428
-0.161743	1.522522	1.776733	-1.961365
-0.140076	1.708679	1.616821	-1.999817
-0.105591	1.856689	1.417847	-1.983337
-0.070801	1.952209	1.187439	-1.901550
-0.034485	1.982422	0.925293	-1.775818
0.000000	1.965027	0.631714	-1.627197
0.030823	1.912537	0.318604	-1.452026
0.070496	1.804199	-0.011597	-1.239319
0.104675	1.631165	-0.353088	-1.010742
0.114136	1.424255	-0.686951	-0.781250
0.112915	1.213989	-1.007996	-0.562744
0.122681	0.991516	-1.329346	-0.361938
0.127563	0.772400	-1.676025	-0.180664
0.133667	0.561523	-2.023621	-0.033875
0.146179	0.343323	-2.327881	0.071106
0.176697	0.140991	-2.572327	0.148621
0.202026	-0.018311	-2.766418	0.216980
0.214539	-0.132446	-2.929993	0.257263
0.225220	-0.200806	-3.055420	0.290833
0.240479	-0.223999	-3.132324	0.351563
0.272522	-0.195923	-3.139648	0.431213
0.299988	-0.137634	-3.067627	0.473938
0.315247	-0.070190	-2.936707	0.484924
0.311279	0.021057	-2.776489	0.514221
0.277100	0.154419	-2.585754	0.550537
0.223694	0.325317	-2.360535	0.574951
0.155334	0.519104	-2.100525	0.584412
0.083313	0.748596	-1.811218	0.586243
0.014343	1.010132	-1.516113	0.593872
-0.056458	1.282959	-1.216736	0.610352
-0.128174	1.545105	-0.943604	0.628662
-0.203552	1.782837	-0.698547	0.639343
-0.280457	1.991882	-0.457458	0.643005
-0.367737	2.183533	-0.213928	0.641479
-0.448303	2.346497	0.011597	0.647888
-0.510864	2.459412	0.202637	0.662231
-0.553284	2.522278	0.365906	0.661316
-0.577393	2.534485	0.507202	0.670166
-0.580139	2.513428	0.646362	0.675354
-0.555115	2.462769	0.783081	0.664673
-0.511475	2.370911	0.907593	0.656128
-0.465088	2.238770	1.008911	0.648193
-0.411072	2.087402	1.094055	0.633545
-0.350037	1.922607	1.174622	0.602722
-0.286560	1.719055	1.245422	0.566406
-0.220032	1.448669	1.287842	0.519714
-0.148315	1.114197	1.288452	0.469971
-0.072021	0.728455	1.267395	0.427856
-0.007324	0.307312	1.241760	0.393677
0.037537	-0.148010	1.190186	0.344543
0.073242	-0.622253	1.119080	0.272827
0.092468	-1.101685	1.038513	0.214539
0.119324	-1.562500	0.941467	0.191650
0.146790	-2.008667	0.836487	0.189209
0.160828	-2.420654	0.730591	0.161438
0.166016	-2.788391	0.634766	0.122070
0.159912	-3.137817	0.555725	0.091248
0.160828	-3.450012	0.490112	0.057983
0.155334	-3.702087	0.426636	0.034180
0.131531	-3.886414	0.379333	0.018921
0.104370	-4.028320	0.364685	0.011902
0.089722	-4.174805	0.399170	0.028992
0.091248	-4.267883	0.481567	0.049133
0.113525	-4.272766	0.591736	0.066528
0.155945	-4.245300	0.700989	0.088501
0.182190	-4.179688	0.805969	0.112610
0.191040	-4.005127	0.920715	0.130920
0.184326	-3.723145	1.054077	0.121460
0.181274	-3.367310	1.191101	0.059509
0.172119	-2.952576	1.285400	-0.030823
0.153809	-2.493591	1.353149	-0.133972
0.148926	-2.007446	1.428833	-0.259399
0.140381	-1.505127	1.503601	-0.375671
0.117798	-1.006165	1.543274	-0.492859
0.090027	-0.516357	1.541748	-0.647583
0.063477	-0.048523	1.497803	-0.786133
0.052185	0.395508	1.403809	-0.842285
0.060120	0.804749	1.299133	-0.845947
0.074463	1.170959	1.193237	-0.882568
0.097046	1.505127	1.080933	-0.905457
0.119934	1.778870	0.936279	-0.863647
0.144348	1.990662	0.757751	-0.792847
0.166931	2.172546	0.556030	-0.708008
0.179443	2.287292	0.357971	-0.584106
0.194397	2.355652	0.169983	-0.432739
0.214844	2.393799	-0.005188	-0.268250
0.230103	2.393494	-0.164490	-0.121765
0.238953	2.321167	-0.321045	0.020447
0.259705	2.160645	-0.488281	0.171204
0.259399	1.947632	-0.663147	0.321960
0.232239	1.721497	-0.845337	0.458679
0.204468	1.484375	-1.061096	0.570068
0.187988	1.241455	-1.310425	0.634155
0.176697	1.041870	-1.561890	0.636902
0.173035	0.874634	-1.777649	0.584106
0.184937	0.709534	-1.952820	0.488281
0.207520	0.548706	-2.115173	0.371704
0.205688	0.409546	-2.265930	0.238342
0.188293	0.306702	-2.384338	0.087280
0.165405	0.245056	-2.457275	-0.060120
0.140381	0.219116	-2.502136	-0.205383
0.112610	0.224915	-2.503357	-0.342712
0.080261	0.253296	-2.458496	-0.470276
0.046082	0.315552	-2.388611	-0.553894
0.007324	0.411682	-2.271118	-0.593567
-0.038147	0.531921	-2.105408	-0.614319
-0.089417	0.669556	-1.915283	-0.619507
-0.151367	0.829773	-1.705933	-0.609131
-0.202026	1.003418	-1.485901	-0.579529
-0.248718	1.181641	-1.235962	-0.524902
-0.303040	1.354675	-0.961304	-0.455322
-0.357666	1.508789	-0.672913	-0.397949
-0.418396	1.638184	-0.375061	-0.342712
-0.478821	1.747437	-0.083618	-0.294189
-0.534973	1.829224	0.184326	-0.246277
-0.580750	1.866455	0.413208	-0.186157
-0.613098	1.856995	0.616760	-0.128479
-0.626831	1.812744	0.803833	-0.083313
-0.603333	1.759644	0.978088	-0.042725
-0.546265	1.701355	1.130066	-0.020142
-0.463257	1.616211	1.248779	0.006104
-0.364990	1.506042	1.325989	0.047607
-0.258789	1.382141	1.372375	0.101318
-0.151978	1.253662	1.392517	0.166016
-0.058289	1.125488	1.376648	0.222778
0.026550	0.979309	1.344604	0.270691
0.108337	0.800781	1.316528	0.327148
0.191040	0.590820	1.280823	0.396729
0.271912	0.344543	1.238403	0.462036
0.330200	0.066223	1.187439	0.507507
0.356140	-0.233459	1.123352	0.534363
0.352783	-0.558167	1.046753	0.559082
0.336304	-0.914307	0.953064	0.584412
0.316772	-1.300049	0.856628	0.605774
0.282898	-1.699524	0.772705	0.607300
0.241089	-2.097168	0.702209	0.591431
0.194702	-2.481995	0.634460	0.577698
0.148010	-2.825623	0.561218	0.557861
0.097656	-3.110657	0.485535	0.530701
0.034485	-3.344727	0.422974	0.497131
-0.025024	-3.526001	0.375366	0.460510
-0.082092	-3.692627	0.350647	0.417480
-0.128479	-3.836975	0.361023	0.357971
-0.166931	-3.907471	0.400085	0.269775
-0.187073	-3.904724	0.458984	0.166016
-0.198975	-3.839111	0.526733	0.050354
-0.210266	-3.693237	0.592651	-0.085144
-0.225525	-3.457642	0.643616	-0.222473
-0.251770	-3.152161	0.673218	-0.364990
-0.276489	-2.783508	0.677490	-0.499878
-0.295715	-2.362061	0.661316	-0.624390
-0.301819	-1.906433	0.646667	-0.755310
-0.292969	-1.428223	0.641479	-0.886230
-0.287476	-0.946655	0.629578	-0.985107
-0.284424	-0.485840	0.587158	-1.064453
-0.288086	-0.048218	0.518494	-1.127625
-0.298462	0.362854	0.423279	-1.148682
-0.310974	0.754089	0.323181	-1.111450
-0.308228	1.108704	0.235596	-1.050110
-0.276794	1.429749	0.160828	-0.973816
-0.235901	1.721191	0.108337	-0.847473
-0.197754	1.963196	0.064392	-0.681458
-0.149536	2.162170	0.016479	-0.497131
-0.094299	2.326355	-0.030518	-0.288696
-0.027466	2.444153	-0.066223	-0.061646
0.052795	2.514343	-0.088196	0.156860
0.141296	2.517700	-0.106201	0.357056
0.221252	2.476196	-0.134888	0.524597
0.287781	2.416992	-0.171509	0.662537
0.345459	2.330017	-0.218811	0.767822
0.377502	2.214661	-0.287170	0.844116
0.390320	2.086487	-0.389404	0.887756
0.391235	1.963501	-0.519409	0.883484
0.378723	1.845093	-0.662231	0.823059
0.358276	1.730042	-0.841064	0.714417
0.335999	1.595154	-1.037598	0.554810
0.321655	1.450806	-1.215515	0.369263
0.305481	1.325989	-1.375732	0.185852
0.273743	1.222839	-1.531372	0.003662
0.236206	1.128540	-1.683044	-0.187683
0.191956	1.044312	-1.821289	-0.367126
0.149231	0.963745	-1.954041	-0.504761
0.123901	0.888062	-2.045898	-0.599976
0.097351	0.805054	-2.089539	-0.692139
0.065918	0.728149	-2.070923	-0.766296
0.025635	0.656738	-1.994934	-0.800476
-0.024719	0.580444	-1.878662	-0.809021
-0.082703	0.517578	-1.723633	-0.808411
-0.148621	0.460510	-1.528625	-0.797424
-0.205078	0.401917	-1.299438	-0.773621
-0.252075	0.355530	-1.052551	-0.736389
-0.295715	0.326843	-0.803528	-0.700073
-0.339050	0.316772	-0.552673	-0.660400
-0.364380	0.314941	-0.311890	-0.613098
-0.376587	0.312195	-0.091553	-0.559387
-0.392151	0.312805	0.113831	-0.499268
-0.393066	0.327148	0.300598	-0.429382
-0.364075	0.343323	0.463562	-0.354309
-0.316162	0.360413	0.602417	-0.278625
-0.251770	0.369873	0.732422	-0.213318
-0.176086	0.352173	0.866699	-0.161743
-0.092468	0.312805	0.984497	-0.101929
-0.011902	0.263977	1.083069	-0.023804
0.064697	0.216675	1.167603	0.059204
0.146790	0.166931	1.235046	0.148315
0.231323	0.100098	1.287537	0.249634
0.311584	0.006104	1.329041	0.360718
0.378723	-0.121460	1.357422	0.466003
0.424500	-0.290527	1.360168	0.566406
0.453796	-0.493774	1.347656	0.670471
0.460510	-0.721130	1.332397	0.774536
0.442200	-0.968018	1.304626	0.863953
0.404053	-1.228333	1.262817	0.932007
0.346680	-1.505127	1.211548	0.980835
0.277710	-1.800232	1.166382	1.012878
0.194702	-2.095642	1.125183	1.026611
0.104675	-2.380371	1.079407	1.009827
0.014648	-2.639771	1.025085	0.969543
-0.075684	-2.851257	0.966797	0.908813
-0.161133	-3.008728	0.910950	0.822449
-0.232239	-3.121033	0.853271	0.717773
-0.289001	-3.210144	0.788574	0.601196
-0.335388	-3.265381	0.723572	0.475769
-0.369873	-3.267517	0.660706	0.348511
-0.390930	-3.209839	0.596008	0.215149
-0.403137	-3.100891	0.526733	0.081482
-0.413513	-2.940369	0.447083	-0.043335
-0.429077	-2.721558	0.359192	-0.159607
-0.452271	-2.445984	0.267944	-0.272217
-0.471191	-2.120056	0.168762	-0.372314
-0.485535	-1.765137	0.071106	-0.463257
-0.490112	-1.394958	-0.010986	-0.548706
-0.482788	-1.021423	-0.076599	-0.618286
-0.469971	-0.654907	-0.137329	-0.666504
-0.455627	-0.302124	-0.209045	-0.702209
-0.440063	0.029602	-0.290527	-0.726013
-0.415955	0.339050	-0.371094	-0.722961
-0.368652	0.613708	-0.446472	-0.683594
-0.303040	0.842896	-0.507507	-0.612488
-0.221863	1.033325	-0.545349	-0.520020
-0.138855	1.185608	-0.571289	-0.404663
-0.066528	1.295166	-0.602112	-0.266418
0.007324	1.375732	-0.639038	-0.115051
0.088196	1.446228	-0.680542	0.053406
0.167542	1.507568	-0.713806	0.228577
0.245972	1.562805	-0.736084	0.405579
0.321960	1.610107	-0.749207	0.572510
0.394897	1.650696	-0.765381	0.722046
0.463867	1.672363	-0.789490	0.847473
0.531311	1.663818	-0.818787	0.946350
0.582275	1.632080	-0.856018	1.020813
0.617065	1.588745	-0.902710	1.060486
0.643616	1.535034	-0.958252	1.061707
0.657043	1.475525	-1.016541	1.026611
0.654602	1.406250	-1.074219	0.957336
0.643005	1.314087	-1.121826	0.859070
0.628967	1.217651	-1.163635	0.734558
0.602417	1.133423	-1.200867	0.588684
0.555420	1.062317	-1.235962	0.425415
0.496826	0.997009	-1.275330	0.254822
0.429688	0.923462	-1.305542	0.085449
0.362244	0.842285	-1.315002	-0.078125
0.295715	0.762024	-1.300354	-0.233765
0.228882	0.686340	-1.267700	-0.381775
0.161438	0.618286	-1.224365	-0.513611
0.095825	0.557861	-1.168213	-0.617676
0.032959	0.495911	-1.095581	-0.699463
-0.025635	0.426636	-1.004333	-0.772705
-0.087585	0.356140	-0.897522	-0.845032
-0.148010	0.293884	-0.776672	-0.919189
-0.199280	0.236206	-0.639038	-0.994263
-0.240173	0.188904	-0.491638	-1.068726
-0.274658	0.151367	-0.336609	-1.138611
-0.310059	0.112610	-0.176392	-1.200256
-0.342407	0.072632	-0.020447	-1.252441
-0.369873	0.031128	0.123291	-1.287231
-0.388184	-0.011902	0.260315	-1.296692
-0.388489	-0.059814	0.390625	-1.283875
-0.371704	-0.107117	0.513306	-1.242981
-0.339050	-0.151978	0.632019	-1.174927
-0.287170	-0.197449	0.746155	-1.081238
-0.216980	-0.242310	0.849609	-0.957336
-0.136719	-0.289307	0.937195	-0.797424
-0.054321	-0.338135	1.014099	-0.605469
0.034180	-0.394592	1.083069	-0.390930
0.127258	-0.462036	1.146240	-0.169983
0.219116	-0.542297	1.202393	0.051575
0.305786	-0.628662	1.252136	0.271606
0.378723	-0.720520	1.294250	0.484314
0.432434	-0.818176	1.334229	0.686951
0.466919	-0.915222	1.371155	0.876770
0.484009	-1.007080	1.398315	1.044312
0.482788	-1.092529	1.408997	1.182861
0.464783	-1.174622	1.402893	1.296387
0.432434	-1.257019	1.390686	1.382446
0.384521	-1.333313	1.372070	1.438293
0.322876	-1.394958	1.335449	1.461487
0.251770	-1.436462	1.281433	1.457825
0.172119	-1.462708	1.212158	1.434631
0.086670	-1.473389	1.126099	1.393738
-0.003357	-1.468201	1.032104	1.333923
-0.097351	-1.442566	0.930176	1.258545
-0.191345	-1.402893	0.822754	1.169739
-0.282288	-1.353760	0.711060	1.068726
-0.360718	-1.294861	0.604858	0.967712
-0.432129	-1.225891	0.494690	0.864868
-0.494690	-1.146240	0.382080	0.756836
-0.550842	-1.051331	0.268555	0.641479
-0.598450	-0.947571	0.159607	0.527954
-0.638123	-0.832214	0.050659	0.410461
-0.668335	-0.708008	-0.054932	0.294800
-0.685120	-0.572205	-0.161743	0.182800
-0.690918	-0.425415	-0.273132	0.073547
-0.689697	-0.273743	-0.388184	-0.029907
-0.674438	-0.117493	-0.502930	-0.121155
-0.645142	0.031433	-0.609131	-0.199585
-0.602722	0.172119	-0.705872	-0.264893
-0.546875	0.307007	-0.789490	-0.318298
-0.481873	0.437317	-0.856628	-0.358582
-0.411987	0.565491	-0.905457	-0.385742
-0.335693	0.685425	-0.934448	-0.396729
-0.251160	0.796509	-0.943909	-0.385437
-0.158081	0.901489	-0.934143	-0.347900
-0.057983	1.004944	-0.906677	-0.286560
0.043335	1.104431	-0.864563	-0.209961
0.141602	1.192627	-0.812988	-0.123901
0.238953	1.268311	-0.756226	-0.032959
0.333557	1.328430	-0.688171	0.060730
0.419006	1.372070	-0.610352	0.151978
0.488892	1.397400	-0.530396	0.232544
0.538635	1.404419	-0.457764	0.297241
0.571594	1.399536	-0.397034	0.341187
0.588684	1.382446	-0.347290	0.363770
0.590820	1.350708	-0.303650	0.366516
0.578308	1.308594	-0.262756	0.346985
0.549927	1.266174	-0.226135	0.301819
0.510254	1.231384	-0.194702	0.232849
0.463562	1.205139	-0.169373	0.144958
0.413513	1.181335	-0.152893	0.044861
0.365601	1.158142	-0.147705	-0.066223
0.321655	1.133423	-0.150757	-0.190735
0.280151	1.109924	-0.160828	-0.325317
0.238342	1.083069	-0.173035	-0.460205
0.198975	1.047058	-0.185547	-0.592346
0.159607	1.002197	-0.198975	-0.726013
0.120239	0.953674	-0.210876	-0.862732
0.083008	0.904236	-0.220337	-0.997925
0.041809	0.856934	-0.222168	-1.123962
-0.002441	0.808716	-0.219727	-1.237793
-0.050049	0.757446	-0.207520	-1.337891
-0.100098	0.702820	-0.184021	-1.422729
-0.149231	0.648499	-0.149536	-1.492615
-0.197754	0.591736	-0.105286	-1.546936
-0.240479	0.530701	-0.050659	-1.584473
-0.274048	0.462036	0.009766	-1.604614
-0.297241	0.380249	0.073242	-1.600647
-0.309448	0.283813	0.138550	-1.573792
-0.307312	0.177917	0.206299	-1.526489
-0.291443	0.057678	0.276489	-1.458130
-0.263672	-0.074463	0.346985	-1.364746
-0.223999	-0.215759	0.417786	-1.241150
-0.175781	-0.359802	0.489807	-1.090393
-0.123291	-0.497131	0.563049	-0.918579
-0.064087	-0.626526	0.636902	-0.728149
0.003052	-0.752258	0.705872	-0.522156
0.078125	-0.872803	0.762634	-0.307312
0.152893	-0.983276	0.801697	-0.086975
0.223083	-1.082764	0.822754	0.136414
0.280457	-1.171875	0.833435	0.350342
0.323792	-1.249695	0.835571	0.542297
0.356750	-1.309204	0.826111	0.713196
0.377808	-1.352539	0.803223	0.872192
0.382690	-1.376343	0.768433	1.013489
0.371094	-1.381531	0.728149	1.137390
0.343933	-1.367798	0.690002	1.234131
0.302734	-1.334534	0.656738	1.298523
0.248413	-1.280212	0.629883	1.336975
0.184021	-1.207275	0.614319	1.357727
0.110779	-1.119690	0.607910	1.362305
0.032349	-1.016541	0.611877	1.352234
-0.050354	-0.899048	0.626831	1.327515
-0.135803	-0.771484	0.646057	1.290894
-0.219421	-0.644531	0.665588	1.247864
-0.295105	-0.519104	0.674744	1.199951
-0.362854	-0.390930	0.672302	1.148376
-0.424805	-0.259705	0.651245	1.091614
-0.482483	-0.129700	0.618896	1.028748
-0.534668	-0.004883	0.576477	0.961304
-0.579529	0.114441	0.523682	0.885315
-0.612793	0.222473	0.455627	0.799561
-0.632324	0.318909	0.371094	0.707703
-0.638733	0.399170	0.272217	0.606384
-0.634460	0.469055	0.164795	0.493774
-0.619202	0.531921	0.054932	0.368652
-0.595093	0.584106	-0.056152	0.231934
-0.565491	0.625610	-0.163574	0.093689
-0.527039	0.659180	-0.268860	-0.038452
-0.477905	0.685120	-0.372009	-0.160522
-0.422058	0.702820	-0.470276	-0.265808
-0.358887	0.711060	-0.559387	-0.356140
-0.291748	0.707092	-0.637817	-0.431519
-0.221252	0.695190	-0.700073	-0.487671
-0.150452	0.674438	-0.746765	-0.521240
-0.076294	0.643921	-0.777283	-0.528564
0.000610	0.606384	-0.790710	-0.512085
0.074463	0.560303	-0.788269	-0.473938
0.147095	0.507813	-0.768127	-0.415344
0.216064	0.446777	-0.733032	-0.336914
0.280762	0.376282	-0.690918	-0.243225
0.341187	0.299988	-0.645447	-0.141907
0.397034	0.224915	-0.599060	-0.040588
0.447083	0.154419	-0.550537	0.054016
0.491638	0.088806	-0.501099	0.136108
0.528259	0.032349	-0.450439	0.198059
0.556641	-0.010986	-0.400391	0.240784
0.576477	-0.039063	-0.355225	0.266724
0.588989	-0.048828	-0.315247	0.277710
0.592041	-0.037842	-0.279236	0.271912
0.583496	-0.003662	-0.245972	0.247803
0.565186	0.050964	-0.212402	0.205078
0.538635	0.123291	-0.178528	0.145874
0.505676	0.208740	-0.144348	0.073242
0.468750	0.295410	-0.114746	-0.014648
0.429077	0.376892	-0.092163	-0.113831
0.386353	0.447388	-0.074158	-0.217285
0.338440	0.503540	-0.058289	-0.323486
0.288086	0.542297	-0.043945	-0.428467
0.231934	0.562744	-0.033569	-0.534668
0.174866	0.563965	-0.026550	-0.641785
0.115356	0.546875	-0.027771	-0.748291
0.053406	0.506287	-0.030823	-0.848083
-0.009155	0.440674	-0.033569	-0.941467
-0.068359	0.354004	-0.033875	-1.023254
-0.119324	0.248718	-0.032043	-1.091309
-0.159302	0.125427	-0.025940	-1.142578
-0.190430	-0.018616	-0.016785	-1.180115
-0.213013	-0.171814	-0.006409	-1.205750
-0.227051	-0.328979	0.005188	-1.222229
-0.229797	-0.482483	0.016785	-1.223755
-0.220337	-0.633545	0.026245	-1.205444
-0.199585	-0.776062	0.030518	-1.166382
-0.170898	-0.902710	0.030518	-1.103516
-0.133057	-1.011658	0.026245	-1.020203
-0.087280	-1.104431	0.020752	-0.916443
-0.038757	-1.181946	0.016174	-0.798340
0.012817	-1.246948	0.011597	-0.668335
0.062866	-1.299438	0.010071	-0.526428
0.109253	-1.339417	0.009460	-0.373230
0.149841	-1.372375	0.012207	-0.215149
0.180664	-1.401672	0.018921	-0.058594
0.203247	-1.423340	0.028381	0.098877
0.217896	-1.425476	0.039978	0.257568
0.223694	-1.405945	0.056458	0.415039
0.216980	-1.363525	0.079651	0.562744
0.196533	-1.294250	0.107422	0.701599
0.160828	-1.197815	0.138245	0.825500
0.113525	-1.074829	0.172729	0.932617
0.058289	-0.929260	0.205383	1.024780
0.001526	-0.765381	0.236511	1.102905
-0.055847	-0.590210	0.273743	1.165466
-0.114746	-0.407715	0.318909	1.214905
-0.179138	-0.221558	0.366211	1.249084
-0.244141	-0.039978	0.404358	1.265869
-0.303650	0.130615	0.425110	1.264038
-0.355835	0.287170	0.428467	1.251526
-0.398254	0.428467	0.415955	1.231079
-0.428467	0.555420	0.388489	1.198730
-0.448914	0.668640	0.347900	1.147766
-0.460815	0.766907	0.293274	1.077576
-0.466003	0.840454	0.223694	0.989685
-0.461426	0.890198	0.146179	0.889587
-0.452576	0.917969	0.064087	0.786133
-0.440063	0.924683	-0.019226	0.680847
-0.422058	0.913086	-0.098877	0.572510
-0.400391	0.881042	-0.175476	0.463867
-0.374756	0.832214	-0.250549	0.362549
-0.341797	0.767822	-0.323181	0.267639
-0.303955	0.687866	-0.388794	0.180054
-0.263977	0.598755	-0.441895	0.101929
-0.221558	0.509033	-0.477905	0.030212
-0.177002	0.421753	-0.498657	-0.033264
-0.130615	0.336914	-0.507813	-0.088806
-0.081177	0.252075	-0.506287	-0.136108
-0.027466	0.161438	-0.492249	-0.174561
0.030823	0.064392	-0.467834	-0.205078
0.089722	-0.036011	-0.440063	-0.222473
0.140076	-0.135498	-0.411377	-0.226135
0.181885	-0.228271	-0.382385	-0.214844
0.220032	-0.316772	-0.354004	-0.193481
0.257874	-0.399475	-0.330811	-0.165710
0.298462	-0.475159	-0.315552	-0.137634
0.339050	-0.538025	-0.305176	-0.112305
0.375061	-0.581970	-0.296631	-0.085754
0.406799	-0.604858	-0.284119	-0.058594
0.433655	-0.603333	-0.266418	-0.039673
0.452271	-0.570068	-0.244141	-0.032043
0.460205	-0.507813	-0.219727	-0.035706
0.459595	-0.420532	-0.188293	-0.050964
0.449524	-0.312195	-0.144043	-0.077209
0.427856	-0.190430	-0.086670	-0.115051
0.398560	-0.057678	-0.017090	-0.164185
0.360718	0.082703	0.059814	-0.222473
0.315552	0.223694	0.139771	-0.289917
0.266418	0.357971	0.218201	-0.361938
0.213928	0.483093	0.291443	-0.438232
0.159302	0.598145	0.362244	-0.518188
0.104980	0.704041	0.432434	-0.598755
0.055542	0.797119	0.497131	-0.674438
0.011597	0.870972	0.549622	-0.742798
-0.027466	0.923157	0.586548	-0.801392
-0.062866	0.958252	0.606995	-0.850830
-0.095825	0.977478	0.613098	-0.892029
-0.122070	0.981750	0.608521	-0.926514
-0.140991	0.969849	0.595093	-0.954895
-0.152283	0.940552	0.577698	-0.974731
-0.155334	0.889893	0.556030	-0.978394
-0.151062	0.811462	0.525513	-0.971375
-0.141602	0.712280	0.483398	-0.957336
-0.128479	0.603027	0.433350	-0.939026
-0.108337	0.485229	0.378113	-0.913086
-0.081787	0.362244	0.315552	-0.877686
-0.054626	0.235596	0.247803	-0.830383
-0.029602	0.114441	0.177917	-0.774231
-0.009155	0.000610	0.108948	-0.710754
0.003662	-0.109558	0.037537	-0.636597
0.008545	-0.215454	-0.035400	-0.547180
0.007324	-0.312805	-0.101624	-0.443115
0.001831	-0.398560	-0.158691	-0.327148
-0.009766	-0.475769	-0.209351	-0.204163
-0.027771	-0.549316	-0.255127	-0.079651
-0.044861	-0.617065	-0.294189	0.046997
-0.060120	-0.680847	-0.324402	0.181885
-0.073242	-0.734558	-0.343628	0.321350
-0.084534	-0.768738	-0.351257	0.455933
-0.095520	-0.774841	-0.347595	0.580444
-0.107727	-0.755615	-0.335693	0.695496
-0.122681	-0.710754	-0.317078	0.798950
-0.141602	-0.637207	-0.292969	0.887451
-0.163879	-0.532837	-0.258484	0.960693
-0.186157	-0.398865	-0.213928	1.015320
-0.207214	-0.240479	-0.163879	1.054993
-0.231323	-0.065613	-0.109558	1.077881
-0.255737	0.117188	-0.057068	1.083374
-0.277710	0.297546	-0.011292	1.075439
-0.297852	0.467224	0.027466	1.053772
-0.317078	0.624084	0.059509	1.015930
-0.331116	0.765991	0.083618	0.965881
-0.336609	0.890198	0.098877	0.909424
-0.335693	0.996094	0.108032	0.846252
-0.328064	1.079712	0.115356	0.770874
-0.314026	1.137390	0.124512	0.687561
-0.296326	1.160889	0.133362	0.602112
-0.279846	1.154175	0.142212	0.519409
-0.263367	1.122437	0.152893	0.442810
-0.246887	1.063232	0.167847	0.372925
-0.224609	0.981445	0.183411	0.307007
-0.198975	0.883789	0.198364	0.241394
-0.172119	0.772400	0.213928	0.173950
-0.146484	0.649109	0.223694	0.107117
-0.122070	0.516663	0.226746	0.044556
-0.101318	0.381165	0.226746	-0.012207
-0.082703	0.245667	0.221863	-0.070801
-0.061035	0.114441	0.209045	-0.130920
-0.033875	-0.013123	0.187073	-0.191345
0.001221	-0.132751	0.160522	-0.250244
0.040894	-0.245972	0.130920	-0.311890
0.080261	-0.348816	0.101013	-0.369873
0.117493	-0.442200	0.065918	-0.426636
0.150452	-0.525818	0.028687	-0.475159
0.182190	-0.599365	-0.012512	-0.511780
0.214844	-0.663757	-0.055542	-0.535889
0.249023	-0.717163	-0.096436	-0.550537
0.281067	-0.756836	-0.128479	-0.558472
0.307922	-0.780945	-0.151062	-0.558777
0.328979	-0.792542	-0.164795	-0.550842
0.344543	-0.788879	-0.165710	-0.529785
0.355530	-0.765991	-0.155945	-0.496521
0.362244	-0.721741	-0.135803	-0.457458
0.363159	-0.652161	-0.105591	-0.422974
0.356445	-0.559082	-0.063171	-0.397339
0.340576	-0.445862	-0.009766	-0.382080
0.318298	-0.320740	0.051575	-0.372009
0.290222	-0.191650	0.117798	-0.364380
0.252686	-0.058289	0.186462	-0.357666
0.210571	0.080566	0.255127	-0.356750
0.168457	0.216980	0.318604	-0.364380
0.129700	0.347595	0.375061	-0.379333
0.096130	0.469971	0.419617	-0.401611
0.070190	0.574036	0.449524	-0.425720
0.051270	0.657043	0.464172	-0.445862
0.036926	0.718384	0.463562	-0.458984
0.026855	0.762939	0.447998	-0.465088
0.025024	0.793457	0.419312	-0.465698
0.031128	0.809937	0.378418	-0.457764
0.043030	0.803833	0.324707	-0.440979
0.059814	0.772705	0.261536	-0.418396
0.076904	0.721741	0.192261	-0.394287
0.093994	0.655212	0.120544	-0.366516
0.112000	0.571594	0.050964	-0.333862
0.124817	0.472412	-0.018311	-0.296631
0.132751	0.366821	-0.087585	-0.256348
0.133667	0.261230	-0.156250	-0.211487
0.129700	0.150452	-0.223999	-0.158997
0.119019	0.035095	-0.291443	-0.097961
0.101318	-0.079956	-0.354004	-0.029907
0.077820	-0.191650	-0.408630	0.038452
0.050964	-0.296936	-0.454407	0.107727
0.023193	-0.393982	-0.496521	0.171814
-0.003357	-0.477600	-0.539246	0.232239
-0.029602	-0.546570	-0.578918	0.296936
-0.055542	-0.598755	-0.609741	0.371094
-0.081787	-0.635681	-0.624695	0.449524
-0.107422	-0.660400	-0.623779	0.525818
-0.129395	-0.678101	-0.610657	0.600281
-0.148010	-0.686951	-0.592346	0.674133
-0.161133	-0.679626	-0.574036	0.741882
-0.172729	-0.652466	-0.550842	0.799255
-0.181274	-0.603638	-0.519714	0.846863
-0.187683	-0.528564	-0.478821	0.880737
-0.196838	-0.431824	-0.426025	0.900574
-0.207520	-0.317688	-0.361633	0.909119
-0.215759	-0.195007	-0.296326	0.910645
-0.221558	-0.063477	-0.229187	0.901489
-0.228882	0.069275	-0.154419	0.872803
-0.237122	0.197754	-0.074158	0.827026
-0.242615	0.313416	0.005493	0.768127
-0.244751	0.410461	0.078125	0.697327
-0.245361	0.488281	0.146790	0.616760
-0.244751	0.539246	0.212402	0.537415
-0.239258	0.562134	0.278931	0.457153
-0.229187	0.566101	0.342712	0.377502
-0.217590	0.559387	0.402832	0.301819
-0.203857	0.538940	0.452881	0.233459
-0.185852	0.497742	0.489502	0.176392
-0.161438	0.435486	0.515137	0.133057
-0.131836	0.357666	0.533142	0.098877
-0.099182	0.273438	0.542908	0.071411
-0.060425	0.184326	0.541992	0.048828
-0.016785	0.085754	0.534363	0.031738
0.025940	-0.022278	0.520020	0.016479
0.063477	-0.141907	0.497742	0.003052
0.094910	-0.268555	0.466614	-0.013733
0.119629	-0.397949	0.423889	-0.032654
0.140381	-0.526733	0.374146	-0.056763
0.163574	-0.649414	0.322876	-0.089111
0.186157	-0.764771	0.270081	-0.127563
0.205688	-0.874023	0.214233	-0.170593
0.222473	-0.977478	0.152588	-0.218201
0.234375	-1.072693	0.083923	-0.264893
0.238647	-1.154480	0.011292	-0.303345
0.238953	-1.219482	-0.059204	-0.334167
0.240784	-1.269836	-0.127563	-0.357056
0.247803	-1.307373	-0.190735	-0.372314
0.254517	-1.327515	-0.245972	-0.379028
0.258789	-1.329346	-0.289612	-0.375061
0.257874	-1.314087	-0.320435	-0.364685
0.252075	-1.280212	-0.337830	-0.349731
0.242615	-1.220703	-0.343933	-0.334778
0.231934	-1.134338	-0.336609	-0.324097
0.220032	-1.024170	-0.313721	-0.321655
0.204468	-0.897217	-0.283508	-0.325928
0.184937	-0.756531	-0.248718	-0.334473
0.161133	-0.602417	-0.205078	-0.347900
0.131226	-0.436707	-0.154419	-0.368347
0.097656	-0.265198	-0.100403	-0.395813
0.067139	-0.092468	-0.047607	-0.433350
0.039673	0.076294	0.001526	-0.473022
0.016174	0.236206	0.046082	-0.508423
-0.002747	0.383911	0.086670	-0.538330
-0.016174	0.513000	0.123291	-0.564270
-0.025635	0.627136	0.156250	-0.582581
-0.027466	0.729980	0.185242	-0.589294
-0.021362	0.814514	0.204468	-0.583496
-0.008545	0.882263	0.211792	-0.559998
0.007629	0.934143	0.213623	-0.523987
0.029297	0.970459	0.213928	-0.483093
0.052795	0.987854	0.210571	-0.439453
0.074768	0.982361	0.202332	-0.388489
0.097961	0.958557	0.188599	-0.322571
0.119324	0.917969	0.167847	-0.247803
0.130310	0.859680	0.140686	-0.165405
0.128784	0.791016	0.105591	-0.078430
0.118713	0.719299	0.059814	0.007629
0.099182	0.647888	-0.000305	0.084534
0.073853	0.578613	-0.072327	0.150757
0.043945	0.508118	-0.145569	0.203247
0.010376	0.435791	-0.213318	0.242004
-0.027161	0.366516	-0.278015	0.270996
-0.067444	0.305481	-0.340576	0.295410
-0.108643	0.256958	-0.395813	0.316162
-0.147400	0.222168	-0.442810	0.335693
-0.179138	0.197449	-0.482178	0.353088
-0.201721	0.176697	-0.510559	0.369873
-0.221558	0.156555	-0.527039	0.387573
-0.238953	0.140381	-0.535583	0.408325
-0.250244	0.127258	-0.532837	0.428772
-0.254211	0.115967	-0.517578	0.449524
-0.253296	0.107422	-0.493469	0.469360
-0.248413	0.102844	-0.461121	0.487976
-0.245361	0.104980	-0.416565	0.507507
-0.245361	0.113831	-0.360718	0.526428
-0.245667	0.129089	-0.296631	0.539246
-0.249939	0.146484	-0.222473	0.541992
-0.260010	0.165405	-0.144348	0.537415
-0.269165	0.190735	-0.065918	0.526123
-0.270996	0.219727	0.010376	0.505981
-0.268555	0.243530	0.085754	0.480042
-0.263062	0.260620	0.163269	0.451660
-0.252991	0.272217	0.242004	0.421143
-0.237122	0.280457	0.320740	0.390015
-0.213928	0.283813	0.397034	0.355225
-0.182190	0.281372	0.468140	0.320435
-0.145569	0.271301	0.530701	0.289917
-0.106506	0.257874	0.585632	0.266724
-0.068054	0.240479	0.633240	0.252991
-0.031738	0.214233	0.675964	0.245056
0.006409	0.177917	0.713501	0.238037
0.047607	0.132446	0.742188	0.233459
0.085754	0.076904	0.761719	0.231628
0.117798	0.007629	0.768433	0.225220
0.141907	-0.074768	0.760498	0.206909
0.159302	-0.168457	0.737915	0.179749
0.169067	-0.268860	0.706787	0.148315
0.175476	-0.375671	0.668640	0.115356
0.181580	-0.487366	0.622864	0.079041
0.183716	-0.602722	0.570374	0.036316
0.179138	-0.718689	0.511780	-0.013733
0.167847	-0.822449	0.446777	-0.067749
0.150452	-0.910645	0.378418	-0.121460
0.128174	-0.980530	0.310669	-0.177002
0.106812	-1.031799	0.246277	-0.238037
0.088196	-1.064758	0.184631	-0.299988
0.070801	-1.080933	0.129700	-0.359802
0.054321	-1.080322	0.081177	-0.414734
0.037842	-1.061401	0.036316	-0.465698
0.024109	-1.023865	-0.007019	-0.512390
0.012817	-0.964966	-0.047607	-0.552673
0.005188	-0.886841	-0.084839	-0.586548
-0.003967	-0.790710	-0.118408	-0.614014
-0.014648	-0.679626	-0.149231	-0.636597
-0.024719	-0.559998	-0.176086	-0.657959
-0.033569	-0.434570	-0.195313	-0.677490
-0.040894	-0.301514	-0.206299	-0.696106
-0.045471	-0.170898	-0.208130	-0.714417
-0.049744	-0.039978	-0.202637	-0.734863
-0.053406	0.088501	-0.190735	-0.755310
-0.054016	0.210266	-0.173950	-0.772095
-0.050049	0.324097	-0.151672	-0.781555
-0.042114	0.433044	-0.126648	-0.780640
-0.031128	0.538025	-0.097046	-0.768127
