2020/1/9 9:24:34 40us
CH1			CH2			CH3			CH4
-0.009460	-0.001526	0.006104	-0.005188
-0.009155	-0.001526	0.005798	-0.005188
-0.009155	-0.001526	0.006409	-0.005188
-0.009460	-0.001221	0.006409	-0.005188
-0.009460	-0.001526	0.006104	-0.005493
-0.010071	-0.001221	0.005798	-0.004883
-0.009155	-0.001526	0.006409	-0.005188
-0.009766	-0.001221	0.006409	-0.005188
-0.009766	-0.001221	0.006409	-0.005188
-0.010071	-0.000610	0.006104	-0.005188
-0.009460	-0.001221	0.005798	-0.005493
-0.009155	-0.001221	0.006104	-0.004578
-0.009460	-0.001526	0.005798	-0.004883
-0.009766	-0.001526	0.006104	-0.004883
-0.009155	-0.001831	0.006104	-0.005188
-0.009460	-0.001526	0.006104	-0.004883
-0.009460	-0.001831	0.005798	-0.004883
-0.009155	-0.002136	0.005798	-0.004578
-0.009766	-0.001831	0.005798	-0.004883
-0.009460	-0.001831	0.006104	-0.005188
-0.009766	-0.001831	0.006104	-0.005188
-0.009155	-0.001526	0.006104	-0.005188
-0.009460	-0.001831	0.006104	-0.005188
-0.009766	-0.002136	0.005798	-0.005188
-0.009460	-0.001831	0.005798	-0.004883
-0.009155	-0.001831	0.006104	-0.005188
-0.009460	-0.001831	0.006104	-0.004883
-0.008850	-0.001831	0.006104	-0.004578
-0.009155	-0.001526	0.006104	-0.005188
-0.009460	-0.001526	0.005798	-0.005188
-0.009766	-0.001831	0.005798	-0.004883
-0.009155	-0.002136	0.006409	-0.004578
-0.009155	-0.002136	0.006714	-0.004883
-0.009155	-0.003662	0.006409	-0.004578
-0.009460	-0.002441	0.005798	-0.005188
-0.010681	0.000305	0.004272	-0.003967
-0.011292	0.003357	0.003052	-0.005493
-0.009766	0.004272	0.004883	-0.006409
-0.007019	-0.003052	0.007935	-0.008545
-0.005493	-0.010376	0.010681	-0.007629
-0.009460	-0.011292	0.008545	-0.002747
-0.015869	0.014343	-0.001221	0.000000
-0.010986	-0.030212	0.003357	0.000610
-0.000610	-0.046997	0.003662	-0.022278
-0.036011	-0.015259	-0.047302	0.008850
-0.088196	0.121460	-0.101624	0.004578
-0.101624	0.283508	-0.118713	-0.025330
-0.053101	0.419006	-0.123901	-0.127258
-0.027161	0.578918	-0.097046	-0.163879
0.007629	0.787048	0.030823	-0.175781
0.063782	1.026611	0.160828	-0.179443
0.121155	1.268311	0.304260	-0.180664
0.217285	1.479492	0.440674	-0.159912
0.346680	1.639099	0.628967	-0.119629
0.473022	1.671448	0.839233	-0.009155
0.574341	1.632385	0.992126	0.166931
0.663147	1.554565	1.157532	0.358887
0.710449	1.429443	1.282654	0.544739
0.741577	1.248779	1.403503	0.738831
0.749512	0.942383	1.462402	1.006165
0.711060	0.567017	1.442871	1.289368
0.578308	0.208130	1.376343	1.521301
0.444946	-0.092773	1.277466	1.648254
0.319824	-0.389099	1.193237	1.666565
0.176086	-0.699158	1.107483	1.645813
0.034790	-1.019897	0.962830	1.544189
-0.133362	-1.327209	0.779114	1.422729
-0.286560	-1.647034	0.581360	1.251831
-0.439758	-1.975708	0.363464	1.042480
-0.590210	-2.275391	0.139465	0.809631
-0.708923	-2.615662	-0.112610	0.513916
-0.785522	-2.977600	-0.394897	0.280151
-0.807800	-3.310242	-0.696106	0.045471
-0.805969	-3.593750	-1.004028	-0.212402
-0.807800	-3.862915	-1.301270	-0.451050
-0.825806	-4.086914	-1.611633	-0.653687
-0.805054	-4.232788	-1.892090	-0.821838
-0.730896	-4.333191	-2.147522	-0.966187
-0.660095	-4.349365	-2.369995	-1.115417
-0.614624	-4.280090	-2.528687	-1.250305
-0.617676	-4.116821	-2.618408	-1.393433
-0.618286	-3.873596	-2.642212	-1.560669
-0.613708	-3.575439	-2.627258	-1.687927
-0.593262	-3.234253	-2.571106	-1.780396
-0.562134	-2.866516	-2.439270	-1.849060
-0.542908	-2.478943	-2.227173	-1.894226
-0.526428	-2.100220	-1.979065	-1.929321
-0.482788	-1.714783	-1.687012	-1.941833
-0.420532	-1.328125	-1.344299	-1.951599
-0.362244	-0.925598	-0.997620	-1.923523
-0.283508	-0.485535	-0.633850	-1.844482
-0.223083	-0.008545	-0.263062	-1.766968
-0.149841	0.500793	0.121460	-1.683044
-0.076904	0.989685	0.506897	-1.574707
0.004578	1.447144	0.879517	-1.455383
0.098572	1.900940	1.208191	-1.313171
0.154419	2.327271	1.474304	-1.128235
0.215454	2.729187	1.662292	-0.939331
0.283508	3.081055	1.794739	-0.724182
0.359497	3.355408	1.877441	-0.483093
0.437622	3.558655	1.891174	-0.249329
0.504456	3.669434	1.846008	-0.060730
0.549316	3.684998	1.729431	0.123901
0.573425	3.643494	1.572571	0.299988
0.605164	3.561401	1.376953	0.454102
0.624695	3.450012	1.121521	0.569763
0.617371	3.294067	0.840759	0.638733
0.590210	3.143921	0.539246	0.657654
0.552368	3.004150	0.241394	0.661621
0.531921	2.850342	-0.052185	0.704346
0.519104	2.663879	-0.367126	0.747070
0.486755	2.457581	-0.706482	0.784302
0.428772	2.245789	-1.017151	0.825806
0.370483	2.005920	-1.298828	0.878601
0.318298	1.714783	-1.583557	0.982361
0.287170	1.356201	-1.873779	1.094971
0.272522	0.957642	-2.156372	1.228943
0.271606	0.554504	-2.395325	1.394043
0.267944	0.136414	-2.575378	1.554260
0.261841	-0.301514	-2.694397	1.650085
0.262146	-0.733032	-2.752380	1.696777
0.260315	-1.152344	-2.782288	1.731567
0.262451	-1.544495	-2.754517	1.741028
0.244446	-1.875305	-2.634888	1.648865
0.194397	-2.159424	-2.388916	1.442261
0.112610	-2.391968	-2.061462	1.182556
0.026550	-2.584534	-1.703796	0.879822
-0.061646	-2.754211	-1.358337	0.578308
-0.159302	-2.896423	-1.034241	0.316162
-0.258484	-2.958374	-0.696106	0.065002
-0.339661	-2.934875	-0.341492	-0.187073
-0.392456	-2.838135	0.014648	-0.449219
-0.422974	-2.660828	0.349121	-0.693665
-0.413818	-2.409058	0.653381	-0.861206
-0.392761	-2.112732	0.924377	-0.977478
-0.383911	-1.778259	1.160278	-1.054688
-0.367432	-1.387939	1.374817	-1.091003
-0.333862	-0.980835	1.582642	-1.106262
-0.290222	-0.560608	1.794434	-1.084290
-0.239258	-0.156555	2.004089	-1.004639
-0.182495	0.183716	2.210388	-0.916748
-0.134583	0.486755	2.398376	-0.813293
-0.121765	0.766907	2.566833	-0.690308
-0.126343	1.022949	2.722473	-0.531921
-0.133972	1.255798	2.863159	-0.339355
-0.143738	1.440735	2.981262	-0.136719
-0.157776	1.570435	3.078308	0.092163
-0.196533	1.658936	3.128052	0.305176
-0.249939	1.733398	3.114014	0.482788
-0.296326	1.768494	3.062439	0.647888
-0.337219	1.769409	2.979736	0.802612
-0.382385	1.755371	2.854919	0.928650
-0.402222	1.743774	2.689514	1.008301
-0.425415	1.702576	2.473450	1.044006
-0.441895	1.625061	2.222595	1.057739
-0.435791	1.520996	1.948242	1.036682
-0.444946	1.368408	1.666565	0.956421
-0.451050	1.184692	1.347961	0.843506
-0.440369	0.948792	0.960693	0.710754
-0.422363	0.665588	0.521851	0.556335
-0.377808	0.335999	0.056458	0.389404
-0.334167	-0.055542	-0.407715	0.212097
-0.293579	-0.467529	-0.864563	-0.014343
-0.263062	-0.859375	-1.316223	-0.264282
-0.252075	-1.198425	-1.738892	-0.507507
-0.239868	-1.478577	-2.119751	-0.737000
-0.223389	-1.730042	-2.455139	-0.953064
-0.218506	-1.948853	-2.715454	-1.161499
-0.228271	-2.141113	-2.883911	-1.354065
-0.248718	-2.288513	-2.989502	-1.524048
-0.250244	-2.386780	-3.036804	-1.665344
-0.219116	-2.463684	-2.997742	-1.752319
-0.162964	-2.533875	-2.894287	-1.766968
-0.087280	-2.558594	-2.740784	-1.723938
-0.008545	-2.491760	-2.521362	-1.642151
0.072327	-2.333984	-2.258301	-1.528625
0.169983	-2.102661	-1.979980	-1.362915
0.300903	-1.828918	-1.708069	-1.140442
0.438538	-1.531982	-1.443787	-0.856018
0.560303	-1.193848	-1.184387	-0.525513
0.658264	-0.821228	-0.934143	-0.186768
0.724792	-0.426025	-0.709229	0.122070
0.759277	-0.012512	-0.514526	0.411072
0.769348	0.391235	-0.359497	0.686646
0.774536	0.784302	-0.237122	0.935059
0.769653	1.166382	-0.131226	1.139221
0.725708	1.542053	-0.021362	1.273499
0.657654	1.907959	0.093994	1.341553
0.580750	2.233582	0.197754	1.352539
0.515442	2.518311	0.262756	1.329956
0.467529	2.749329	0.296021	1.276245
0.427551	2.914124	0.310059	1.157532
0.383911	3.021851	0.318909	0.967407
0.322876	3.066406	0.328064	0.733337
0.249634	3.044434	0.321655	0.476685
0.186157	2.954102	0.298767	0.210571
0.114746	2.774658	0.254517	-0.061340
0.037231	2.535706	0.207825	-0.344849
-0.045776	2.278442	0.169678	-0.626221
-0.136414	2.000427	0.122986	-0.902710
-0.236206	1.701355	0.075684	-1.154175
-0.332947	1.381836	0.032959	-1.375732
-0.414124	1.055298	-0.015259	-1.569214
-0.486145	0.727539	-0.058289	-1.729431
-0.557861	0.422974	-0.104065	-1.849670
-0.630798	0.161438	-0.140076	-1.929016
-0.678406	-0.065918	-0.129089	-1.971436
-0.693970	-0.264893	-0.061646	-1.984863
-0.685425	-0.420532	0.054626	-1.975708
-0.650940	-0.545044	0.216370	-1.951294
-0.595093	-0.641785	0.412903	-1.898804
-0.516052	-0.694275	0.634155	-1.776428
-0.422058	-0.704651	0.875244	-1.603699
-0.319214	-0.691528	1.136475	-1.416931
-0.218506	-0.631104	1.410217	-1.202698
-0.118713	-0.524902	1.667786	-0.945129
-0.009460	-0.398865	1.888123	-0.643921
0.103455	-0.244446	2.059326	-0.312195
0.202942	-0.060425	2.180786	0.038147
0.298462	0.150757	2.256775	0.404053
0.394287	0.376282	2.277832	0.777283
0.485840	0.581360	2.239685	1.170959
0.568848	0.737000	2.151489	1.578979
0.629578	0.841980	2.011719	1.973572
0.655212	0.905762	1.834106	2.334290
0.645142	0.933533	1.643372	2.641907
0.606079	0.936890	1.443787	2.885437
0.551758	0.907593	1.231995	3.077698
0.498962	0.837097	1.022034	3.222351
0.434265	0.730286	0.822144	3.313293
0.353699	0.601501	0.644836	3.346558
0.277100	0.454712	0.506287	3.325806
0.195923	0.300903	0.399780	3.263855
0.124512	0.138855	0.312195	3.174133
0.072021	-0.042114	0.218811	3.071899
0.034485	-0.236816	0.121155	2.968445
-0.003357	-0.420837	0.009155	2.850647
-0.053711	-0.584106	-0.112000	2.695007
-0.097961	-0.746460	-0.238342	2.503967
-0.126343	-0.909729	-0.372620	2.297668
-0.136719	-1.082153	-0.511475	2.083435
-0.137024	-1.248474	-0.645142	1.859741
-0.134888	-1.396179	-0.766296	1.600037
-0.139160	-1.530151	-0.865479	1.296997
-0.142517	-1.639404	-0.937500	0.956116
-0.134888	-1.717224	-0.988159	0.589294
-0.122070	-1.760559	-1.017456	0.211487
-0.118713	-1.770630	-1.024780	-0.168762
-0.131226	-1.741943	-0.996399	-0.541687
-0.153503	-1.663513	-0.926208	-0.913696
-0.191040	-1.539307	-0.835266	-1.269226
-0.232849	-1.377869	-0.737305	-1.584167
-0.261841	-1.172791	-0.632324	-1.846924
-0.285034	-0.941162	-0.531006	-2.059937
-0.307312	-0.680237	-0.424805	-2.229004
-0.327148	-0.392151	-0.306091	-2.352295
-0.344543	-0.099487	-0.185242	-2.422180
-0.355530	0.192871	-0.083618	-2.444458
-0.359497	0.471802	-0.003357	-2.434082
-0.356750	0.727234	0.064697	-2.390137
-0.344849	0.957642	0.115967	-2.316895
-0.318604	1.159973	0.139160	-2.225037
-0.277100	1.335144	0.138550	-2.110291
-0.217590	1.473999	0.117493	-1.976318
-0.148926	1.574402	0.075378	-1.827087
-0.068054	1.643066	0.017395	-1.666260
0.019531	1.690674	-0.048828	-1.488647
0.106506	1.723633	-0.117493	-1.305542
0.183716	1.741943	-0.180969	-1.123962
0.247498	1.744995	-0.236816	-0.949707
0.304565	1.726685	-0.281067	-0.783386
0.349731	1.723022	-0.318604	-0.617371
0.390930	1.746216	-0.343628	-0.454407
0.429993	1.782227	-0.359192	-0.300598
0.467224	1.819763	-0.360718	-0.170288
0.501709	1.857300	-0.344849	-0.056763
0.530090	1.879578	-0.312195	0.028076
0.559692	1.861572	-0.270081	0.085449
0.587463	1.787720	-0.244446	0.135498
0.616150	1.651306	-0.234375	0.165405
0.633545	1.457825	-0.233765	0.168152
0.635071	1.212463	-0.244141	0.149231
0.615234	0.912476	-0.278015	0.105286
0.578003	0.560608	-0.343628	0.039063
0.525513	0.165710	-0.435181	-0.033875
0.460815	-0.259094	-0.541687	-0.097046
0.386353	-0.691223	-0.646057	-0.163879
0.296631	-1.108398	-0.747070	-0.249634
0.197144	-1.504822	-0.834045	-0.348206
0.091858	-1.870422	-0.915527	-0.447083
-0.015869	-2.206726	-0.994568	-0.538025
-0.116272	-2.499084	-1.063538	-0.612793
-0.212708	-2.735291	-1.111145	-0.673828
-0.308838	-2.930298	-1.135864	-0.724487
-0.392761	-3.120728	-1.134644	-0.756531
-0.450439	-3.288269	-1.116028	-0.757751
-0.487671	-3.403015	-1.093140	-0.721130
-0.494080	-3.475342	-1.067505	-0.659485
-0.485840	-3.507690	-1.025085	-0.574951
-0.471497	-3.471069	-0.957642	-0.465698
-0.447693	-3.346863	-0.867004	-0.328674
-0.408325	-3.142700	-0.755615	-0.166321
-0.352783	-2.870178	-0.657349	0.028687
-0.295715	-2.549133	-0.568848	0.247192
-0.235596	-2.198181	-0.454712	0.469360
-0.177917	-1.804504	-0.298767	0.701294
-0.126038	-1.373901	-0.104065	0.946045
-0.078735	-0.921021	0.104675	1.177673
-0.037842	-0.455322	0.319214	1.398621
0.001526	0.014648	0.539246	1.637268
0.040588	0.481567	0.777588	1.875305
0.074158	0.932922	1.039124	2.060242
0.097961	1.365051	1.325684	2.181702
0.116577	1.757202	1.620178	2.260132
0.122986	2.092285	1.903992	2.293091
0.121460	2.367554	2.164917	2.265930
0.111694	2.581177	2.406311	2.189331
0.097046	2.742004	2.627258	2.070007
0.079041	2.827148	2.815247	1.904907
0.055847	2.839661	2.964478	1.701050
0.023499	2.803040	3.054810	1.471252
-0.006714	2.719727	3.071899	1.237488
-0.038147	2.575684	3.016357	1.008911
-0.087585	2.392273	2.892761	0.786438
-0.143127	2.200317	2.701416	0.567627
-0.195923	1.987000	2.454834	0.339966
-0.241394	1.765137	2.140808	0.105591
-0.277710	1.541443	1.772156	-0.127563
-0.303650	1.290894	1.387634	-0.357361
-0.319214	1.017761	1.003723	-0.579834
-0.342712	0.759888	0.651245	-0.773315
-0.371094	0.515747	0.311890	-0.971069
-0.392151	0.309143	-0.000916	-1.150818
-0.396423	0.137024	-0.284119	-1.275635
-0.372620	-0.007019	-0.525208	-1.339417
-0.337830	-0.133667	-0.710754	-1.359863
-0.290222	-0.236511	-0.856018	-1.350708
-0.231323	-0.310974	-0.966187	-1.283264
-0.166931	-0.370789	-1.040344	-1.148682
-0.088806	-0.419922	-1.099854	-0.978394
0.005798	-0.457764	-1.144714	-0.772095
0.119934	-0.481873	-1.173096	-0.521240
0.244141	-0.473633	-1.187134	-0.234985
0.360413	-0.430603	-1.175232	0.073853
0.459595	-0.368958	-1.155090	0.382690
0.549011	-0.286560	-1.133118	0.691223
0.633240	-0.188293	-1.106262	0.994568
0.692139	-0.073242	-1.069336	1.275940
0.727844	0.053406	-1.030579	1.516113
0.746460	0.174866	-0.990295	1.703796
0.746460	0.296326	-0.940247	1.818237
0.734558	0.418091	-0.871582	1.869202
0.717468	0.521851	-0.785828	1.848450
0.696716	0.595398	-0.695801	1.760864
0.662231	0.644226	-0.616455	1.628418
0.599060	0.688782	-0.543213	1.441040
0.521545	0.737000	-0.473328	1.217957
0.440063	0.778503	-0.408936	0.975952
0.357361	0.808716	-0.348511	0.712280
0.279541	0.815430	-0.286865	0.440979
0.199280	0.801697	-0.229187	0.157166
0.119019	0.764465	-0.178528	-0.126343
0.037231	0.708923	-0.129089	-0.402832
-0.047607	0.630493	-0.085449	-0.671387
-0.128479	0.532837	-0.043640	-0.923767
-0.200500	0.426331	-0.005188	-1.157227
-0.258179	0.313110	0.026550	-1.359558
-0.311584	0.195923	0.061035	-1.522827
-0.363464	0.085449	0.093079	-1.651611
-0.417480	-0.014648	0.108032	-1.747437
-0.466614	-0.096130	0.109558	-1.807556
-0.504150	-0.149231	0.094604	-1.841431
-0.542603	-0.178223	0.067444	-1.852722
-0.583191	-0.195007	0.049438	-1.843567
-0.625305	-0.191650	0.057068	-1.822815
-0.668335	-0.155640	0.088501	-1.784668
-0.697632	-0.098267	0.136108	-1.733093
-0.707092	-0.028992	0.191345	-1.667786
-0.701904	0.049438	0.240784	-1.565552
-0.688782	0.129089	0.274353	-1.432800
-0.668335	0.206299	0.294495	-1.282654
-0.638733	0.282593	0.292664	-1.123047
-0.602112	0.345459	0.274963	-0.961304
-0.553589	0.374146	0.254822	-0.797729
-0.485535	0.375671	0.227966	-0.622253
-0.405884	0.350342	0.187988	-0.439148
-0.322266	0.300598	0.136719	-0.260315
-0.238342	0.232849	0.072937	-0.092163
-0.156250	0.153503	0.014648	0.073547
-0.083313	0.061646	-0.034790	0.235596
-0.018005	-0.042725	-0.080872	0.387268
0.035095	-0.151672	-0.111389	0.524597
0.070496	-0.257568	-0.119629	0.652466
0.085449	-0.352478	-0.112305	0.770569
0.088806	-0.432434	-0.089722	0.876770
0.095825	-0.498962	-0.061340	0.974121
0.104370	-0.559998	-0.033569	1.065979
0.121765	-0.618896	0.001221	1.154175
0.144958	-0.672607	0.051880	1.233215
0.172424	-0.711975	0.119324	1.297302
0.202026	-0.733032	0.194702	1.338196
0.231018	-0.749512	0.281372	1.360779
0.263672	-0.764160	0.372009	1.381836
0.299377	-0.773010	0.452576	1.403809
0.333557	-0.783081	0.524292	1.426086
0.361938	-0.787048	0.581055	1.437988
0.376587	-0.781555	0.619507	1.431274
0.382690	-0.778809	0.642395	1.407166
0.384827	-0.775146	0.644836	1.368103
0.380249	-0.767517	0.622559	1.304321
0.361938	-0.756836	0.576477	1.215210
0.328369	-0.740967	0.507507	1.100769
0.285950	-0.724487	0.414734	0.966797
0.233154	-0.710754	0.299377	0.817871
0.167847	-0.695496	0.160217	0.649719
0.097656	-0.675049	0.000610	0.465393
0.025940	-0.644531	-0.170593	0.266418
-0.052795	-0.600586	-0.332642	0.066528
-0.133667	-0.541077	-0.475159	-0.133972
-0.207520	-0.471497	-0.597839	-0.336914
-0.264893	-0.403137	-0.694275	-0.518188
-0.301819	-0.338745	-0.766907	-0.671692
-0.315857	-0.284424	-0.810852	-0.803223
-0.311584	-0.229187	-0.823059	-0.909424
-0.293579	-0.167236	-0.813599	-0.996399
-0.263367	-0.100708	-0.782471	-1.061096
-0.223694	-0.027771	-0.729675	-1.105347
-0.177002	0.056152	-0.662231	-1.123962
-0.124207	0.155640	-0.579224	-1.106262
-0.064697	0.274048	-0.479126	-1.059265
-0.002441	0.412292	-0.355225	-0.989990
0.062561	0.568848	-0.204163	-0.912170
0.126648	0.742798	-0.023499	-0.830383
0.185242	0.931702	0.182495	-0.747681
0.235901	1.136475	0.409851	-0.675354
0.276184	1.352539	0.654297	-0.614624
0.306702	1.571045	0.911560	-0.563354
0.335693	1.786804	1.169739	-0.523987
0.364380	1.996765	1.413574	-0.490112
0.396729	2.203369	1.629028	-0.452271
0.429993	2.398682	1.809692	-0.410767
0.456238	2.560425	1.955872	-0.364990
0.468445	2.677612	2.059631	-0.315857
0.466614	2.756042	2.118835	-0.262451
0.455933	2.796936	2.128601	-0.205994
0.437927	2.793274	2.086792	-0.142822
0.411682	2.740173	1.990967	-0.074463
0.375061	2.631531	1.842041	0.003967
0.325012	2.466431	1.640625	0.083008
0.258484	2.250977	1.388550	0.153503
0.174866	1.988831	1.091919	0.206909
0.080872	1.677856	0.758362	0.239258
-0.018005	1.328735	0.401611	0.257874
-0.122070	0.960083	0.031738	0.267639
-0.220947	0.581055	-0.342102	0.263977
-0.312500	0.194397	-0.710449	0.246277
-0.393066	-0.195313	-1.058960	0.225830
-0.460815	-0.579834	-1.377563	0.210876
-0.513306	-0.951843	-1.662598	0.191956
-0.551758	-1.298828	-1.909485	0.168152
-0.574036	-1.615906	-2.114258	0.146790
-0.581360	-1.900940	-2.272644	0.124512
-0.575562	-2.147217	-2.383423	0.104980
-0.551758	-2.349243	-2.448730	0.101013
-0.508728	-2.505493	-2.474365	0.119019
-0.450439	-2.618408	-2.464905	0.158081
-0.382080	-2.693481	-2.418213	0.214844
-0.309753	-2.753906	-2.333679	0.281372
-0.234680	-2.806396	-2.217712	0.351563
-0.159302	-2.816467	-2.075806	0.422668
-0.080261	-2.778015	-1.906128	0.493774
0.001831	-2.711792	-1.716614	0.562439
0.079041	-2.614136	-1.511230	0.625305
0.146179	-2.460938	-1.283875	0.671692
0.200195	-2.249146	-1.031494	0.693359
0.237732	-2.002563	-0.766296	0.686951
0.252991	-1.734924	-0.505066	0.654907
0.248718	-1.455078	-0.236511	0.595703
0.227356	-1.166382	0.044861	0.511780
0.187988	-0.877380	0.329285	0.409546
0.139771	-0.599365	0.607300	0.280762
0.083618	-0.338440	0.860291	0.125732
0.022888	-0.105896	1.074829	-0.033264
-0.033875	0.097046	1.240540	-0.187073
-0.086670	0.261230	1.356506	-0.343018
-0.139465	0.394592	1.436462	-0.513611
-0.191956	0.499573	1.484375	-0.689392
-0.240479	0.567932	1.489868	-0.850220
-0.283508	0.609131	1.452637	-1.000671
-0.319214	0.627747	1.381836	-1.129150
-0.348206	0.616150	1.286316	-1.226807
-0.370789	0.582275	1.171875	-1.301880
-0.388489	0.535583	1.045532	-1.365662
-0.402222	0.480042	0.912170	-1.420288
-0.414429	0.417175	0.772095	-1.459961
-0.416260	0.337524	0.624084	-1.480713
-0.418396	0.249329	0.475464	-1.487427
-0.411987	0.170593	0.330505	-1.488647
-0.392151	0.108337	0.183716	-1.487427
-0.359802	0.060425	0.032654	-1.483765
-0.316467	0.033264	-0.117493	-1.477356
-0.261841	0.012817	-0.258484	-1.458740
-0.197144	-0.015869	-0.385132	-1.429443
-0.127258	-0.050659	-0.498962	-1.388550
-0.063782	-0.086365	-0.600586	-1.334229
0.000610	-0.122375	-0.683289	-1.266479
0.072937	-0.164795	-0.747681	-1.179199
0.158997	-0.220947	-0.794067	-1.063538
0.251465	-0.293274	-0.822754	-0.930176
0.340881	-0.383911	-0.836182	-0.793762
0.422974	-0.487061	-0.836792	-0.650940
0.491333	-0.593262	-0.817871	-0.498962
0.545654	-0.701294	-0.787354	-0.350037
0.592346	-0.805054	-0.754089	-0.208740
0.626526	-0.895996	-0.713501	-0.068359
0.650330	-0.971985	-0.664368	0.073853
0.660400	-1.030884	-0.609436	0.210876
0.652771	-1.066589	-0.549622	0.334473
0.628052	-1.075745	-0.490112	0.438843
0.585938	-1.061096	-0.432129	0.525208
0.529785	-1.019897	-0.373840	0.593872
0.466309	-0.953979	-0.322571	0.647278
0.400391	-0.868835	-0.282593	0.690002
0.336914	-0.757141	-0.248413	0.719604
0.279541	-0.613708	-0.215454	0.744934
0.236511	-0.449219	-0.187378	0.770569
0.203857	-0.268250	-0.166626	0.797424
0.181580	-0.087585	-0.156250	0.832214
0.168762	0.092773	-0.152283	0.875244
0.159302	0.277100	-0.150452	0.917664
0.149536	0.466003	-0.147400	0.961304
0.140381	0.654907	-0.136108	1.001587
0.130310	0.831299	-0.112305	1.034546
0.115967	0.988159	-0.082092	1.066895
0.093384	1.123047	-0.045166	1.099243
0.057678	1.238708	0.000305	1.121521
-0.000610	1.338806	0.050049	1.120300
-0.076599	1.424866	0.098877	1.087341
-0.158386	1.490479	0.149841	1.024780
-0.239258	1.506042	0.200806	0.940247
-0.318604	1.480408	0.250549	0.843201
-0.397949	1.445618	0.301514	0.733948
-0.464783	1.396790	0.347595	0.612793
-0.522156	1.329041	0.382385	0.483093
-0.569458	1.253967	0.402527	0.346985
-0.601196	1.179199	0.413818	0.210571
-0.619202	1.096191	0.425415	0.075989
-0.625916	0.994568	0.423279	-0.044861
-0.625305	0.877075	0.414734	-0.155945
-0.616150	0.747070	0.416870	-0.257568
-0.599976	0.605164	0.429993	-0.348206
-0.576477	0.455933	0.444031	-0.415955
-0.540771	0.296326	0.447388	-0.479736
-0.502319	0.134888	0.445862	-0.541382
-0.463867	-0.021057	0.437622	-0.572815
-0.422974	-0.159302	0.432129	-0.577698
-0.381470	-0.280457	0.439758	-0.573730
-0.333252	-0.375977	0.461426	-0.563660
-0.275879	-0.444641	0.487366	-0.534363
-0.219421	-0.494995	0.507813	-0.487366
-0.162659	-0.516663	0.524292	-0.429382
-0.112305	-0.510254	0.548401	-0.355225
-0.065002	-0.484619	0.578003	-0.261230
-0.016479	-0.438538	0.609741	-0.151978
0.030518	-0.376587	0.641785	-0.030518
0.075378	-0.307922	0.674744	0.104980
0.121460	-0.238342	0.693054	0.258484
0.164490	-0.171814	0.694580	0.422668
0.194092	-0.103149	0.680542	0.595093
0.219727	-0.038147	0.647888	0.763855
0.245056	0.011597	0.587463	0.921936
0.270996	0.046082	0.493164	1.065063
0.297546	0.060120	0.372314	1.188965
0.316162	0.043335	0.232239	1.286316
0.328979	-0.008850	0.074768	1.351929
0.332336	-0.093384	-0.094299	1.384277
0.314636	-0.201721	-0.271912	1.376343
0.287781	-0.330505	-0.458679	1.330261
0.254517	-0.479431	-0.645142	1.251221
0.213013	-0.643616	-0.830078	1.134644
0.164795	-0.820618	-0.996704	0.968018
0.114441	-0.998535	-1.147766	0.751038
0.062256	-1.166382	-1.280212	0.505066
0.012207	-1.324463	-1.394348	0.239563
-0.029297	-1.478271	-1.492004	-0.041199
-0.057068	-1.622620	-1.571655	-0.326843
-0.074463	-1.748352	-1.629028	-0.608826
-0.081482	-1.849060	-1.666565	-0.879211
-0.080872	-1.923828	-1.678467	-1.128235
-0.067444	-1.975708	-1.668701	-1.346741
-0.046997	-2.002258	-1.638184	-1.531372
-0.025635	-1.996765	-1.583862	-1.676331
-0.007019	-1.962585	-1.503906	-1.780701
0.004272	-1.897888	-1.402893	-1.838989
0.010071	-1.801758	-1.278076	-1.853333
0.015869	-1.664124	-1.121521	-1.836853
0.024109	-1.480103	-0.941162	-1.792297
0.034485	-1.254883	-0.751648	-1.723328
0.040588	-0.995483	-0.552368	-1.638794
0.042114	-0.706177	-0.338745	-1.538391
0.038147	-0.391235	-0.114136	-1.425171
0.035095	-0.054626	0.112915	-1.301270
0.032959	0.292969	0.330200	-1.166687
0.033264	0.643311	0.533752	-1.027527
0.036316	0.987244	0.722351	-0.884705
0.040283	1.312256	0.894165	-0.741272
0.044250	1.606445	1.049500	-0.607605
0.043640	1.869507	1.177979	-0.482483
0.031738	2.099915	1.270142	-0.358276
0.014038	2.294312	1.326904	-0.237122
-0.002136	2.451172	1.345215	-0.121155
-0.013428	2.565308	1.324768	-0.007019
-0.021667	2.632141	1.272583	0.102844
-0.033264	2.653198	1.189880	0.205078
-0.048523	2.624512	1.072998	0.303955
-0.065613	2.526245	0.935059	0.397644
-0.079346	2.378235	0.776367	0.483398
-0.092163	2.197571	0.605774	0.557861
-0.107422	1.979065	0.436707	0.620728
-0.124817	1.726990	0.273743	0.669861
-0.140991	1.455688	0.119324	0.706482
-0.157776	1.175537	-0.014343	0.732727
-0.172119	0.888062	-0.120850	0.744019
-0.177612	0.598145	-0.216064	0.752258
-0.179749	0.313416	-0.300903	0.751648
-0.177917	0.036316	-0.361633	0.744019
-0.170898	-0.222473	-0.402222	0.733643
-0.155334	-0.462341	-0.427856	0.734253
-0.127563	-0.689087	-0.438538	0.741577
-0.088196	-0.900879	-0.434265	0.761719
-0.038147	-1.099854	-0.422974	0.808105
0.022583	-1.280823	-0.402222	0.877075
0.086365	-1.441650	-0.373535	0.951843
0.149841	-1.585388	-0.335693	1.034851
0.206909	-1.728210	-0.292358	1.130371
0.249939	-1.875305	-0.244141	1.224060
0.283813	-1.997986	-0.191650	1.308594
0.306396	-2.086792	-0.132446	1.387329
0.318909	-2.138977	-0.066833	1.456299
0.317078	-2.149658	0.002136	1.507874
0.300293	-2.113647	0.079041	1.539001
0.268860	-2.024841	0.158691	1.551819
0.228882	-1.892395	0.230408	1.549377
0.182190	-1.729431	0.290527	1.533203
0.120239	-1.534424	0.351257	1.508179
0.058899	-1.313782	0.415649	1.467590
0.005798	-1.082764	0.480652	1.412659
-0.042725	-0.849915	0.536499	1.340637
-0.087585	-0.613403	0.575562	1.245117
-0.126953	-0.390015	0.598145	1.142883
-0.154724	-0.181274	0.608215	1.043701
-0.174866	0.014343	0.616150	0.941467
-0.193176	0.187378	0.624695	0.818176
-0.205383	0.337830	0.636292	0.679932
-0.212097	0.464172	0.653381	0.546875
-0.214233	0.568542	0.674133	0.414429
-0.208435	0.655212	0.697327	0.274963
-0.197449	0.722351	0.715942	0.137634
-0.183411	0.774536	0.735779	0.010376
-0.171204	0.813904	0.761108	-0.114746
-0.159607	0.839233	0.791626	-0.243835
-0.143127	0.848999	0.826111	-0.372620
-0.127258	0.846863	0.860901	-0.492249
-0.117493	0.841370	0.890503	-0.604248
-0.115967	0.840454	0.912170	-0.708008
-0.115662	0.843811	0.919495	-0.807190
-0.114746	0.837097	0.909729	-0.904846
-0.116882	0.819702	0.883789	-1.006775
-0.118103	0.794678	0.842896	-1.109314
-0.119324	0.755005	0.780640	-1.204834
-0.120239	0.693054	0.692749	-1.295471
-0.118408	0.610046	0.581970	-1.383972
-0.114136	0.515442	0.447998	-1.460876
-0.104065	0.411377	0.301208	-1.514587
-0.088196	0.294189	0.140991	-1.537170
-0.067444	0.161438	-0.041504	-1.529541
-0.046997	0.020447	-0.235596	-1.502075
-0.023804	-0.121460	-0.429077	-1.457520
0.002136	-0.265808	-0.623169	-1.386719
0.020752	-0.408630	-0.806885	-1.302490
0.031128	-0.544739	-0.980530	-1.211243
0.042725	-0.658875	-1.133118	-1.109619
0.055542	-0.751343	-1.259460	-0.997620
0.066223	-0.824585	-1.363525	-0.879211
0.073242	-0.874634	-1.448975	-0.759888
0.076904	-0.892334	-1.514587	-0.644531
0.075989	-0.881348	-1.562195	-0.532227
0.075989	-0.852356	-1.596985	-0.416260
0.078430	-0.812988	-1.611328	-0.289612
0.084534	-0.763855	-1.613464	-0.152893
0.094910	-0.703125	-1.610107	-0.008545
0.111084	-0.631409	-1.594238	0.140381
0.134888	-0.552979	-1.559753	0.290222
0.166321	-0.471191	-1.512756	0.435791
0.202637	-0.388794	-1.458740	0.570984
0.232849	-0.305481	-1.387329	0.697327
0.255432	-0.224609	-1.295471	0.811157
0.274963	-0.144348	-1.188660	0.903320
0.292053	-0.062866	-1.071777	0.967102
0.306396	0.017700	-0.940247	1.004639
0.310669	0.087891	-0.792542	1.013489
0.304565	0.138245	-0.632019	0.994263
0.285339	0.169678	-0.469666	0.943604
0.250244	0.187378	-0.303345	0.857239
0.200806	0.187683	-0.136108	0.738525
0.138855	0.166626	0.021057	0.591431
0.076904	0.122070	0.161743	0.418701
0.019836	0.057678	0.293274	0.221863
-0.038452	-0.026550	0.410767	0.006409
-0.104065	-0.127869	0.504761	-0.213318
-0.169678	-0.241394	0.570984	-0.426636
-0.231934	-0.355835	0.616150	-0.629272
-0.289612	-0.458679	0.647888	-0.820923
-0.341797	-0.551147	0.666504	-0.996704
-0.389099	-0.633240	0.674133	-1.141052
-0.429688	-0.699158	0.679321	-1.250916
-0.457153	-0.746155	0.682983	-1.325378
-0.475464	-0.777283	0.685425	-1.364441
-0.484314	-0.789185	0.692749	-1.363220
-0.485535	-0.780334	0.707703	-1.323853
-0.479431	-0.747681	0.729370	-1.253052
-0.468750	-0.697021	0.757751	-1.161194
-0.455627	-0.624390	0.792542	-1.054077
-0.438538	-0.524292	0.834961	-0.930481
-0.415039	-0.399475	0.884399	-0.795288
-0.384216	-0.260010	0.939941	-0.659180
-0.347290	-0.106506	0.998230	-0.524597
-0.303955	0.058899	1.058044	-0.389404
-0.251770	0.229187	1.120605	-0.254517
-0.195313	0.400085	1.184998	-0.117798
-0.133667	0.572815	1.251831	0.019836
-0.064087	0.739746	1.315613	0.155640
0.015259	0.895691	1.367493	0.292358
0.098572	1.032410	1.401367	0.433350
0.177612	1.144104	1.416626	0.580444
0.251160	1.232300	1.408691	0.728455
0.319824	1.290283	1.372986	0.874329
0.380859	1.318970	1.313171	1.005859
0.432434	1.321716	1.239624	1.117859
0.473022	1.287231	1.154175	1.208496
0.500488	1.211548	1.054077	1.272888
0.508728	1.109619	0.943909	1.307678
0.504150	0.988464	0.823669	1.311646
0.485840	0.852356	0.698547	1.286926
0.453186	0.700684	0.561523	1.235352
0.410461	0.546265	0.416870	1.157227
0.359497	0.396118	0.274048	1.052856
0.305481	0.246277	0.130615	0.929260
0.250549	0.093079	-0.019226	0.794983
0.199890	-0.061340	-0.165710	0.653381
0.157166	-0.208435	-0.301819	0.509033
0.121155	-0.341797	-0.436707	0.374756
0.094604	-0.459900	-0.577087	0.251465
0.079041	-0.556641	-0.721436	0.135193
0.070496	-0.630493	-0.857544	0.030518
0.069885	-0.676575	-0.978699	-0.054016
0.070801	-0.697327	-1.077881	-0.118713
0.069885	-0.694580	-1.152649	-0.165710
0.068054	-0.662842	-1.206665	-0.194092
0.064697	-0.601807	-1.246033	-0.204163
0.061646	-0.513611	-1.270142	-0.201111
0.054016	-0.399170	-1.271973	-0.187073
0.037537	-0.261230	-1.249695	-0.165405
0.017700	-0.095520	-1.206360	-0.140991
-0.003662	0.098267	-1.143799	-0.119934
-0.027466	0.308533	-1.068726	-0.109558
-0.057068	0.528870	-0.981445	-0.107727
-0.088196	0.748596	-0.877686	-0.114441
-0.123901	0.967712	-0.757141	-0.130615
-0.159302	1.176147	-0.633545	-0.158997
-0.190125	1.383362	-0.504150	-0.203247
-0.215149	1.580811	-0.375366	-0.255737
-0.232544	1.760864	-0.244141	-0.313416
-0.242004	1.912231	-0.105896	-0.380249
-0.241394	2.029114	0.036011	-0.460815
-0.235596	2.117310	0.173035	-0.546265
-0.230103	2.160339	0.297546	-0.626831
-0.218506	2.156372	0.401001	-0.700378
-0.200806	2.120056	0.486755	-0.765381
-0.172119	2.056580	0.558167	-0.819397
-0.134277	1.968384	0.615540	-0.867004
-0.101013	1.862793	0.651245	-0.914917
-0.076294	1.750793	0.668030	-0.958252
-0.060425	1.632996	0.676270	-0.993958
-0.047302	1.503296	0.671387	-1.013489
-0.040894	1.360168	0.648499	-1.020813
-0.039673	1.209106	0.621033	-1.019897
-0.038147	1.056519	0.596313	-1.008911
-0.038757	0.903931	0.574036	-0.980225
-0.040283	0.751343	0.541992	-0.943604
-0.043030	0.598755	0.496826	-0.902710
-0.045166	0.444031	0.438232	-0.842896
-0.042419	0.288696	0.365601	-0.753784
-0.037231	0.132751	0.286560	-0.645447
-0.031738	-0.024719	0.206604	-0.527344
-0.021057	-0.186157	0.126343	-0.393982
-0.008240	-0.354919	0.040588	-0.241699
0.012512	-0.526733	-0.050659	-0.084229
0.034790	-0.692444	-0.144348	0.071411
0.056458	-0.856934	-0.241394	0.223999
0.077209	-1.016846	-0.339966	0.372925
0.091248	-1.165466	-0.431824	0.506897
0.098877	-1.299744	-0.516663	0.616760
0.101013	-1.418457	-0.600281	0.704346
0.101624	-1.530457	-0.677795	0.769043
0.094910	-1.633301	-0.741272	0.811768
0.080566	-1.717224	-0.794067	0.830383
0.064697	-1.773376	-0.838013	0.824280
0.044556	-1.801758	-0.874634	0.795288
0.025024	-1.805725	-0.903320	0.742493
0.010986	-1.788940	-0.917969	0.670776
0.005188	-1.752319	-0.918579	0.589600
0.003967	-1.696472	-0.898438	0.512695
0.000610	-1.621094	-0.858154	0.441589
-0.001831	-1.528015	-0.799561	0.375366
0.006409	-1.421814	-0.721130	0.321045
0.024109	-1.304626	-0.622253	0.285645
0.050049	-1.178894	-0.505981	0.266724
0.078735	-1.041565	-0.378418	0.255737
0.107727	-0.892639	-0.238037	0.256348
0.136108	-0.731812	-0.082397	0.270386
0.162048	-0.563660	0.087280	0.292358
0.186462	-0.393982	0.266418	0.310974
0.203247	-0.222778	0.448914	0.324707
0.210266	-0.050659	0.625916	0.332642
0.207520	0.122375	0.796814	0.331116
0.195923	0.300293	0.960693	0.315247
0.176697	0.478516	1.113281	0.283813
0.151978	0.654907	1.250916	0.243835
0.122375	0.829773	1.368713	0.195007
0.086670	0.999146	1.461487	0.137939
0.046387	1.158142	1.525574	0.075989
0.010071	1.304321	1.557617	0.009155
-0.022278	1.437683	1.559143	-0.060425
-0.051575	1.556702	1.530762	-0.131531
-0.076599	1.657410	1.471252	-0.206604
-0.096741	1.735535	1.377869	-0.274963
-0.115356	1.787415	1.248474	-0.329590
-0.134277	1.817322	1.088257	-0.372314
-0.148621	1.822205	0.904846	-0.401306
-0.158386	1.793823	0.707397	-0.420837
-0.168457	1.737671	0.507202	-0.430603
-0.178833	1.659851	0.306702	-0.430298
-0.189209	1.556396	0.109863	-0.421143
-0.198669	1.436157	-0.078430	-0.402222
-0.208740	1.307983	-0.251465	-0.375977
-0.216980	1.177673	-0.399475	-0.346069
-0.215759	1.048584	-0.517578	-0.315552
-0.207825	0.922852	-0.616455	-0.273438
-0.192566	0.801392	-0.693359	-0.217896
-0.169067	0.682983	-0.739136	-0.156555
-0.141296	0.568237	-0.750122	-0.089417
-0.108337	0.461121	-0.731201	-0.014038
-0.066223	0.369873	-0.690002	0.065613
-0.015564	0.299377	-0.635376	0.153198
0.044556	0.243835	-0.570374	0.256348
0.113525	0.196533	-0.495300	0.374451
0.188904	0.154114	-0.412903	0.495911
0.264893	0.117188	-0.325317	0.616455
0.335388	0.081177	-0.238342	0.738831
0.399780	0.041504	-0.158386	0.862427
0.457153	0.004578	-0.088806	0.980225
0.503845	-0.031433	-0.025940	1.085815
0.534058	-0.066833	0.027161	1.174622
0.546875	-0.104675	0.068665	1.245728
0.539246	-0.148315	0.100708	1.296387
0.514221	-0.193481	0.122070	1.325378
0.477295	-0.238647	0.130920	1.331482
0.428162	-0.286255	0.132446	1.309204
0.364685	-0.332642	0.125732	1.260986
0.286865	-0.384521	0.110474	1.183167
0.204163	-0.443115	0.086670	1.080627
0.119019	-0.506287	0.053711	0.954285
0.034485	-0.569763	0.014343	0.813293
-0.048523	-0.635986	-0.029602	0.658875
-0.126038	-0.705566	-0.078125	0.496826
-0.199890	-0.776672	-0.128784	0.332947
-0.269470	-0.847168	-0.182190	0.168152
-0.332642	-0.910339	-0.236816	0.010986
-0.387573	-0.964661	-0.290833	-0.134888
-0.435181	-1.006775	-0.341492	-0.264893
-0.471497	-1.037292	-0.382080	-0.381775
-0.493469	-1.054993	-0.412903	-0.489502
-0.505066	-1.059265	-0.433044	-0.585632
-0.512695	-1.048889	-0.438538	-0.668335
-0.518494	-1.022644	-0.427246	-0.739136
-0.520630	-0.975037	-0.399170	-0.801392
-0.516968	-0.906067	-0.354004	-0.854187
-0.503845	-0.820618	-0.289307	-0.899963
-0.484924	-0.720825	-0.206909	-0.940247
-0.460510	-0.607910	-0.106201	-0.976257
-0.433044	-0.486145	0.003967	-1.001892
-0.401306	-0.352478	0.121460	-1.020508
-0.363464	-0.214844	0.240479	-1.033020
-0.323792	-0.077820	0.359192	-1.039124
-0.280762	0.053101	0.472412	-1.040649
-0.234070	0.173950	0.577087	-1.036072
-0.182800	0.284119	0.667114	-1.022644
-0.127258	0.382385	0.740356	-0.999756
-0.071106	0.463867	0.791016	-0.963440
-0.013733	0.524597	0.819092	-0.913391
0.040894	0.563965	0.823975	-0.852051
0.089417	0.584412	0.806274	-0.780334
0.128479	0.586548	0.764465	-0.703125
0.159607	0.567322	0.701904	-0.626831
0.182495	0.528564	0.621643	-0.551147
0.198364	0.472107	0.527954	-0.475159
0.206299	0.397644	0.421143	-0.402527
0.203247	0.313721	0.300293	-0.334778
0.191345	0.227661	0.166931	-0.272522
0.174255	0.140381	0.026550	-0.211182
0.154724	0.053711	-0.117493	-0.151978
0.137024	-0.031433	-0.261230	-0.094910
0.121155	-0.115356	-0.400696	-0.034485
0.106506	-0.195313	-0.537415	0.026245
0.094299	-0.270081	-0.667725	0.090637
0.088806	-0.338440	-0.790710	0.159607
0.090637	-0.398865	-0.903320	0.232849
0.098267	-0.453491	-1.001892	0.310364
0.109253	-0.502930	-1.083679	0.392151
0.123291	-0.542908	-1.148682	0.470581
0.141296	-0.574951	-1.197815	0.542297
0.161743	-0.599060	-1.230774	0.603333
0.182800	-0.616150	-1.246033	0.651550
0.201111	-0.625305	-1.246948	0.686035
0.213623	-0.624390	-1.235046	0.702515
0.220337	-0.612793	-1.208191	0.698547
0.221558	-0.590820	-1.165771	0.671692
0.216370	-0.560608	-1.105042	0.623779
0.205688	-0.527039	-1.026001	0.554810
0.187378	-0.489807	-0.931396	0.464172
0.159607	-0.451050	-0.821228	0.355530
0.129395	-0.408630	-0.699463	0.236511
0.101013	-0.366211	-0.571594	0.116272
0.071716	-0.319824	-0.435181	-0.004883
0.040894	-0.270996	-0.292969	-0.122070
0.011292	-0.215149	-0.145874	-0.237122
-0.015564	-0.157776	-0.000305	-0.340881
-0.040588	-0.103455	0.142822	-0.426636
-0.059509	-0.051575	0.282593	-0.490723
-0.074158	-0.001221	0.417175	-0.533142
-0.085449	0.044861	0.539246	-0.555725
-0.091858	0.088806	0.649719	-0.560913
-0.093384	0.132141	0.749817	-0.547485
-0.094299	0.172729	0.841675	-0.516663
-0.097961	0.217590	0.920105	-0.467529
-0.099792	0.269165	0.987854	-0.407104
-0.099182	0.326843	1.049194	-0.342102
-0.098877	0.393066	1.104736	-0.271912
-0.101013	0.464172	1.151733	-0.195618
-0.102539	0.538635	1.190796	-0.115662
-0.104675	0.616455	1.219788	-0.036011
-0.106201	0.700684	1.239624	0.041199
-0.105286	0.784912	1.254883	0.114441
-0.103149	0.866699	1.265259	0.182190
-0.099792	0.944214	1.265259	0.245667
-0.094604	1.011963	1.253052	0.306091
-0.088501	1.066284	1.225281	0.365295
-0.081787	1.106873	1.178589	0.427551
-0.072632	1.128540	1.113892	0.489502
-0.062256	1.125793	1.034851	0.548401
-0.050354	1.098938	0.941467	0.601501
-0.040588	1.048584	0.830078	0.648499
-0.033875	0.971375	0.703430	0.690308
-0.031738	0.864868	0.570679	0.721130
-0.036621	0.726624	0.429688	0.741577
-0.045776	0.560303	0.286255	0.748901
-0.055542	0.370483	0.138245	0.737915
-0.065613	0.165710	-0.014038	0.711060
-0.076294	-0.048218	-0.169067	0.674438
-0.089722	-0.267029	-0.317078	0.629578
-0.106506	-0.486450	-0.453796	0.573425
-0.121460	-0.699158	-0.575256	0.507507
-0.133362	-0.903015	-0.683899	0.437927
-0.142212	-1.088867	-0.776062	0.367126
-0.143738	-1.251221	-0.853577	0.298767
-0.135803	-1.393433	-0.916138	0.236816
-0.115662	-1.513367	-0.962830	0.182800
-0.085754	-1.609802	-0.993042	0.140381
-0.049133	-1.680603	-1.009521	0.109863
-0.009460	-1.730042	-1.014709	0.091553
0.035095	-1.764832	-1.010742	0.089722
0.081177	-1.772461	-0.999451	0.104065
0.126038	-1.740723	-0.982056	0.131226
0.168457	-1.676331	-0.957947	0.167542
0.207520	-1.583557	-0.930176	0.209045
0.239868	-1.452942	-0.898132	0.255127
0.261536	-1.286316	-0.859985	0.301819
0.273438	-1.096802	-0.815735	0.343628
0.274353	-0.892029	-0.770874	0.381165
0.262146	-0.680847	-0.720215	0.406799
0.238953	-0.465698	-0.659485	0.414734
0.207214	-0.250244	-0.589905	0.409546
0.166626	-0.047302	-0.516663	0.390015
0.122070	0.140076	-0.446167	0.351257
0.078125	0.314026	-0.379639	0.291748
0.032959	0.469971	-0.320129	0.218811
-0.011597	0.600281	-0.263367	0.131226
-0.056152	0.707703	-0.207825	0.020142
-0.097351	0.793152	-0.155334	-0.104675
-0.136414	0.857239	-0.108337	-0.239258
-0.171814	0.895691	-0.074158	-0.383301
-0.200500	0.912476	-0.052185	-0.530396
-0.222778	0.907593	-0.039673	-0.671387
-0.237122	0.883179	-0.037231	-0.805359
-0.245972	0.842896	-0.042114	-0.936584
-0.253601	0.785217	-0.051880	-1.063843
-0.259399	0.713501	-0.065918	-1.181335
-0.261841	0.628662	-0.083923	-1.283264
-0.263672	0.532837	-0.097351	-1.369934
-0.265808	0.437012	-0.101929	-1.446533
-0.260010	0.344849	-0.101318	-1.511841
-0.244751	0.260620	-0.098267	-1.561890
-0.223999	0.186157	-0.090027	-1.593323
-0.195313	0.121765	-0.073242	-1.603699
-0.160828	0.061646	-0.043335	-1.594238
-0.121155	0.006409	-0.001221	-1.562805
-0.079956	-0.040283	0.048828	-1.502686
-0.041504	-0.082397	0.108337	-1.415100
0.003052	-0.123291	0.174866	-1.295471
0.055847	-0.167236	0.243835	-1.140747
0.114746	-0.210876	0.308533	-0.958557
0.173645	-0.252075	0.364380	-0.759277
0.224609	-0.293274	0.404053	-0.544434
0.269775	-0.336304	0.426331	-0.314331
0.310974	-0.381470	0.435791	-0.079041
0.346069	-0.426636	0.434570	0.149231
0.374451	-0.468445	0.423889	0.364685
0.391846	-0.505676	0.403137	0.567627
0.397644	-0.541992	0.369263	0.750732
0.391846	-0.575256	0.324707	0.910339
0.374146	-0.610352	0.271912	1.043091
0.343933	-0.647888	0.211487	1.151123
0.301514	-0.686340	0.148621	1.233826
0.249634	-0.722961	0.086365	1.290894
0.191345	-0.755920	0.024109	1.329041
0.132141	-0.786133	-0.032959	1.347656
0.076904	-0.813904	-0.082703	1.347351
0.029297	-0.833740	-0.126648	1.328735
-0.009766	-0.844116	-0.166931	1.293945
-0.042725	-0.846558	-0.200500	1.249695
-0.068970	-0.841675	-0.227051	1.199341
-0.090637	-0.829163	-0.243835	1.141663
-0.105591	-0.810242	-0.248108	1.076660
-0.116882	-0.785828	-0.238647	1.006775
-0.124512	-0.754395	-0.212708	0.934448
-0.126953	-0.720825	-0.171814	0.860901
-0.125427	-0.688477	-0.119629	0.789795
-0.123291	-0.655823	-0.058289	0.720215
-0.123596	-0.616455	0.013123	0.645447
