2020/1/9 9:24:35 40us
CH1			CH2			CH3			CH4
-0.007935	0.010071	0.010376	-0.003052
-0.008240	0.010376	0.010376	-0.003052
-0.008240	0.010376	0.010376	-0.002747
-0.007935	0.010376	0.010681	-0.003052
-0.007629	0.010071	0.010681	-0.003357
-0.007629	0.010681	0.011292	-0.002747
-0.007935	0.010376	0.010681	-0.002441
-0.007935	0.010071	0.010986	-0.002441
-0.008240	0.010376	0.010681	-0.002747
-0.008240	0.010376	0.010376	-0.002747
-0.008545	0.010376	0.010376	-0.003357
-0.008240	0.010071	0.010376	-0.002441
-0.008240	0.010071	0.010376	-0.003052
-0.007935	0.010071	0.010376	-0.002747
-0.008240	0.010071	0.010376	-0.003357
-0.008545	0.009766	0.010376	-0.003052
-0.007935	0.010071	0.010376	-0.003052
-0.007629	0.010071	0.010681	-0.002747
-0.007935	0.010071	0.010376	-0.003357
-0.007629	0.010376	0.010376	-0.003052
-0.008240	0.010071	0.010071	-0.003052
-0.007935	0.010376	0.010376	-0.003052
-0.008240	0.010071	0.010376	-0.003052
-0.007935	0.010071	0.010071	-0.002441
-0.007629	0.010071	0.010376	-0.003357
-0.007935	0.009155	0.010681	-0.002747
-0.007629	0.009460	0.010376	-0.002747
-0.007935	0.009460	0.010986	-0.002747
-0.007629	0.009766	0.010986	-0.003052
-0.007935	0.009766	0.010376	-0.002747
-0.007935	0.009766	0.010376	-0.003052
-0.007935	0.009766	0.010376	-0.002747
-0.008545	0.009766	0.010376	-0.002747
-0.007935	0.009766	0.010376	-0.003052
-0.007935	0.009155	0.010071	-0.003052
-0.007629	0.010681	0.010071	-0.003052
-0.008240	0.010986	0.010376	-0.003052
-0.008850	0.010681	0.011292	-0.003357
-0.007629	0.011292	0.010071	-0.002747
-0.008240	0.004883	0.010071	-0.002747
-0.006409	0.001831	0.010986	-0.003357
-0.005493	0.010376	0.008545	-0.003662
-0.012512	0.036621	0.011292	-0.004883
-0.020142	0.081482	0.016785	-0.005798
-0.030823	0.072021	0.016174	-0.003662
-0.005188	0.165710	0.011292	0.003052
-0.037842	0.335388	-0.009155	0.013428
-0.087585	0.585327	0.009155	-0.013428
-0.057983	0.810547	-0.020752	-0.002441
-0.041809	0.975342	-0.078125	0.025024
0.013428	1.161804	-0.125732	0.018616
0.117798	1.375122	-0.190125	-0.038757
0.221252	1.569519	-0.260620	-0.109863
0.322266	1.699524	-0.235901	-0.172729
0.410156	1.719055	-0.132751	-0.227661
0.525818	1.642456	0.010986	-0.302429
0.664673	1.438599	0.140076	-0.328979
0.752258	1.137085	0.270081	-0.325317
0.823669	0.758667	0.419922	-0.314636
0.820007	0.314026	0.585938	-0.230713
0.773926	-0.170898	0.758972	-0.108948
0.737305	-0.682983	0.916748	0.061646
0.652466	-1.238403	1.075745	0.284119
0.486450	-1.773071	1.151428	0.552673
0.298767	-2.266541	1.171570	0.806580
0.074768	-2.719421	1.188049	1.022949
-0.141907	-3.116455	1.220093	1.195068
-0.317383	-3.557434	1.286011	1.335754
-0.486145	-4.018860	1.316833	1.423645
-0.614014	-4.414368	1.335754	1.508179
-0.773621	-4.803467	1.338196	1.587219
-0.901794	-5.189819	1.293945	1.562805
-1.022339	-5.508118	1.229248	1.505127
-1.092224	-5.739746	1.126709	1.408081
-1.095581	-5.918884	0.964355	1.259460
-1.071167	-6.014709	0.740356	1.120911
-1.030273	-5.964661	0.487671	0.977478
-0.971680	-5.764160	0.257874	0.827942
-0.891113	-5.445557	-0.010376	0.632019
-0.789185	-5.039368	-0.355835	0.435181
-0.672607	-4.552307	-0.674744	0.256042
-0.559082	-4.023743	-0.970459	0.105896
-0.469055	-3.430176	-1.234741	-0.049133
-0.394592	-2.749023	-1.472778	-0.219116
-0.360107	-2.048645	-1.660461	-0.432739
-0.341187	-1.351929	-1.770020	-0.632629
-0.295410	-0.668640	-1.781006	-0.784302
-0.210266	-0.060120	-1.695557	-0.938416
-0.153198	0.484009	-1.501160	-1.113892
-0.133362	0.973206	-1.248779	-1.294250
-0.118103	1.422424	-0.954895	-1.504211
-0.103760	1.799316	-0.606384	-1.699524
-0.087891	2.072449	-0.228882	-1.862183
-0.064392	2.269897	0.164490	-1.986084
-0.046692	2.456360	0.526733	-2.063904
-0.056152	2.656250	0.820007	-2.128906
-0.071716	2.845459	1.054688	-2.145691
-0.079346	2.984619	1.216125	-2.110901
-0.060730	3.090820	1.296997	-2.028809
-0.036926	3.149719	1.287231	-1.890564
-0.009155	3.190002	1.152344	-1.721191
0.033875	3.228455	0.911560	-1.524353
0.075378	3.257446	0.613098	-1.334534
0.137939	3.309937	0.246277	-1.211853
0.223083	3.329163	-0.168152	-1.149597
0.326233	3.330994	-0.611877	-1.111145
0.423279	3.336182	-1.054382	-1.071777
0.490417	3.332520	-1.467896	-1.023254
0.543213	3.347473	-1.888733	-1.011658
0.587158	3.369751	-2.279663	-1.004333
0.615234	3.394165	-2.617493	-0.961914
0.637512	3.416443	-2.922058	-0.874634
0.641479	3.410339	-3.186035	-0.715637
0.655823	3.363037	-3.411865	-0.499878
0.663452	3.273315	-3.588562	-0.245056
0.655518	3.153687	-3.686218	0.050964
0.646667	3.009949	-3.723145	0.357056
0.643005	2.839050	-3.714294	0.692444
0.650635	2.635498	-3.671265	1.044312
0.662537	2.395020	-3.594055	1.411438
0.653381	2.125854	-3.438721	1.773987
0.633545	1.861572	-3.228149	2.082520
0.609436	1.575623	-2.949524	2.354126
0.578003	1.250305	-2.588806	2.589417
0.548706	0.900269	-2.214966	2.739563
0.500793	0.502930	-1.824646	2.824707
0.446472	0.100403	-1.398621	2.807312
0.389404	-0.297852	-0.961609	2.666626
0.312195	-0.673218	-0.503235	2.415161
0.239868	-1.031189	-0.053406	2.074280
0.166931	-1.382446	0.354309	1.708069
0.095520	-1.705017	0.714111	1.329041
0.008545	-1.986084	1.029053	0.931396
-0.087280	-2.225647	1.318970	0.499878
-0.177307	-2.440491	1.585388	0.042114
-0.267334	-2.608032	1.818237	-0.430908
-0.343933	-2.697144	2.021179	-0.849609
-0.400696	-2.757263	2.196655	-1.179810
-0.439758	-2.799683	2.356262	-1.459045
-0.474243	-2.792969	2.514343	-1.708984
-0.507202	-2.738953	2.679749	-1.923218
-0.537415	-2.656860	2.851563	-2.064819
-0.560608	-2.569275	2.972107	-2.093201
-0.571594	-2.471619	3.046265	-2.023621
-0.580444	-2.383423	3.148804	-1.879883
-0.603027	-2.285461	3.255920	-1.672058
-0.653992	-2.165833	3.352051	-1.422119
-0.720825	-2.016907	3.435059	-1.150818
-0.787964	-1.818237	3.469543	-0.853882
-0.848999	-1.603088	3.449402	-0.499878
-0.910645	-1.375122	3.408813	-0.115356
-0.978088	-1.151428	3.372803	0.242004
-1.029968	-0.917053	3.345032	0.581360
-1.049805	-0.685120	3.286438	0.901184
-1.044617	-0.460205	3.184509	1.195374
-1.002197	-0.235291	3.024292	1.455383
-0.936890	-0.036316	2.821655	1.663818
-0.852966	0.133362	2.582092	1.835938
-0.749512	0.290527	2.301025	1.943970
-0.649109	0.408630	2.001648	1.979675
-0.538940	0.484314	1.674194	1.964417
-0.398560	0.526428	1.289978	1.905212
-0.245056	0.527954	0.877686	1.807861
-0.092468	0.494995	0.450439	1.654053
0.044556	0.419312	0.028076	1.432190
0.156860	0.296021	-0.385742	1.161194
0.232849	0.182495	-0.801086	0.855103
0.256958	0.067444	-1.206360	0.512695
0.261230	-0.053711	-1.582947	0.177307
0.255127	-0.178223	-1.925354	-0.144958
0.223694	-0.294189	-2.231750	-0.449524
0.175781	-0.383606	-2.481995	-0.734558
0.126038	-0.451965	-2.677917	-0.975037
0.087280	-0.500488	-2.829285	-1.150208
0.086060	-0.556641	-2.928772	-1.278687
0.119324	-0.626221	-2.962952	-1.359253
0.184631	-0.689392	-2.948914	-1.387634
0.267334	-0.720825	-2.892456	-1.367493
0.352783	-0.718384	-2.779846	-1.307678
0.431824	-0.668640	-2.629089	-1.204834
0.516052	-0.579529	-2.467957	-1.070251
0.613098	-0.476990	-2.305908	-0.909424
0.703125	-0.339661	-2.142639	-0.733643
0.768433	-0.149841	-1.987305	-0.556030
0.810547	0.092468	-1.861267	-0.400085
0.835266	0.370483	-1.761780	-0.260925
0.833130	0.679016	-1.687622	-0.135498
0.819702	1.016846	-1.660156	-0.042114
0.787354	1.362610	-1.679382	0.024414
0.718384	1.706543	-1.718445	0.046692
0.612793	2.052612	-1.761780	0.015564
0.502930	2.398376	-1.804199	-0.056763
0.412903	2.735291	-1.847229	-0.172119
0.339966	3.035278	-1.889954	-0.311584
0.261536	3.280945	-1.906738	-0.476379
0.187988	3.458557	-1.884766	-0.669861
0.109863	3.585510	-1.809998	-0.890503
0.035706	3.652344	-1.685181	-1.123352
-0.022888	3.660583	-1.513367	-1.353760
-0.070801	3.597412	-1.289978	-1.558838
-0.116577	3.434753	-1.048889	-1.737976
-0.158691	3.190613	-0.791016	-1.885071
-0.207520	2.906189	-0.518188	-2.006836
-0.247192	2.612915	-0.248718	-2.099304
-0.274353	2.285767	0.018921	-2.136841
-0.292664	1.942444	0.275269	-2.130432
-0.292358	1.610413	0.526733	-2.085266
-0.292053	1.295166	0.794678	-2.006226
-0.284119	1.009216	1.065979	-1.924133
-0.283203	0.760193	1.337280	-1.834412
-0.277100	0.541687	1.614380	-1.727295
-0.248718	0.352783	1.906433	-1.615295
-0.204163	0.187988	2.219849	-1.482849
-0.148315	0.040588	2.529907	-1.349487
-0.088196	-0.067749	2.827454	-1.221619
-0.027466	-0.138855	3.094482	-1.073303
0.041199	-0.188293	3.312378	-0.882568
0.114441	-0.233154	3.490906	-0.648804
0.187988	-0.264282	3.611450	-0.376892
0.260315	-0.295105	3.669128	-0.054626
0.303955	-0.341797	3.671570	0.309448
0.325317	-0.389404	3.605042	0.694580
0.336304	-0.427551	3.468018	1.095886
0.334473	-0.475159	3.267822	1.514282
0.318604	-0.539551	3.001404	1.926270
0.277710	-0.624695	2.691040	2.333984
0.212708	-0.718384	2.347717	2.723694
0.133057	-0.823059	1.972656	3.078308
0.044556	-0.948486	1.593323	3.383789
-0.048523	-1.099548	1.225891	3.627930
-0.138245	-1.267700	0.878906	3.800964
-0.225220	-1.465454	0.555420	3.908691
-0.305176	-1.672668	0.254822	3.953247
-0.377197	-1.866455	-0.018311	3.942261
-0.435181	-2.060547	-0.253296	3.882446
-0.473633	-2.249756	-0.451050	3.777771
-0.489502	-2.417297	-0.621948	3.641663
-0.491943	-2.544250	-0.759277	3.473206
-0.483704	-2.622986	-0.859070	3.280945
-0.473938	-2.648621	-0.921326	3.092957
-0.449829	-2.615662	-0.963745	2.894287
-0.412598	-2.547302	-0.974731	2.673950
-0.362244	-2.459106	-0.961609	2.435913
-0.294495	-2.343140	-0.950317	2.201538
-0.215149	-2.208862	-0.924683	1.978455
-0.135498	-2.052002	-0.875549	1.748657
-0.062866	-1.858521	-0.802002	1.491089
0.006714	-1.640930	-0.697937	1.206665
0.075073	-1.404724	-0.581055	0.914001
0.137939	-1.154175	-0.440979	0.622559
0.184937	-0.889893	-0.288391	0.317688
0.217896	-0.608215	-0.129089	-0.010376
0.230713	-0.308533	0.027161	-0.340271
0.219421	0.015259	0.174866	-0.682678
0.186768	0.351563	0.307007	-1.007080
0.146790	0.678711	0.411682	-1.291809
0.099182	0.990601	0.490417	-1.548157
0.026245	1.285706	0.532532	-1.771240
-0.052795	1.576538	0.537109	-1.966248
-0.118408	1.844177	0.503540	-2.128296
-0.166321	2.070007	0.427246	-2.245789
-0.184021	2.249146	0.296631	-2.337646
-0.177917	2.385864	0.126343	-2.398071
-0.161133	2.503357	-0.072327	-2.417297
-0.144348	2.603149	-0.291443	-2.413025
-0.116882	2.663574	-0.513306	-2.402039
-0.073242	2.684021	-0.736389	-2.383118
-0.014038	2.663269	-0.964050	-2.349548
0.053406	2.607117	-1.180420	-2.294922
0.111389	2.533875	-1.378784	-2.230225
0.155640	2.458191	-1.552124	-2.159729
0.196228	2.386475	-1.693420	-2.095032
0.241089	2.321777	-1.801453	-2.040100
0.280762	2.267151	-1.873169	-1.974792
0.308228	2.228394	-1.910400	-1.897888
0.332336	2.198792	-1.924744	-1.814575
0.358582	2.167053	-1.920166	-1.727905
0.383911	2.128906	-1.896057	-1.640625
0.421143	2.076416	-1.845093	-1.549072
0.477295	2.002258	-1.748657	-1.437683
0.542603	1.898804	-1.622925	-1.317139
0.609436	1.755981	-1.480408	-1.204529
0.680542	1.558533	-1.318665	-1.092834
0.753174	1.300964	-1.134949	-0.979004
0.823059	0.989075	-0.929260	-0.865173
0.881348	0.630493	-0.717468	-0.773315
0.920105	0.224915	-0.496521	-0.693054
0.934143	-0.210571	-0.284119	-0.592957
0.916443	-0.662231	-0.104980	-0.490112
0.869446	-1.105652	0.042114	-0.399170
0.800476	-1.519165	0.167236	-0.328369
0.709534	-1.895447	0.269775	-0.281067
0.594482	-2.246094	0.344543	-0.246277
0.458679	-2.564697	0.375977	-0.210266
0.310364	-2.847290	0.371094	-0.153503
0.164185	-3.091431	0.348511	-0.081482
0.011597	-3.312683	0.314026	-0.013733
-0.139771	-3.518982	0.265808	0.047913
-0.277710	-3.676453	0.212097	0.111389
-0.400085	-3.775940	0.152893	0.190125
-0.503845	-3.828430	0.078735	0.295410
-0.575867	-3.833618	0.007935	0.415039
-0.628052	-3.772583	-0.038147	0.538940
-0.667114	-3.630981	-0.050964	0.673523
-0.687561	-3.431396	-0.041809	0.829163
-0.690002	-3.188782	-0.037842	1.019897
-0.672302	-2.897949	-0.028076	1.233215
-0.643616	-2.577209	0.015259	1.453857
-0.623474	-2.233887	0.106506	1.689758
-0.615234	-1.869812	0.234985	1.924744
-0.612488	-1.479187	0.374146	2.130432
-0.607300	-1.064148	0.512390	2.314148
-0.594788	-0.656738	0.638733	2.485046
-0.579529	-0.266418	0.779724	2.620239
-0.569153	0.118713	0.966492	2.690430
-0.565491	0.494690	1.198425	2.694092
-0.561523	0.837402	1.450500	2.640991
-0.552368	1.129456	1.687012	2.534180
-0.538025	1.393127	1.911011	2.381287
-0.516052	1.603088	2.120361	2.207031
-0.492554	1.773987	2.312317	2.006226
-0.466003	1.914368	2.481995	1.789246
-0.428772	2.022400	2.626343	1.564941
-0.390015	2.087402	2.720337	1.343994
-0.335999	2.103271	2.751465	1.130066
-0.278015	2.070618	2.735596	0.920410
-0.237122	2.005920	2.685242	0.713196
-0.199585	1.918030	2.583618	0.504456
-0.167847	1.814575	2.420654	0.298157
-0.133972	1.710815	2.215881	0.104370
-0.095215	1.603699	1.974792	-0.076599
-0.062866	1.480713	1.697693	-0.254517
-0.032043	1.338196	1.403198	-0.433655
-0.015869	1.193542	1.110535	-0.600891
-0.014343	1.063232	0.818481	-0.742188
-0.003357	0.956421	0.530701	-0.847168
0.021057	0.868835	0.261536	-0.914612
0.069275	0.795898	0.010986	-0.942078
0.135498	0.735779	-0.230103	-0.944519
0.210571	0.684204	-0.469666	-0.910034
0.293884	0.645142	-0.694885	-0.825195
0.369263	0.624390	-0.892944	-0.689697
0.435791	0.616760	-1.064758	-0.511475
0.498352	0.623779	-1.220093	-0.303955
0.554810	0.653381	-1.359863	-0.073547
0.604248	0.705261	-1.490173	0.171814
0.651855	0.771484	-1.602783	0.415649
0.691833	0.834961	-1.695557	0.652771
0.718689	0.899963	-1.765137	0.874329
0.741882	0.965271	-1.806946	1.059875
0.759888	1.008301	-1.838379	1.189880
0.764771	1.018982	-1.867676	1.263428
0.751343	0.996399	-1.882324	1.277466
0.715942	0.951233	-1.871643	1.219177
0.658875	0.889893	-1.834412	1.089172
0.593567	0.818176	-1.783142	0.894775
0.538635	0.736694	-1.714478	0.649719
0.491943	0.645752	-1.629639	0.364380
0.438538	0.548706	-1.535950	0.043030
0.379639	0.453491	-1.429138	-0.311890
0.320129	0.372620	-1.308289	-0.689392
0.261230	0.300598	-1.171265	-1.072388
0.211182	0.219727	-1.016235	-1.435852
0.168457	0.129089	-0.848083	-1.755066
0.137939	0.038452	-0.677795	-2.025757
0.106506	-0.031128	-0.518799	-2.255859
0.068054	-0.082703	-0.368652	-2.448120
0.026855	-0.126343	-0.233459	-2.596436
-0.012817	-0.172424	-0.112915	-2.682190
-0.046692	-0.223694	0.002747	-2.696838
-0.087585	-0.274353	0.135193	-2.650452
-0.139160	-0.308228	0.281372	-2.556458
-0.195007	-0.318909	0.420227	-2.424011
-0.253296	-0.314636	0.560913	-2.259216
-0.312195	-0.289612	0.697937	-2.061157
-0.368042	-0.237122	0.833130	-1.833801
-0.425720	-0.161133	0.962524	-1.589050
-0.490723	-0.047913	1.088867	-1.341858
-0.560303	0.091553	1.206360	-1.091309
-0.620728	0.249634	1.295166	-0.830994
-0.668945	0.411377	1.365051	-0.570374
-0.702515	0.574036	1.415100	-0.305176
-0.719299	0.732117	1.434326	-0.041504
-0.720825	0.877380	1.421814	0.202942
-0.707703	1.011963	1.380920	0.432739
-0.698242	1.116638	1.308594	0.649109
-0.686340	1.176453	1.195068	0.844421
-0.659485	1.176147	1.050720	0.999451
-0.620422	1.134338	0.889893	1.129761
-0.583496	1.051025	0.712891	1.231384
-0.545044	0.919189	0.524902	1.306763
-0.490723	0.736084	0.334167	1.358032
-0.452271	0.509644	0.151062	1.381226
-0.440674	0.262146	-0.026245	1.385803
-0.428772	-0.010986	-0.185547	1.365051
-0.414429	-0.295105	-0.316162	1.327820
-0.407410	-0.581970	-0.407104	1.290894
-0.402527	-0.855103	-0.449829	1.259766
-0.381470	-1.106262	-0.452576	1.234131
-0.356140	-1.333923	-0.423584	1.220398
-0.335083	-1.547546	-0.370483	1.212463
-0.293579	-1.745605	-0.287781	1.210327
-0.245056	-1.916809	-0.187073	1.221924
-0.192871	-2.052612	-0.080261	1.244812
-0.121460	-2.160645	0.035095	1.264038
-0.042725	-2.242737	0.165710	1.277466
0.036621	-2.309570	0.290527	1.302490
0.126953	-2.368774	0.393372	1.336670
0.216064	-2.405701	0.477905	1.363831
0.288391	-2.404785	0.542297	1.387634
0.351868	-2.369385	0.588684	1.398926
0.413818	-2.298584	0.614624	1.385803
0.462952	-2.183533	0.621338	1.355896
0.493469	-2.025757	0.594788	1.314087
0.518494	-1.828308	0.521851	1.257019
0.530701	-1.597595	0.416565	1.175232
0.520325	-1.344910	0.295410	1.072083
0.496521	-1.064453	0.164795	0.954285
0.462646	-0.771179	0.029907	0.827942
0.407410	-0.469971	-0.115967	0.679321
0.337524	-0.163879	-0.256348	0.507813
0.269775	0.117188	-0.380554	0.321655
0.205994	0.375977	-0.494995	0.129089
0.151062	0.611572	-0.592346	-0.048828
0.104980	0.816650	-0.664368	-0.223999
0.072632	0.992432	-0.714722	-0.400085
0.042419	1.135864	-0.759888	-0.577393
0.016479	1.258240	-0.785828	-0.754089
-0.007324	1.364136	-0.775452	-0.939636
-0.032959	1.428223	-0.745239	-1.128235
-0.042419	1.468201	-0.690918	-1.293335
-0.028992	1.494751	-0.598450	-1.429138
-0.003662	1.526794	-0.486145	-1.548157
0.036011	1.571350	-0.361633	-1.655884
0.092163	1.614380	-0.203552	-1.744080
0.145874	1.648254	-0.017700	-1.823730
0.189209	1.697693	0.175476	-1.900635
0.234070	1.762085	0.381775	-1.966248
0.282898	1.839600	0.613708	-2.020264
0.322876	1.939697	0.840149	-2.067871
0.373230	2.055664	1.054993	-2.113647
0.442200	2.162476	1.262817	-2.147827
0.502625	2.267456	1.434326	-2.162476
0.549011	2.375183	1.554260	-2.155457
0.593872	2.459717	1.636963	-2.124329
0.614319	2.509460	1.683655	-2.063293
0.606384	2.522278	1.683960	-1.960449
0.595093	2.483826	1.642151	-1.810913
0.578308	2.387695	1.556396	-1.631165
0.540161	2.239075	1.418152	-1.412964
0.494385	2.042236	1.232910	-1.154785
0.447083	1.813660	1.011658	-0.879211
0.378113	1.563721	0.756836	-0.589905
0.289307	1.299133	0.466614	-0.292358
0.196228	1.014099	0.163269	-0.004578
0.088501	0.708923	-0.129089	0.260315
-0.035400	0.405273	-0.424194	0.514526
-0.151367	0.097351	-0.717163	0.754395
-0.258179	-0.215149	-0.977478	0.964355
-0.372009	-0.521240	-1.208191	1.149902
-0.472107	-0.822449	-1.422424	1.311035
-0.549316	-1.105957	-1.611023	1.443787
-0.614014	-1.362610	-1.771851	1.550598
-0.661011	-1.585999	-1.920471	1.633301
-0.682678	-1.784668	-2.047424	1.694336
-0.687256	-1.958923	-2.138672	1.738892
-0.671387	-2.094727	-2.208862	1.781921
-0.631714	-2.190552	-2.255249	1.814575
-0.570374	-2.254333	-2.267761	1.828918
-0.497131	-2.289734	-2.261047	1.822205
-0.422974	-2.299805	-2.232056	1.797791
-0.359802	-2.299805	-2.156067	1.766357
-0.310059	-2.290344	-2.039490	1.720886
-0.256348	-2.250977	-1.888428	1.661682
-0.199280	-2.188721	-1.680908	1.598816
-0.145569	-2.115784	-1.426086	1.531677
-0.103149	-2.013550	-1.145020	1.450500
-0.073242	-1.881104	-0.837708	1.350098
-0.049744	-1.746521	-0.505676	1.208801
-0.047607	-1.609802	-0.173035	1.021118
-0.061951	-1.475830	0.155029	0.821838
-0.089111	-1.356201	0.494995	0.614624
-0.127869	-1.244507	0.822754	0.389709
-0.174561	-1.141052	1.108398	0.157776
-0.233154	-1.040955	1.354675	-0.070496
-0.292053	-0.937195	1.558533	-0.288391
-0.345154	-0.842285	1.705933	-0.490112
-0.390625	-0.769958	1.800232	-0.680237
-0.428162	-0.714417	1.844177	-0.877075
-0.457764	-0.661926	1.839905	-1.081848
-0.482483	-0.604858	1.793518	-1.273193
-0.490723	-0.549622	1.707458	-1.441040
-0.471802	-0.503235	1.586304	-1.579285
-0.431213	-0.459290	1.434937	-1.668701
-0.387268	-0.405884	1.251221	-1.709900
-0.343323	-0.350647	1.062317	-1.726990
-0.304260	-0.290527	0.869751	-1.731262
-0.272827	-0.218811	0.664673	-1.708069
-0.237732	-0.144958	0.466919	-1.667175
-0.198364	-0.058899	0.292358	-1.615906
-0.151062	0.044861	0.132141	-1.550598
-0.091553	0.156250	-0.026245	-1.474304
-0.030518	0.287781	-0.160217	-1.405945
0.030518	0.424500	-0.262451	-1.345215
0.092468	0.539551	-0.343323	-1.290588
0.150757	0.624695	-0.411682	-1.234436
0.214844	0.678711	-0.469666	-1.178894
0.273132	0.723877	-0.500183	-1.130066
0.331116	0.755310	-0.508728	-1.077271
0.405884	0.747375	-0.509338	-1.011658
0.493164	0.708923	-0.500793	-0.924072
0.577393	0.651550	-0.486145	-0.833740
0.661926	0.550842	-0.465393	-0.756836
0.745239	0.425720	-0.440369	-0.684204
0.810242	0.291443	-0.406799	-0.621033
0.847778	0.144958	-0.388184	-0.581665
0.863647	-0.007935	-0.389404	-0.574646
0.859375	-0.149841	-0.389709	-0.581970
0.840454	-0.273132	-0.393677	-0.582581
0.813904	-0.388489	-0.414124	-0.587769
0.783691	-0.492554	-0.452881	-0.603333
0.734863	-0.585327	-0.490112	-0.616760
0.656738	-0.655823	-0.533142	-0.628357
0.573425	-0.715027	-0.588074	-0.639648
0.490112	-0.780334	-0.658569	-0.649414
0.411072	-0.836182	-0.746155	-0.654602
0.351563	-0.867920	-0.848694	-0.643616
0.300903	-0.869751	-0.951843	-0.593262
0.260315	-0.840759	-1.050720	-0.509033
0.221252	-0.778809	-1.136169	-0.406799
0.186768	-0.682983	-1.201782	-0.280762
0.152588	-0.542908	-1.256104	-0.120239
0.116577	-0.368347	-1.300964	0.061035
0.076294	-0.160217	-1.316528	0.256042
0.032043	0.065002	-1.278992	0.468140
-0.011597	0.295410	-1.199951	0.689697
-0.047302	0.545654	-1.105347	0.911865
-0.075378	0.809326	-0.987854	1.116638
-0.112000	1.063232	-0.848389	1.290894
-0.174255	1.299133	-0.697632	1.438293
-0.254517	1.513062	-0.538330	1.570740
-0.330811	1.710815	-0.372009	1.670532
-0.405579	1.908875	-0.204468	1.725464
-0.472412	2.080383	-0.040283	1.737976
-0.525513	2.197571	0.121765	1.714478
-0.568237	2.261047	0.278625	1.661377
-0.606995	2.291565	0.439453	1.578369
-0.642700	2.298889	0.603333	1.459045
-0.675049	2.280884	0.760498	1.304321
-0.701294	2.232361	0.905762	1.133118
-0.721436	2.156372	1.041565	0.966797
-0.733643	2.048035	1.175232	0.799866
-0.728149	1.896362	1.279297	0.636292
-0.707092	1.709900	1.341858	0.482483
-0.673828	1.504211	1.385803	0.342407
-0.627136	1.278381	1.420288	0.218811
-0.590820	1.031494	1.440125	0.113220
-0.568237	0.766602	1.437073	-0.002441
-0.556641	0.491333	1.408386	-0.133667
-0.547485	0.216064	1.360168	-0.240479
-0.528259	-0.049133	1.312561	-0.317993
-0.504456	-0.292969	1.278687	-0.375061
-0.484924	-0.522766	1.247253	-0.418396
-0.461121	-0.729675	1.217346	-0.429688
-0.436096	-0.912781	1.179504	-0.403137
-0.405579	-1.062012	1.134338	-0.355835
-0.367126	-1.194153	1.083679	-0.281067
-0.309753	-1.328430	1.028137	-0.169678
-0.235596	-1.436768	0.964050	-0.026245
-0.149536	-1.515503	0.897522	0.148621
-0.062256	-1.576233	0.811768	0.342712
0.028381	-1.625671	0.694580	0.550537
0.125122	-1.668396	0.561218	0.765686
0.204773	-1.686707	0.421753	0.991211
0.269165	-1.678162	0.264893	1.217957
0.328674	-1.660156	0.090942	1.418762
0.375671	-1.637573	-0.099487	1.580200
0.416565	-1.613770	-0.287170	1.688538
0.441284	-1.606750	-0.466919	1.737671
0.455627	-1.620789	-0.646362	1.722107
0.459290	-1.648560	-0.820313	1.646729
0.429077	-1.670227	-0.985107	1.511536
0.389404	-1.682129	-1.137085	1.322021
0.358276	-1.690369	-1.278687	1.089783
0.329285	-1.708069	-1.395569	0.820313
0.295410	-1.726685	-1.489868	0.512085
0.263977	-1.739502	-1.561584	0.173340
0.238953	-1.745605	-1.604919	-0.165405
0.220642	-1.733704	-1.613770	-0.492859
0.213623	-1.707458	-1.595154	-0.816040
0.214844	-1.657104	-1.539307	-1.127930
0.223083	-1.580505	-1.452026	-1.414185
0.230103	-1.499634	-1.350098	-1.675720
0.233459	-1.409912	-1.225891	-1.901245
0.246277	-1.297607	-1.085815	-2.086182
0.259399	-1.159058	-0.940552	-2.236633
0.255737	-1.000061	-0.787964	-2.348328
0.242920	-0.826721	-0.621643	-2.418518
0.230713	-0.643311	-0.446472	-2.447815
0.217896	-0.447083	-0.288696	-2.437134
0.209045	-0.242310	-0.140076	-2.398071
0.200500	-0.020142	0.008850	-2.335205
0.190735	0.219116	0.152588	-2.249756
0.169373	0.464478	0.277405	-2.149963
0.142822	0.718689	0.386353	-2.030640
0.111694	0.988159	0.481262	-1.896667
0.077209	1.273804	0.559692	-1.756287
0.040894	1.571045	0.618286	-1.611938
0.008850	1.871338	0.664673	-1.459961
-0.020142	2.153931	0.696411	-1.293945
-0.048523	2.406006	0.697937	-1.099854
-0.064697	2.616272	0.665894	-0.892639
-0.079041	2.783508	0.603943	-0.690918
-0.103760	2.906799	0.509644	-0.495300
-0.132751	2.972717	0.389404	-0.308533
-0.158386	2.980042	0.244141	-0.132141
-0.180054	2.941895	0.077820	0.037537
-0.199585	2.841797	-0.097656	0.196228
-0.224609	2.669983	-0.270691	0.343018
-0.258789	2.450562	-0.442505	0.487976
-0.299072	2.196350	-0.606079	0.623779
-0.333862	1.917114	-0.751343	0.743103
-0.358276	1.626892	-0.867615	0.851135
-0.367737	1.328735	-0.939636	0.945129
-0.378723	1.032410	-0.958252	1.027832
-0.381165	0.743103	-0.934143	1.099854
-0.373230	0.454407	-0.884399	1.170044
-0.359802	0.173645	-0.809937	1.244812
-0.327759	-0.089111	-0.711670	1.319885
-0.276184	-0.323486	-0.596008	1.405334
-0.209351	-0.535278	-0.460815	1.496887
-0.133362	-0.734863	-0.314026	1.587219
-0.054321	-0.925598	-0.169983	1.680908
0.027771	-1.101685	-0.032043	1.777649
0.113831	-1.264038	0.107117	1.867981
0.196228	-1.412354	0.242920	1.939697
0.267639	-1.548767	0.377808	1.995544
0.323486	-1.684265	0.504150	2.044983
0.359192	-1.818542	0.618896	2.083740
0.376892	-1.932373	0.723877	2.113342
0.376587	-2.025146	0.816650	2.131042
0.361633	-2.089844	0.888977	2.130127
0.333252	-2.129822	0.943298	2.114258
0.294495	-2.139893	0.979614	2.086487
0.240173	-2.112732	0.994263	2.051392
0.182495	-2.053223	0.993652	2.002258
0.112610	-1.971741	0.981750	1.940308
0.030518	-1.869812	0.964966	1.864014
-0.048523	-1.766052	0.941772	1.773376
-0.125122	-1.658020	0.909424	1.672974
-0.195007	-1.540222	0.860901	1.560364
-0.253906	-1.437378	0.791016	1.430054
-0.307007	-1.347046	0.711670	1.282043
-0.354919	-1.253967	0.629578	1.125183
-0.395508	-1.160889	0.560303	0.958252
-0.422363	-1.078491	0.498962	0.774536
-0.438232	-1.000671	0.449219	0.583801
-0.435791	-0.929871	0.412292	0.397949
-0.415649	-0.856323	0.381470	0.213013
-0.389709	-0.768127	0.353088	0.023499
-0.355835	-0.669861	0.334167	-0.157471
-0.315857	-0.562134	0.339355	-0.329285
-0.270081	-0.432434	0.364380	-0.501709
-0.218506	-0.278015	0.413513	-0.672913
-0.171204	-0.108948	0.491028	-0.842896
-0.122986	0.067444	0.586548	-1.006165
-0.075684	0.252380	0.697632	-1.164246
-0.032654	0.442200	0.820007	-1.309204
0.014038	0.629578	0.942993	-1.450500
0.057983	0.812683	1.049500	-1.591797
0.095215	0.985718	1.130676	-1.728821
0.128174	1.133118	1.194153	-1.849365
0.157776	1.240234	1.241150	-1.943359
0.187683	1.305237	1.247864	-2.009888
0.216675	1.335144	1.199646	-2.045593
0.242920	1.326294	1.108398	-2.049255
0.262146	1.283264	0.980835	-2.023315
0.279846	1.203308	0.813599	-1.972351
0.303040	1.091003	0.614319	-1.892700
0.311890	0.965576	0.389404	-1.790161
0.300293	0.832520	0.136414	-1.674194
0.285645	0.699463	-0.137634	-1.548157
0.275269	0.562134	-0.411377	-1.422424
0.259399	0.417480	-0.688171	-1.294861
0.228577	0.288696	-0.974731	-1.158447
0.196533	0.173950	-1.257935	-1.014404
0.176392	0.069275	-1.523132	-0.870972
0.157166	-0.014954	-1.764832	-0.729675
0.142212	-0.081787	-1.983032	-0.599365
0.133667	-0.138550	-2.181702	-0.478210
0.117493	-0.185547	-2.366943	-0.347900
0.100708	-0.225830	-2.529907	-0.204468
0.096436	-0.258789	-2.665100	-0.061340
0.094604	-0.280457	-2.777710	0.072937
0.093994	-0.281982	-2.858276	0.211182
0.100708	-0.267639	-2.895813	0.363159
0.106506	-0.252991	-2.890625	0.503845
0.104675	-0.223389	-2.849731	0.630798
0.109558	-0.177612	-2.768860	0.748901
0.125732	-0.133972	-2.636414	0.859985
0.134888	-0.094604	-2.469788	0.954590
0.135193	-0.053406	-2.270813	1.040649
0.135498	-0.007019	-2.029419	1.095581
0.134277	0.031738	-1.753540	1.102600
0.128784	0.064087	-1.466064	1.072083
0.116882	0.088196	-1.158142	1.013489
0.090332	0.094910	-0.830994	0.928345
0.043640	0.098572	-0.508423	0.816345
-0.003357	0.095215	-0.200806	0.674744
-0.047607	0.075378	0.106506	0.502930
-0.097351	0.042114	0.401917	0.311890
-0.154419	0.000916	0.662842	0.109558
-0.211182	-0.052795	0.904846	-0.098877
-0.272522	-0.116577	1.132202	-0.304260
-0.332336	-0.182495	1.321106	-0.505676
-0.386047	-0.241699	1.465149	-0.697937
-0.431824	-0.297546	1.579590	-0.863037
-0.475769	-0.360107	1.669006	-0.989075
-0.510864	-0.420227	1.718750	-1.080322
-0.529785	-0.473022	1.739807	-1.135864
-0.534973	-0.516968	1.754761	-1.154480
-0.535889	-0.542603	1.767578	-1.133728
-0.536499	-0.552673	1.779785	-1.077576
-0.535583	-0.555115	1.792603	-0.993652
-0.526733	-0.543823	1.810608	-0.883179
-0.510864	-0.509949	1.831055	-0.751343
-0.497437	-0.456238	1.844482	-0.608826
-0.481567	-0.386963	1.850891	-0.455627
-0.455017	-0.302429	1.860046	-0.290833
-0.421143	-0.204773	1.872864	-0.125427
-0.384827	-0.097656	1.870117	0.032654
-0.340271	0.010376	1.842651	0.186157
-0.285645	0.118103	1.801758	0.332947
-0.213623	0.218811	1.755371	0.473328
-0.129395	0.295715	1.705017	0.608826
-0.045471	0.344238	1.641235	0.739441
0.039978	0.374756	1.562805	0.860291
0.132141	0.395813	1.466980	0.953979
0.223083	0.404358	1.359253	1.018372
0.298462	0.395203	1.246643	1.058960
0.358887	0.371704	1.134033	1.081238
0.411377	0.340576	1.018677	1.087341
0.455627	0.288696	0.895691	1.072388
0.487671	0.217285	0.765076	1.030579
0.507202	0.138855	0.638428	0.967102
0.513611	0.043945	0.517578	0.880127
0.500793	-0.071716	0.390320	0.767822
0.475769	-0.183411	0.257874	0.637512
0.449219	-0.279846	0.126953	0.499878
0.419617	-0.372009	-0.003357	0.357971
0.377502	-0.466919	-0.139771	0.213623
0.334473	-0.558472	-0.271606	0.077820
0.298767	-0.633850	-0.392456	-0.042114
0.270996	-0.687256	-0.519714	-0.156250
0.254517	-0.722351	-0.653687	-0.259705
0.247803	-0.727234	-0.779114	-0.340576
0.248413	-0.696106	-0.884399	-0.393982
0.252380	-0.638428	-0.986328	-0.421448
0.255432	-0.554199	-1.087036	-0.419617
0.266418	-0.428772	-1.171265	-0.390320
0.288391	-0.265503	-1.235352	-0.341797
0.303650	-0.072937	-1.286926	-0.275574
0.310059	0.143738	-1.325989	-0.193787
0.309143	0.388794	-1.352234	-0.106812
0.296326	0.653687	-1.369629	-0.026245
0.272827	0.935364	-1.380310	0.042419
0.233765	1.215515	-1.374512	0.093994
0.184021	1.491089	-1.349792	0.134277
0.130920	1.758728	-1.314697	0.162048
0.072632	2.012024	-1.263428	0.172424
0.002441	2.244263	-1.190186	0.155640
-0.071106	2.455750	-1.102295	0.108032
-0.140686	2.640381	-1.007690	0.032349
-0.206604	2.793579	-0.907898	-0.065002
-0.265503	2.914429	-0.805054	-0.180664
-0.314331	2.999268	-0.695190	-0.305481
-0.348206	3.027649	-0.576782	-0.433044
-0.370178	3.000183	-0.461121	-0.559998
-0.387878	2.938232	-0.345459	-0.681763
-0.390930	2.843018	-0.227661	-0.795288
-0.374146	2.713928	-0.120544	-0.901489
-0.356140	2.558289	-0.033875	-1.003113
-0.340881	2.387085	0.047913	-1.101379
-0.323792	2.205200	0.130615	-1.203308
-0.307617	2.014771	0.190735	-1.295471
-0.293579	1.813354	0.238342	-1.376343
-0.275879	1.603394	0.292664	-1.448059
-0.258789	1.395264	0.351563	-1.501160
-0.246887	1.187744	0.410461	-1.526489
-0.229187	0.970764	0.469971	-1.533813
-0.201111	0.751648	0.523376	-1.525574
-0.169067	0.541687	0.559998	-1.485291
-0.139465	0.340576	0.587769	-1.408081
-0.110168	0.143738	0.616455	-1.295166
-0.074463	-0.042419	0.650024	-1.146545
-0.031128	-0.217590	0.681458	-0.960999
0.011902	-0.386353	0.712891	-0.738220
0.050354	-0.545349	0.738525	-0.483704
0.083313	-0.694580	0.740967	-0.202637
0.118408	-0.842590	0.718079	0.089722
0.154114	-0.999146	0.681152	0.381165
0.180359	-1.149292	0.631714	0.664368
0.198975	-1.288147	0.562134	0.925598
0.216064	-1.423340	0.477600	1.159973
0.220337	-1.552734	0.381165	1.371155
0.205383	-1.676636	0.268555	1.557922
0.186157	-1.799316	0.139771	1.705017
0.170288	-1.925659	-0.003357	1.810303
0.147400	-2.043457	-0.158997	1.867981
0.117188	-2.138977	-0.317383	1.875916
0.093689	-2.218628	-0.462646	1.831665
0.075989	-2.283630	-0.588989	1.740417
0.054321	-2.325439	-0.691223	1.622620
0.026550	-2.337952	-0.769348	1.480408
-0.002747	-2.321472	-0.821533	1.316528
-0.028076	-2.286682	-0.848083	1.150208
-0.041504	-2.239075	-0.846252	0.992126
-0.040283	-2.179565	-0.811768	0.831909
-0.033875	-2.105713	-0.755005	0.671082
-0.025635	-2.018738	-0.676880	0.517273
-0.008240	-1.920166	-0.571899	0.369873
0.013428	-1.809692	-0.435486	0.234070
0.037842	-1.683655	-0.272217	0.116577
0.058899	-1.537170	-0.089111	0.013733
0.075378	-1.373291	0.101929	-0.075989
0.087585	-1.191711	0.292053	-0.156860
0.095520	-0.996094	0.481873	-0.239258
0.094604	-0.778503	0.675964	-0.327454
0.084839	-0.541992	0.862732	-0.407410
0.071411	-0.276489	1.041565	-0.473328
0.058289	0.005493	1.201477	-0.529175
0.042725	0.299072	1.340942	-0.584106
0.025635	0.596619	1.458435	-0.634766
0.011292	0.884399	1.545105	-0.679626
-0.001526	1.159058	1.595154	-0.720825
-0.010071	1.428223	1.607971	-0.753174
-0.008545	1.688843	1.584778	-0.771484
-0.001221	1.925964	1.522522	-0.776367
0.005188	2.144165	1.414185	-0.771790
0.010376	2.345886	1.266785	-0.752563
0.014038	2.516479	1.093140	-0.722656
0.016479	2.637329	0.894165	-0.683594
0.018311	2.706299	0.672607	-0.633240
0.012817	2.727356	0.440674	-0.574341
-0.001526	2.695313	0.207214	-0.508423
-0.020752	2.629395	-0.028687	-0.438843
-0.043945	2.548218	-0.256348	-0.370483
-0.061340	2.449951	-0.466003	-0.307617
-0.073242	2.335510	-0.663452	-0.240479
-0.081177	2.203674	-0.839539	-0.159302
-0.088196	2.059937	-0.981750	-0.068054
-0.096436	1.909485	-1.089478	0.018921
-0.097351	1.759338	-1.177368	0.102844
-0.082703	1.611633	-1.239014	0.180359
-0.056152	1.461792	-1.261597	0.250244
-0.018921	1.321411	-1.245728	0.320740
0.027161	1.185608	-1.195679	0.393982
0.081482	1.054382	-1.124878	0.457458
0.139160	0.925293	-1.036682	0.519104
0.203247	0.792847	-0.940552	0.592957
0.272827	0.656128	-0.845337	0.675049
0.338440	0.513916	-0.747070	0.747681
0.399170	0.372314	-0.640869	0.807800
0.452271	0.232849	-0.528564	0.865173
0.487061	0.089111	-0.423889	0.919189
0.510254	-0.056763	-0.334167	0.964966
0.519409	-0.204468	-0.256042	1.002808
0.518188	-0.356445	-0.181885	1.026917
0.507507	-0.511475	-0.109863	1.034546
0.478516	-0.661316	-0.044861	1.023865
0.425720	-0.805664	0.011902	0.996399
0.355835	-0.943909	0.064697	0.956726
0.275879	-1.077576	0.114746	0.899963
0.183411	-1.202393	0.162659	0.836487
0.083923	-1.316223	0.198975	0.765381
-0.018311	-1.420593	0.218201	0.686951
-0.119934	-1.502380	0.224609	0.607300
-0.211792	-1.563416	0.220947	0.527649
-0.286560	-1.617126	0.212402	0.444336
-0.350037	-1.666870	0.198364	0.355225
-0.414429	-1.705322	0.179138	0.269470
-0.471497	-1.726685	0.150757	0.188293
-0.514221	-1.724243	0.113525	0.115967
-0.544739	-1.694031	0.077820	0.051575
-0.561523	-1.642456	0.049744	-0.006409
-0.569458	-1.576233	0.034180	-0.062256
-0.574036	-1.495667	0.027771	-0.109253
-0.576172	-1.401062	0.033569	-0.150146
-0.572815	-1.296387	0.064697	-0.194702
-0.562439	-1.182251	0.121460	-0.245056
-0.547180	-1.056519	0.206299	-0.298767
-0.522766	-0.910339	0.312500	-0.353699
-0.488586	-0.750732	0.430603	-0.410156
-0.449829	-0.578613	0.559387	-0.469360
-0.409241	-0.397339	0.692139	-0.529175
-0.375061	-0.215759	0.827942	-0.587463
-0.346680	-0.042419	0.958557	-0.643311
-0.315857	0.118713	1.078491	-0.695190
-0.279541	0.255737	1.182251	-0.742188
-0.241699	0.364990	1.264648	-0.784607
-0.206909	0.451660	1.319275	-0.820313
-0.172119	0.514526	1.348267	-0.844116
-0.135498	0.553589	1.357117	-0.861511
-0.099792	0.565186	1.338806	-0.878296
-0.062256	0.551147	1.282959	-0.887451
-0.026855	0.517883	1.195679	-0.886536
0.003967	0.471497	1.080627	-0.877686
0.028992	0.412903	0.933838	-0.865784
0.050354	0.340881	0.761108	-0.853882
0.070190	0.258789	0.572205	-0.835571
0.087891	0.170898	0.370483	-0.803223
0.101318	0.086365	0.158386	-0.758362
0.111084	0.005493	-0.060730	-0.701904
0.118408	-0.072937	-0.283203	-0.634155
0.125732	-0.146790	-0.502625	-0.558777
0.134277	-0.208130	-0.713501	-0.478821
0.140991	-0.260315	-0.915527	-0.388489
0.150452	-0.306091	-1.103516	-0.282288
0.167542	-0.343628	-1.274414	-0.163269
0.190125	-0.372314	-1.427917	-0.035400
0.214844	-0.386353	-1.563721	0.098267
0.239868	-0.386963	-1.687622	0.233154
0.264282	-0.374146	-1.792603	0.368042
0.289307	-0.350952	-1.868896	0.502930
0.312805	-0.321960	-1.918945	0.635376
0.332642	-0.284119	-1.940918	0.763550
0.353394	-0.237122	-1.931458	0.878296
0.374451	-0.180359	-1.890564	0.969543
0.386047	-0.117493	-1.824646	1.033936
0.387878	-0.048218	-1.737671	1.064453
0.381470	0.026245	-1.627808	1.059265
0.366211	0.105286	-1.497803	1.015625
0.340271	0.184937	-1.347046	0.932922
0.309753	0.260010	-1.175842	0.814209
0.273743	0.328674	-0.992432	0.664368
0.232849	0.386963	-0.802917	0.488892
0.193481	0.433350	-0.608826	0.297241
0.157471	0.466919	-0.417175	0.094604
0.119934	0.482178	-0.226440	-0.110168
0.079956	0.479126	-0.036316	-0.316772
0.040283	0.466003	0.148010	-0.518494
0.001526	0.446777	0.319824	-0.708618
-0.036621	0.418396	0.474548	-0.872498
-0.070496	0.384216	0.615234	-1.003723
-0.099792	0.346985	0.743408	-1.103516
-0.125427	0.308533	0.858765	-1.171570
-0.149231	0.273438	0.959167	-1.205444
-0.172119	0.241699	1.047668	-1.208191
-0.197449	0.218201	1.125488	-1.180115
-0.220947	0.207825	1.195984	-1.125183
-0.237427	0.210876	1.261902	-1.046448
-0.248413	0.229492	1.322021	-0.944214
-0.253906	0.260925	1.372986	-0.828857
-0.257874	0.304871	1.408386	-0.699158
-0.266113	0.356140	1.430969	-0.552063
-0.276794	0.412598	1.441956	-0.390320
-0.282288	0.469055	1.447449	-0.232544
-0.281067	0.528259	1.441956	-0.074463
-0.274048	0.588989	1.422424	0.083008
-0.259705	0.651245	1.389771	0.242920
-0.236206	0.705261	1.343994	0.403137
-0.207825	0.742493	1.284790	0.561829
-0.180969	0.758667	1.210632	0.715332
-0.151367	0.749512	1.122131	0.859070
-0.121460	0.717163	1.025391	0.995178
-0.091248	0.656738	0.921021	1.120300
-0.061340	0.574646	0.807190	1.229553
-0.032654	0.476074	0.682678	1.317749
-0.007019	0.353699	0.547485	1.380615
0.010376	0.205994	0.404968	1.418762
0.017395	0.036316	0.262451	1.434326
0.013733	-0.150757	0.124512	1.421814
-0.001831	-0.351257	-0.008850	1.380005
-0.023804	-0.556335	-0.135803	1.313782
-0.046692	-0.758667	-0.251770	1.225586
-0.065918	-0.953979	-0.357056	1.120605
-0.079041	-1.140747	-0.449524	1.008606
-0.087891	-1.315002	-0.531921	0.898132
-0.090332	-1.473694	-0.606079	0.791626
-0.084229	-1.610718	-0.675659	0.686340
-0.071716	-1.724243	-0.738525	0.581360
-0.054016	-1.818848	-0.791016	0.480042
-0.035400	-1.892090	-0.832825	0.388184
-0.013428	-1.942749	-0.861511	0.314026
0.015869	-1.963501	-0.878601	0.251770
0.054321	-1.950073	-0.887451	0.203857
0.098267	-1.904602	-0.891113	0.175171
0.141296	-1.829834	-0.896301	0.162354
0.177612	-1.726379	-0.901489	0.158997
0.206909	-1.588745	-0.903320	0.161133
0.229187	-1.420898	-0.897522	0.164795
0.241089	-1.232300	-0.888977	0.169067
0.241089	-1.026001	-0.881042	0.174561
0.230713	-0.803833	-0.868835	0.177612
0.209045	-0.574646	-0.856018	0.168762
0.176697	-0.344543	-0.844727	0.146790
0.132141	-0.117188	-0.833740	0.107727
0.080872	0.110474	-0.825500	0.053101
0.028381	0.332947	-0.821533	-0.007324
-0.018311	0.546875	-0.811462	-0.075378
-0.056763	0.739136	-0.791931	-0.155945
-0.092163	0.914307	-0.762939	-0.257874
-0.124512	1.062012	-0.727844	-0.367432
-0.150757	1.180420	-0.691528	-0.481873
-0.166626	1.268616	-0.658875	-0.603943
-0.173950	1.325073	-0.628967	-0.737610
-0.173645	1.353760	-0.596313	-0.879211
-0.168457	1.364746	-0.558777	-1.020508
-0.165100	1.358643	-0.519409	-1.154785
-0.166321	1.334534	-0.472107	-1.279297
-0.162659	1.291809	-0.415955	-1.394043
-0.152283	1.226501	-0.352783	-1.502075
-0.137024	1.150208	-0.286865	-1.600952
-0.119629	1.073914	-0.218506	-1.685486
-0.099487	0.998840	-0.144958	-1.755981
-0.073853	0.921021	-0.066528	-1.810913
-0.039368	0.844421	0.018616	-1.848755
0.001526	0.768127	0.113831	-1.865845
0.040588	0.688477	0.213928	-1.859436
0.078430	0.603638	0.309448	-1.823120
0.112000	0.513306	0.395813	-1.755981
0.145569	0.416870	0.480652	-1.654358
0.184937	0.318909	0.565491	-1.517029
0.231018	0.220032	0.647278	-1.344604
0.281982	0.118103	0.716248	-1.147461
0.330505	0.012512	0.761719	-0.928345
0.373535	-0.092773	0.778503	-0.683594
0.407104	-0.196838	0.770264	-0.420532
0.423889	-0.309448	0.738831	-0.156860
0.425415	-0.433655	0.685425	0.100708
0.413818	-0.565186	0.613403	0.348206
0.391846	-0.698242	0.523682	0.577393
0.360107	-0.821228	0.419312	0.780945
0.318909	-0.938416	0.307617	0.960388
0.276184	-1.053772	0.194702	1.115723
0.234375	-1.165466	0.084229	1.241150
0.189514	-1.277771	-0.023804	1.338196
0.137024	-1.395569	-0.130615	1.411133
0.081177	-1.512146	-0.230713	1.462402
0.023804	-1.621399	-0.316162	1.495667
-0.033875	-1.715698	-0.380859	1.508484
-0.086670	-1.789246	-0.426331	1.500549
-0.126343	-1.843872	-0.461121	1.477661
-0.154724	-1.878357	-0.488892	1.450500
-0.176697	-1.891785	-0.507202	1.419678
-0.196838	-1.884460	-0.509338	1.385803
-0.209045	-1.857910	-0.492554	1.347046
-0.213318	-1.820984	-0.451660	1.300049
-0.216675	-1.774902	-0.385437	1.248169
-0.218201	-1.717834	-0.297852	1.194763
