2020/1/9 9:24:44 40us
CH1			CH2			CH3			CH4
-0.010986	-0.013733	0.001831	-0.007324
-0.010986	-0.013428	0.001526	-0.007935
-0.010986	-0.013733	0.001831	-0.008240
-0.010986	-0.014038	0.001221	-0.007935
-0.010986	-0.014038	0.001221	-0.008240
-0.010986	-0.014343	0.001221	-0.008240
-0.010986	-0.014954	0.001221	-0.007935
-0.010986	-0.014954	0.000916	-0.007629
-0.010986	-0.015259	0.000916	-0.008240
-0.010986	-0.015259	0.000916	-0.007935
-0.011292	-0.015564	0.000305	-0.007935
-0.010986	-0.015869	0.000305	-0.008240
-0.010986	-0.016479	0.000305	-0.007935
-0.011292	-0.016174	0.000305	-0.008240
-0.011292	-0.016479	0.000610	-0.007935
-0.011292	-0.016479	0.000610	-0.008240
-0.011597	-0.017090	0.000305	-0.008545
-0.011292	-0.017395	-0.000305	-0.008545
-0.011292	-0.017090	-0.000305	-0.008545
-0.011597	-0.017700	-0.000305	-0.008850
-0.011292	-0.017700	0.000000	-0.008240
-0.011292	-0.017700	-0.000305	-0.008545
-0.011292	-0.018311	-0.000610	-0.008545
-0.011597	-0.018005	-0.000916	-0.008240
-0.011597	-0.018616	-0.000610	-0.008240
-0.011902	-0.018921	-0.000916	-0.008850
-0.011597	-0.018921	-0.000610	-0.008850
-0.011292	-0.019226	-0.000916	-0.008545
-0.011902	-0.019531	-0.000610	-0.008850
-0.011597	-0.019836	-0.000610	-0.008545
-0.011902	-0.019836	-0.001526	-0.008850
-0.011597	-0.020142	-0.000916	-0.008850
-0.011597	-0.020447	-0.001221	-0.008850
-0.011902	-0.019836	-0.001526	-0.009155
-0.011597	-0.020142	-0.001526	-0.008850
-0.011597	-0.020142	-0.001221	-0.008545
-0.011597	-0.020447	-0.001221	-0.008850
-0.012207	-0.018616	-0.001221	-0.008545
-0.011597	-0.021667	-0.001526	-0.008545
-0.011902	-0.024414	-0.001831	-0.008850
-0.011597	-0.025940	-0.001831	-0.008240
-0.011902	-0.028381	-0.001831	-0.008545
-0.011597	-0.023193	-0.001831	-0.008545
-0.010986	-0.015564	-0.001221	-0.008545
-0.011597	-0.022278	-0.000305	-0.008240
-0.012207	-0.045166	-0.002747	-0.008545
-0.012512	-0.112305	-0.002747	-0.009155
-0.013123	-0.134583	-0.003357	-0.008545
-0.010986	-0.237427	-0.003967	-0.007935
-0.007935	-0.593872	0.001221	-0.007629
-0.007629	-1.087036	0.005188	-0.007019
-0.010071	-1.765747	0.012512	-0.008240
-0.024414	-2.478943	-0.015869	-0.010376
0.001526	-3.168945	-0.013733	-0.010986
0.000305	-3.984680	0.033569	-0.013123
-0.050659	-4.894104	0.007629	0.008545
-0.102234	-5.833130	-0.071716	-0.013428
-0.191650	-6.767883	-0.152283	-0.040588
-0.193787	-7.676392	-0.214539	-0.002441
-0.156555	-8.518677	-0.216370	0.051270
-0.108948	-9.275818	-0.173950	0.089722
-0.034790	-9.887085	-0.127869	0.097046
0.036011	-10.000000	-0.105286	0.082703
0.134583	-10.000000	-0.051575	0.058899
0.230408	-10.000000	-0.019836	0.012207
0.294495	-10.000000	0.054626	-0.046082
0.378418	-10.000000	0.103149	-0.105591
0.483704	-10.000000	0.055542	-0.185242
0.581055	-10.000000	-0.013428	-0.309753
0.647888	-10.000000	-0.070190	-0.470276
0.684814	-10.000000	-0.075684	-0.650330
0.707092	-10.000000	-0.020142	-0.790405
0.676575	-9.620972	0.094910	-0.888367
0.643616	-8.846741	0.244751	-0.942078
0.607910	-7.963867	0.350037	-0.922241
0.532227	-6.979065	0.475769	-0.843506
0.422363	-5.893555	0.665894	-0.647278
0.317383	-4.700317	0.840759	-0.377808
0.207214	-3.431702	1.057434	-0.035706
0.135193	-2.150879	1.348572	0.378113
0.046997	-0.879517	1.674805	0.826721
-0.062561	0.347595	2.025452	1.313782
-0.166626	1.518250	2.333069	1.778870
-0.294800	2.568054	2.596130	2.160950
-0.432434	3.535767	2.882385	2.458496
-0.553284	4.437561	3.139038	2.668152
-0.646667	5.253601	3.412170	2.817993
-0.738525	5.971069	3.629761	2.842712
-0.817566	6.577454	3.732910	2.711792
-0.854492	7.089233	3.739319	2.471313
-0.880127	7.494812	3.598938	2.157593
-0.905762	7.825317	3.371582	1.794739
-0.889587	8.046570	3.042908	1.407776
-0.829468	8.159180	2.646179	0.998230
-0.747681	8.179932	2.244263	0.654297
-0.642090	8.146057	1.824036	0.267944
-0.538025	8.085632	1.375427	-0.175781
-0.433655	7.954712	0.855713	-0.626221
-0.325623	7.763367	0.289001	-1.119995
-0.205994	7.533264	-0.264587	-1.572876
-0.094910	7.263184	-0.813904	-1.986389
-0.032654	6.980896	-1.368408	-2.356262
0.004272	6.671753	-1.921387	-2.650452
0.016174	6.308594	-2.441101	-2.901306
0.018616	5.942078	-2.905579	-3.073730
0.025940	5.576477	-3.314514	-3.167419
0.017090	5.200195	-3.703003	-3.169861
-0.010376	4.805603	-4.080200	-3.077087
-0.061340	4.397278	-4.440002	-2.869873
-0.118408	3.977356	-4.747925	-2.548828
-0.166016	3.572083	-4.998169	-2.130737
-0.225525	3.212891	-5.222778	-1.685181
-0.249634	2.940979	-5.437317	-1.252441
-0.263367	2.783203	-5.610046	-0.793152
-0.254822	2.736511	-5.716553	-0.345154
-0.217590	2.752686	-5.747070	0.102234
-0.195313	2.813721	-5.688171	0.473328
-0.161133	2.919006	-5.572815	0.757751
-0.119324	3.070679	-5.398865	1.022339
-0.059814	3.259583	-5.165100	1.232910
0.028076	3.470764	-4.919739	1.423035
0.118103	3.659973	-4.620972	1.572876
0.204163	3.857727	-4.330139	1.678162
0.281982	4.038696	-4.025879	1.775818
0.354614	4.141541	-3.717041	1.846313
0.426941	4.168091	-3.405457	1.892395
0.516968	4.125671	-3.073730	1.897278
0.614014	4.037170	-2.758484	1.849060
0.694580	3.867188	-2.396545	1.771851
0.752258	3.614807	-2.012329	1.677246
0.800476	3.313293	-1.621094	1.539612
0.853271	2.920532	-1.205139	1.394958
0.904846	2.432861	-0.760498	1.249084
0.954895	1.860657	-0.277710	1.105347
0.989380	1.250610	0.233154	0.950317
1.021423	0.576172	0.769043	0.782166
1.045227	-0.133667	1.307678	0.623169
1.064148	-0.870056	1.851501	0.450134
1.064453	-1.630859	2.399597	0.284729
1.025391	-2.387390	2.952576	0.148926
0.974731	-3.121338	3.474426	-0.009766
0.903931	-3.793640	3.917847	-0.198364
0.797424	-4.396667	4.288025	-0.427856
0.652466	-4.929504	4.544983	-0.677185
0.462341	-5.406189	4.725952	-0.951233
0.239258	-5.805359	4.848328	-1.247253
0.006104	-6.090393	4.949036	-1.565857
-0.232239	-6.416626	5.006714	-1.859436
-0.475159	-6.804810	4.998169	-2.126160
-0.720520	-7.083130	4.921875	-2.386780
-0.954285	-7.174072	4.788818	-2.604370
-1.150513	-7.182922	4.616394	-2.777100
-1.315002	-7.092896	4.389648	-2.901001
-1.449585	-6.784058	4.133606	-2.935486
-1.586914	-6.284180	3.912964	-2.908325
-1.659546	-5.650024	3.670959	-2.811584
-1.684875	-4.939880	3.329773	-2.650757
-1.705627	-4.154053	2.982483	-2.460632
-1.674194	-3.344421	2.695923	-2.265015
-1.642151	-2.500610	2.477417	-1.972656
-1.601257	-1.648560	2.263489	-1.654663
-1.537781	-0.783691	2.044983	-1.384888
-1.473083	0.058289	1.810913	-1.077576
-1.382446	0.816345	1.579895	-0.639648
-1.247864	1.486206	1.381836	-0.159607
-1.092529	2.086487	1.235657	0.201111
-0.914001	2.650757	1.140137	0.524902
-0.751038	3.106689	1.011963	0.863342
-0.578308	3.468018	0.864868	1.163330
-0.403442	3.789978	0.750732	1.458740
-0.209045	3.992615	0.686035	1.815796
0.008850	4.119568	0.649719	2.180176
0.248108	4.184875	0.643616	2.494202
0.450134	4.175110	0.652161	2.741394
0.645142	4.134827	0.614929	2.986755
0.875244	4.027100	0.524292	3.217163
1.028442	3.855591	0.405273	3.425598
1.099243	3.711548	0.278015	3.582764
1.144409	3.573303	0.113525	3.677673
1.201172	3.427429	-0.141907	3.697205
1.228027	3.316345	-0.513306	3.603821
1.224365	3.116760	-0.962830	3.411560
1.235657	2.800598	-1.445007	3.133850
1.206055	2.408142	-1.983948	2.813110
1.058655	1.991272	-2.586975	2.421570
0.879517	1.592102	-3.244629	1.946106
0.707703	1.205444	-3.927612	1.448669
0.545959	0.867004	-4.607239	1.008606
0.406799	0.556335	-5.223694	0.589294
0.276489	0.267639	-5.754089	0.111389
0.140686	0.039063	-6.243286	-0.354614
0.004272	-0.144043	-6.609497	-0.735779
-0.120239	-0.278625	-6.823120	-1.084900
-0.211792	-0.338745	-6.882629	-1.418457
-0.285339	-0.296021	-6.772766	-1.719360
-0.320740	-0.149536	-6.535034	-1.967163
-0.341187	0.100098	-6.159973	-2.158203
-0.377808	0.442505	-5.675049	-2.284546
-0.437927	0.821533	-5.104675	-2.353516
-0.522156	1.211243	-4.472351	-2.362061
-0.612488	1.613159	-3.795471	-2.360535
-0.681152	2.017212	-3.110657	-2.375793
-0.719604	2.385864	-2.419434	-2.380676
-0.721436	2.716980	-1.701660	-2.401733
-0.705566	3.036804	-0.983582	-2.436523
-0.644531	3.336182	-0.252686	-2.465210
-0.527039	3.599854	0.480652	-2.510376
-0.376282	3.802795	1.187439	-2.524719
-0.220337	3.942566	1.840210	-2.517090
-0.049438	4.018250	2.452393	-2.521362
0.154419	4.058838	3.029480	-2.526855
0.389404	4.093018	3.567505	-2.514648
0.641479	4.074402	4.109497	-2.501221
0.881653	3.965149	4.636536	-2.470093
1.113586	3.767700	5.096436	-2.409058
1.304321	3.482361	5.485840	-2.305603
1.412659	3.133545	5.796509	-2.198792
1.445313	2.745667	5.997009	-2.107544
1.424866	2.319336	6.083984	-2.013550
1.374512	1.831055	6.070862	-1.905823
1.284790	1.286621	5.985718	-1.748352
1.133423	0.702515	5.838928	-1.554871
0.925903	0.057678	5.605164	-1.366577
0.673828	-0.657959	5.284424	-1.158142
0.414429	-1.392517	4.877625	-0.930786
0.156860	-2.111511	4.392700	-0.671997
-0.090637	-2.832642	3.887024	-0.383606
-0.321350	-3.555603	3.375244	-0.063782
-0.533447	-4.199219	2.904053	0.273438
-0.714417	-4.786987	2.450256	0.620117
-0.857849	-5.284729	2.005920	0.949402
-0.940857	-5.683289	1.571960	1.323242
-0.986938	-6.082153	1.116943	1.726379
-1.007080	-6.444397	0.661011	2.101135
-1.022034	-6.622314	0.217285	2.445068
-1.016846	-6.585999	-0.230408	2.752380
-0.986633	-6.464844	-0.652161	3.025513
-0.938721	-6.231384	-1.050110	3.259888
-0.881348	-5.825500	-1.424561	3.460083
-0.822449	-5.294189	-1.741638	3.598938
-0.735168	-4.703369	-2.082214	3.661804
-0.666809	-4.085388	-2.484741	3.662720
-0.606995	-3.483887	-2.829285	3.602600
-0.524292	-2.920532	-3.053894	3.446655
-0.454712	-2.399902	-3.182678	3.277893
-0.389404	-1.937866	-3.247681	3.029480
-0.333557	-1.486511	-3.269348	2.709656
-0.296326	-1.068420	-3.233032	2.460632
-0.239563	-0.685425	-3.124084	2.343140
-0.166626	-0.358276	-2.920837	2.257385
-0.103455	-0.042114	-2.602844	2.127075
-0.048218	0.264587	-2.200317	2.028503
-0.008850	0.512085	-1.750183	1.987000
0.052795	0.770569	-1.281128	1.954956
0.125122	1.041260	-0.810547	1.936035
0.193176	1.258545	-0.340271	1.960449
0.243225	1.477051	0.092773	1.975403
0.276794	1.694336	0.474548	1.958313
0.290833	1.889954	0.782471	1.900024
0.304260	2.075806	0.977783	1.815491
0.329590	2.229919	1.088257	1.688538
0.325317	2.353516	1.159973	1.501465
0.307922	2.525024	1.179199	1.237793
0.314636	2.723694	1.106262	0.921936
0.328674	2.953186	0.921631	0.539246
0.343018	3.222656	0.649414	0.109253
0.356445	3.444519	0.337219	-0.344543
0.374146	3.627930	0.009155	-0.824280
0.366211	3.816528	-0.326538	-1.284485
0.312500	4.018860	-0.667725	-1.747437
0.248108	4.208374	-1.004944	-2.192383
0.175476	4.384766	-1.319580	-2.552185
0.121155	4.556580	-1.604309	-2.806396
0.079041	4.680786	-1.817017	-3.003540
0.014343	4.734192	-1.980286	-3.179932
-0.052185	4.715271	-2.103882	-3.288574
-0.115051	4.612732	-2.116089	-3.316345
-0.179138	4.411011	-2.062683	-3.305664
-0.240173	4.110718	-1.970215	-3.312073
-0.289612	3.721313	-1.807861	-3.333740
-0.300903	3.264465	-1.612854	-3.355103
-0.281067	2.755127	-1.396790	-3.338013
-0.247498	2.208862	-1.174316	-3.296204
-0.208740	1.634216	-0.943604	-3.247681
-0.166016	1.031799	-0.739441	-3.166199
-0.093689	0.435486	-0.558777	-3.085022
0.003357	-0.147705	-0.391235	-2.994385
0.124207	-0.719604	-0.229797	-2.868958
0.285950	-1.261597	-0.086670	-2.731018
0.461426	-1.754456	0.050659	-2.557983
0.679016	-2.177429	0.193481	-2.360229
0.913391	-2.550659	0.336914	-2.165833
1.150208	-2.904358	0.468140	-1.909790
1.375732	-3.216858	0.565796	-1.587219
1.569214	-3.449707	0.664063	-1.241150
1.727600	-3.578491	0.774231	-0.884399
1.851501	-3.667297	0.908813	-0.516357
1.931152	-3.831787	1.086426	-0.148621
1.957397	-4.016418	1.268616	0.233154
1.942749	-4.156494	1.431885	0.634155
1.874695	-4.305725	1.582031	1.053772
1.730042	-4.449463	1.705017	1.450806
1.517334	-4.515686	1.791992	1.803894
1.268921	-4.493713	1.879578	2.108459
1.021729	-4.426880	1.940613	2.385559
0.746460	-4.332275	1.925659	2.680054
0.421448	-4.184265	1.857605	2.962646
0.095825	-3.980103	1.739502	3.197021
-0.214844	-3.738708	1.589966	3.414612
-0.502014	-3.460999	1.412659	3.595276
-0.770264	-3.159180	1.204224	3.655701
-1.021423	-2.856140	0.959473	3.621216
-1.246643	-2.556763	0.691528	3.554688
-1.443481	-2.255554	0.457764	3.442078
-1.610413	-1.935730	0.252991	3.214722
-1.737671	-1.596375	0.086060	2.887268
-1.827698	-1.266479	-0.080872	2.548218
-1.895142	-0.937805	-0.274353	2.168274
-1.942444	-0.580444	-0.460815	1.717529
-1.970825	-0.245972	-0.613708	1.269226
-1.983032	0.092468	-0.732727	0.828857
-1.985779	0.429382	-0.785217	0.405579
-1.964417	0.761108	-0.773621	-0.002747
-1.910400	1.094360	-0.751038	-0.375977
-1.812744	1.401062	-0.715637	-0.701599
-1.690674	1.667786	-0.655823	-0.975647
-1.584473	1.906433	-0.532532	-1.177063
-1.461182	2.127380	-0.350037	-1.308899
-1.310120	2.330933	-0.155029	-1.377869
-1.145020	2.560425	0.052185	-1.392822
-0.951538	2.798767	0.282593	-1.354675
-0.733948	2.998047	0.534058	-1.238098
-0.501099	3.164063	0.788269	-1.049194
-0.267029	3.290710	1.035156	-0.820313
-0.055237	3.360291	1.256714	-0.563049
0.130615	3.412170	1.444702	-0.272217
0.313110	3.444824	1.598206	0.054932
0.504761	3.446350	1.718140	0.427551
0.697937	3.428040	1.779480	0.783386
0.876465	3.403320	1.751404	1.094360
1.013794	3.384705	1.670227	1.382446
1.101990	3.349304	1.537781	1.648865
1.152954	3.269348	1.319275	1.870728
1.179504	3.149719	1.041565	2.020569
1.174927	3.023071	0.734253	2.101746
1.139832	2.882690	0.423584	2.132263
1.098328	2.732239	0.101929	2.089539
1.046143	2.592773	-0.250854	1.962585
0.976563	2.443542	-0.618286	1.794128
0.896606	2.254944	-1.001892	1.616516
0.803223	2.025452	-1.397095	1.419373
0.698547	1.751099	-1.789551	1.187744
0.578613	1.437073	-2.153015	0.923767
0.450134	1.103210	-2.485352	0.653076
0.346069	0.779724	-2.784729	0.376892
0.271301	0.477295	-3.027649	0.075378
0.192566	0.164490	-3.202820	-0.239258
0.126648	-0.149841	-3.334961	-0.559082
0.074158	-0.463867	-3.398438	-0.876465
0.024719	-0.767822	-3.383179	-1.196899
-0.003662	-1.045532	-3.304443	-1.514587
0.003967	-1.300964	-3.146667	-1.822815
0.032959	-1.527710	-2.912292	-2.115173
0.075073	-1.721497	-2.604675	-2.383728
0.138245	-1.903076	-2.230835	-2.622681
0.216064	-2.052917	-1.812439	-2.844543
0.293579	-2.162170	-1.363525	-3.040771
0.362549	-2.232666	-0.884399	-3.215942
0.438538	-2.268066	-0.394592	-3.353882
0.528870	-2.282410	0.077820	-3.443298
0.595093	-2.261353	0.551758	-3.486633
0.633545	-2.216187	1.025696	-3.479004
0.660706	-2.149658	1.464539	-3.417053
0.680237	-2.064819	1.850281	-3.295593
0.690613	-1.947021	2.190247	-3.119812
0.687866	-1.784973	2.486572	-2.926331
0.668335	-1.608582	2.728882	-2.710876
0.614929	-1.411438	2.921448	-2.452087
0.532532	-1.160278	3.081970	-2.143555
0.415955	-0.848083	3.214722	-1.810303
0.276794	-0.503540	3.324280	-1.453247
0.140381	-0.143127	3.383484	-1.066284
0.000610	0.247192	3.385010	-0.656738
-0.138855	0.646973	3.332825	-0.261841
-0.288086	1.052551	3.219910	0.124207
-0.456238	1.438904	3.072815	0.487671
-0.629578	1.783447	2.896423	0.803528
-0.790710	2.088928	2.686157	1.064758
-0.934448	2.355042	2.453003	1.294861
-1.046143	2.574463	2.200317	1.501770
-1.136169	2.715454	1.937561	1.663818
-1.204834	2.792969	1.672363	1.782227
-1.250000	2.843018	1.398926	1.879272
-1.284485	2.846069	1.105957	1.961365
-1.304932	2.800293	0.811462	2.019348
-1.314087	2.715454	0.529480	2.064209
-1.309814	2.611389	0.268555	2.111511
-1.282043	2.500916	0.043640	2.133484
-1.223450	2.377930	-0.162964	2.145996
-1.146851	2.225342	-0.368652	2.147217
-1.070862	2.021484	-0.562439	2.136230
-0.991516	1.771851	-0.725708	2.124634
-0.913086	1.502686	-0.864258	2.104797
-0.833740	1.210022	-0.991821	2.039490
-0.746155	0.885010	-1.102295	1.940308
-0.651550	0.533142	-1.199341	1.841736
-0.545349	0.165100	-1.275330	1.751099
-0.430603	-0.224609	-1.346436	1.660461
-0.306702	-0.628357	-1.407166	1.556396
-0.187683	-1.048889	-1.459656	1.457825
-0.086975	-1.486206	-1.507874	1.362610
0.012512	-1.905212	-1.554565	1.275940
0.108948	-2.291565	-1.593933	1.210938
0.199280	-2.631836	-1.632690	1.175232
0.295105	-2.913818	-1.673889	1.170349
0.407410	-3.135986	-1.698608	1.199646
0.524292	-3.326416	-1.709900	1.279602
0.639343	-3.480225	-1.716003	1.400452
0.736084	-3.555603	-1.717834	1.531372
0.811768	-3.551636	-1.687317	1.650085
0.856934	-3.469238	-1.615906	1.736755
0.877075	-3.310852	-1.516724	1.777954
0.886230	-3.047485	-1.394958	1.776733
0.889282	-2.704163	-1.253052	1.743469
0.879517	-2.303162	-1.089172	1.678772
0.857544	-1.854553	-0.909119	1.589050
0.819397	-1.360779	-0.715332	1.470337
0.750427	-0.841370	-0.515442	1.306763
0.648499	-0.317383	-0.315857	1.104126
0.535278	0.196228	-0.116577	0.851135
0.435486	0.698547	0.085449	0.557861
0.346069	1.182556	0.291748	0.249329
0.268250	1.646118	0.489502	-0.068359
0.213318	2.059326	0.679932	-0.394897
0.180969	2.403259	0.848999	-0.739746
0.148010	2.677307	0.997925	-1.098328
0.103455	2.896423	1.152649	-1.489258
0.051880	3.037109	1.309814	-1.932983
0.007935	3.084412	1.466370	-2.390442
-0.022888	3.053589	1.632996	-2.824402
-0.033264	2.972412	1.805115	-3.243103
-0.030823	2.823486	1.964722	-3.656006
-0.016479	2.599792	2.084045	-4.053955
0.001831	2.334595	2.156372	-4.403992
0.000610	2.026978	2.191467	-4.715271
-0.005798	1.676025	2.181702	-4.989929
-0.018005	1.283264	2.112122	-5.216980
-0.036316	0.870972	2.006531	-5.368958
-0.051575	0.454102	1.879883	-5.439148
-0.049744	0.062866	1.737671	-5.397034
-0.010071	-0.303345	1.575012	-5.256958
0.052490	-0.655823	1.370239	-5.044861
0.119934	-0.988770	1.118164	-4.745178
0.176086	-1.279602	0.823364	-4.336548
0.221558	-1.535034	0.535583	-3.846436
0.265808	-1.757813	0.279846	-3.312378
0.326843	-1.939392	0.056458	-2.716064
0.398254	-2.086182	-0.152893	-2.045288
0.469666	-2.228088	-0.363464	-1.336365
0.537415	-2.334595	-0.576172	-0.591125
0.592346	-2.374573	-0.779419	0.172424
0.638123	-2.333679	-0.975037	0.912476
0.665283	-2.225037	-1.147461	1.624146
0.655518	-2.045898	-1.289978	2.305908
0.612793	-1.788940	-1.413269	2.946472
0.556335	-1.485291	-1.521301	3.525391
0.489807	-1.156311	-1.618347	4.046326
0.402832	-0.806274	-1.718750	4.491272
0.293884	-0.465088	-1.808472	4.855652
0.172119	-0.139771	-1.880798	5.122375
0.031128	0.144653	-1.936340	5.300293
-0.122375	0.368347	-1.982727	5.353088
-0.266418	0.542603	-2.009888	5.268555
-0.384216	0.665588	-2.019348	5.123901
-0.490723	0.743103	-2.015076	4.962158
-0.585327	0.772400	-1.998596	4.733276
-0.649719	0.750732	-1.953125	4.421387
-0.690613	0.681763	-1.880493	4.075623
-0.733337	0.566101	-1.798096	3.713684
-0.778198	0.426025	-1.711121	3.304443
-0.820007	0.272827	-1.615906	2.847900
-0.850525	0.090332	-1.485901	2.372437
-0.866089	-0.102234	-1.328735	1.894836
-0.863953	-0.293274	-1.154480	1.414185
-0.853882	-0.483704	-0.957642	0.938416
-0.842896	-0.665588	-0.755920	0.487061
-0.829468	-0.837097	-0.556641	0.051270
-0.824890	-0.992432	-0.356140	-0.375977
-0.820313	-1.123657	-0.160828	-0.796204
-0.800171	-1.234436	0.021667	-1.178284
-0.764465	-1.321106	0.202942	-1.523132
-0.710144	-1.384888	0.379639	-1.817322
-0.637817	-1.446228	0.552368	-2.032471
-0.534973	-1.508789	0.726318	-2.171631
-0.429382	-1.550903	0.888367	-2.234497
-0.336914	-1.543274	1.035767	-2.229614
-0.245056	-1.486206	1.179810	-2.166138
-0.148621	-1.393738	1.326904	-2.052002
-0.055542	-1.257629	1.463928	-1.894226
0.031738	-1.078186	1.577454	-1.699524
0.113220	-0.858459	1.652527	-1.475525
0.203247	-0.596924	1.683044	-1.239319
0.287170	-0.309448	1.699524	-0.996399
0.351257	-0.022278	1.708679	-0.761108
0.397034	0.257568	1.703491	-0.568237
0.421448	0.527039	1.681824	-0.427551
0.428772	0.780640	1.638184	-0.355530
0.424500	1.015625	1.585388	-0.346680
0.419617	1.216125	1.524963	-0.372925
0.419006	1.373596	1.449890	-0.413818
0.418091	1.491089	1.354675	-0.472717
0.411682	1.569824	1.250000	-0.570679
0.398560	1.581726	1.134644	-0.705261
0.383301	1.514587	1.021118	-0.866089
0.367432	1.404724	0.911560	-1.054993
0.362244	1.278687	0.806885	-1.251831
0.378113	1.128235	0.712891	-1.426392
0.406799	0.945435	0.622559	-1.570740
0.451660	0.733643	0.539551	-1.680298
0.506287	0.511169	0.471191	-1.751099
0.570984	0.287170	0.402222	-1.781006
0.632019	0.047302	0.312195	-1.784668
0.676270	-0.218506	0.203247	-1.795349
0.718079	-0.506287	0.099182	-1.815491
0.752258	-0.806274	-0.003357	-1.811218
0.767822	-1.109619	-0.132446	-1.799316
0.768433	-1.407776	-0.295715	-1.783142
0.759583	-1.691895	-0.479736	-1.745300
0.743713	-1.943665	-0.682373	-1.672974
0.719299	-2.160339	-0.887146	-1.585388
0.682068	-2.339478	-1.091614	-1.499634
0.628967	-2.476501	-1.283875	-1.388550
0.561218	-2.594910	-1.470032	-1.233826
0.487061	-2.695007	-1.670837	-1.054382
0.406494	-2.725525	-1.882019	-0.839539
0.332947	-2.685242	-2.091064	-0.578003
0.272827	-2.586365	-2.285156	-0.289307
0.207825	-2.427368	-2.444458	0.017090
0.129089	-2.198792	-2.564697	0.322571
0.037537	-1.908569	-2.636719	0.610046
-0.054016	-1.577148	-2.674561	0.874939
-0.161438	-1.215820	-2.686768	1.122742
-0.277100	-0.815430	-2.660217	1.348877
-0.386353	-0.375671	-2.590027	1.540527
-0.493164	0.100098	-2.476196	1.693420
-0.598450	0.578613	-2.328796	1.780396
-0.719299	1.067810	-2.153015	1.794128
-0.845032	1.546326	-1.952515	1.765137
-0.962524	2.018433	-1.727295	1.725769
-1.068115	2.475586	-1.473999	1.652527
-1.154175	2.909241	-1.193542	1.531067
-1.204529	3.316040	-0.877380	1.395569
-1.213989	3.679504	-0.537415	1.276550
-1.191101	4.003601	-0.177002	1.159058
-1.149292	4.276428	0.190125	1.022034
-1.094360	4.463196	0.553284	0.874939
-1.036682	4.589233	0.909729	0.726318
-0.982056	4.680481	1.259766	0.582886
-0.918274	4.713745	1.602478	0.442200
-0.836792	4.695435	1.919861	0.310364
-0.731506	4.621582	2.197876	0.198975
-0.632324	4.490356	2.449951	0.102539
-0.541382	4.305420	2.670288	0.017395
-0.460205	4.061279	2.818909	-0.044556
-0.387573	3.753662	2.895813	-0.104370
-0.329285	3.390808	2.920227	-0.185547
-0.289612	2.968445	2.901917	-0.264282
-0.263672	2.480774	2.828064	-0.336609
-0.243225	1.940613	2.677307	-0.408325
-0.239563	1.370544	2.464294	-0.462646
-0.235901	0.789490	2.192688	-0.480347
-0.223694	0.210266	1.900330	-0.460510
-0.207825	-0.372314	1.585388	-0.411377
-0.187378	-0.944519	1.265259	-0.334778
-0.159912	-1.526184	0.930786	-0.232849
-0.112610	-2.093811	0.595093	-0.114136
-0.041809	-2.630615	0.259705	0.031128
0.036926	-3.149414	-0.054626	0.206909
0.128479	-3.636780	-0.358276	0.399475
0.226746	-4.071350	-0.648499	0.605774
0.328979	-4.434204	-0.925598	0.815125
0.420227	-4.717102	-1.184387	1.010132
0.500488	-4.979858	-1.416626	1.176147
0.552368	-5.199890	-1.604919	1.308899
0.573425	-5.299377	-1.737976	1.411743
0.593567	-5.280457	-1.817932	1.479797
0.616760	-5.191650	-1.842346	1.507568
0.632324	-5.011902	-1.824951	1.497192
0.637207	-4.716187	-1.751709	1.438904
0.632019	-4.338074	-1.604004	1.318970
0.628967	-3.914490	-1.430969	1.150208
0.612488	-3.456726	-1.248779	0.933838
0.585938	-2.978821	-1.028137	0.685425
0.563965	-2.488098	-0.737915	0.429077
0.550537	-1.998596	-0.392151	0.196533
0.554810	-1.518555	-0.036926	-0.056763
0.564270	-1.048279	0.311584	-0.350342
0.572815	-0.609436	0.633240	-0.618286
0.583496	-0.209656	0.938416	-0.828857
0.584106	0.132141	1.239929	-1.025696
0.570374	0.426941	1.543579	-1.251221
0.540161	0.680542	1.812744	-1.469116
0.482788	0.878296	2.005005	-1.671753
0.419006	1.056519	2.115784	-1.873474
0.349426	1.215820	2.155457	-2.043762
0.269775	1.329041	2.138062	-2.172241
0.180664	1.416321	2.059631	-2.275391
0.085144	1.484375	1.931458	-2.376709
-0.021973	1.533203	1.745605	-2.472534
-0.126648	1.563110	1.491089	-2.528076
-0.220947	1.564941	1.186829	-2.549438
-0.332642	1.549377	0.868835	-2.537537
-0.446472	1.553040	0.544128	-2.487183
-0.529175	1.572571	0.200806	-2.402344
-0.583801	1.614990	-0.156860	-2.288818
-0.626526	1.678772	-0.505066	-2.149963
-0.662537	1.728210	-0.824280	-1.990051
-0.671387	1.780090	-1.114502	-1.800232
-0.661011	1.851196	-1.385498	-1.571960
-0.660400	1.932983	-1.629028	-1.316528
-0.649109	2.016602	-1.835022	-1.021118
-0.615540	2.085571	-1.997986	-0.660400
-0.559387	2.144165	-2.122498	-0.244446
-0.494995	2.192383	-2.208557	0.166626
-0.438232	2.219238	-2.279968	0.529175
-0.386658	2.225647	-2.337036	0.863647
-0.340576	2.212830	-2.354431	1.185303
-0.298157	2.171021	-2.324829	1.483154
-0.257263	2.101135	-2.244873	1.729431
-0.222473	2.020264	-2.119751	1.924133
-0.174561	1.933594	-1.973572	2.083130
-0.118103	1.845398	-1.798401	2.217407
-0.064697	1.755981	-1.596985	2.320557
-0.021057	1.655579	-1.380615	2.389526
0.007019	1.542358	-1.153259	2.433472
0.019531	1.417542	-0.918579	2.440186
0.026855	1.261597	-0.680542	2.431335
0.037537	1.062317	-0.443115	2.427368
0.067139	0.816040	-0.206604	2.410889
0.104675	0.548096	0.004578	2.387390
0.150452	0.262451	0.190735	2.351074
0.193481	-0.051270	0.347290	2.299805
0.228577	-0.409241	0.456238	2.248840
0.239868	-0.798645	0.515442	2.188416
0.234070	-1.193848	0.548706	2.105408
0.227661	-1.578064	0.561523	1.994629
0.221558	-1.947632	0.568237	1.851501
0.217285	-2.313843	0.578308	1.687927
0.220337	-2.670288	0.573425	1.532593
0.231934	-3.013611	0.551147	1.400452
0.236816	-3.337708	0.517273	1.286011
0.224915	-3.621521	0.478516	1.167908
0.195923	-3.846130	0.438538	1.037903
0.168457	-4.008789	0.396118	0.913391
0.151062	-4.110718	0.355530	0.824280
0.137024	-4.147949	0.328979	0.771790
0.114746	-4.124756	0.314331	0.734863
0.077209	-4.048462	0.289307	0.700684
0.028076	-3.927307	0.259705	0.665894
-0.019836	-3.770752	0.233154	0.625610
-0.062561	-3.584595	0.220337	0.566406
-0.094910	-3.379517	0.239563	0.479431
-0.133667	-3.155518	0.302734	0.355225
-0.182190	-2.909851	0.405273	0.189819
-0.231018	-2.643127	0.532837	-0.011902
-0.268555	-2.369690	0.677795	-0.233765
-0.290527	-2.090759	0.839233	-0.469666
-0.308838	-1.816101	0.989380	-0.720825
-0.321655	-1.525574	1.142273	-0.999146
-0.329590	-1.217346	1.314392	-1.290588
-0.345459	-0.892944	1.489258	-1.589050
-0.351563	-0.567932	1.668396	-1.882019
-0.332947	-0.248718	1.847534	-2.161865
-0.296021	0.072327	2.013550	-2.410583
-0.251465	0.392456	2.159119	-2.625122
-0.194397	0.701294	2.272949	-2.799377
-0.120544	0.981445	2.359619	-2.931519
-0.043945	1.223450	2.401123	-3.018799
0.018005	1.454773	2.384033	-3.059082
0.068970	1.672058	2.327881	-3.052368
0.122070	1.856995	2.238770	-2.999573
0.175476	2.000122	2.102966	-2.882080
0.237732	2.093201	1.922302	-2.684326
0.316772	2.140503	1.698914	-2.426758
0.391541	2.153931	1.429443	-2.124329
0.457153	2.121887	1.123657	-1.789551
0.518799	2.039490	0.802002	-1.437683
0.569153	1.938782	0.467834	-1.067200
0.598145	1.849976	0.114746	-0.678406
0.610962	1.760864	-0.245972	-0.275269
0.599365	1.663818	-0.612793	0.113525
0.565186	1.583252	-0.980530	0.490417
0.534973	1.509399	-1.347961	0.853271
0.506897	1.418457	-1.712952	1.178589
0.457153	1.311646	-2.077942	1.470337
0.389404	1.191101	-2.426758	1.732178
0.324097	1.062317	-2.738342	1.939087
0.260925	0.932922	-3.019409	2.088318
0.196533	0.797424	-3.283691	2.197571
0.144043	0.646667	-3.523254	2.272949
0.097961	0.481567	-3.745117	2.308655
0.044556	0.321045	-3.947144	2.304688
-0.007935	0.164795	-4.116821	2.259827
-0.058899	0.015869	-4.236450	2.172852
-0.116577	-0.109863	-4.320068	2.044373
-0.173035	-0.203857	-4.355774	1.885681
-0.223999	-0.279846	-4.313965	1.698914
-0.277405	-0.335999	-4.192810	1.497803
-0.330200	-0.360718	-4.006348	1.288757
-0.368347	-0.360718	-3.749390	1.061401
-0.399475	-0.340881	-3.409424	0.824280
-0.432739	-0.306702	-2.995605	0.589905
-0.464172	-0.259399	-2.537231	0.343933
-0.487366	-0.191956	-2.037964	0.087891
-0.507202	-0.105286	-1.493225	-0.167542
-0.513306	-0.004883	-0.918579	-0.414429
-0.503845	0.102234	-0.320129	-0.630188
-0.483704	0.215149	0.288086	-0.805664
-0.448303	0.343933	0.882874	-0.947876
-0.400085	0.484314	1.454468	-1.056519
-0.357056	0.627136	2.002563	-1.133728
-0.314331	0.764465	2.518005	-1.181946
-0.264587	0.895081	2.983704	-1.206055
-0.217590	1.017456	3.392639	-1.201782
-0.181580	1.122131	3.734131	-1.166077
-0.145264	1.204224	3.991394	-1.102905
-0.103455	1.259460	4.166260	-1.020508
-0.066833	1.285095	4.261475	-0.922241
-0.043945	1.280212	4.273071	-0.811157
-0.044556	1.241455	4.210205	-0.693054
-0.057373	1.174316	4.089661	-0.574951
-0.067444	1.083069	3.920288	-0.470276
-0.080566	0.958862	3.708496	-0.384827
-0.101013	0.810242	3.470764	-0.310364
-0.116882	0.637817	3.214111	-0.237732
-0.136414	0.444336	2.942505	-0.174255
-0.170593	0.235596	2.663269	-0.128784
-0.211182	0.014343	2.382202	-0.110779
-0.241699	-0.210571	2.090759	-0.103455
-0.270081	-0.440674	1.791382	-0.096436
-0.300598	-0.682373	1.503296	-0.105591
-0.323486	-0.919495	1.235352	-0.134583
-0.327148	-1.143799	0.978088	-0.163574
-0.306396	-1.362915	0.728149	-0.189514
-0.268860	-1.578064	0.491028	-0.218811
-0.224304	-1.782227	0.271606	-0.242310
-0.173645	-1.967163	0.070496	-0.268250
-0.112000	-2.124329	-0.105286	-0.321045
-0.046692	-2.233582	-0.241394	-0.386658
0.018005	-2.299500	-0.339966	-0.433960
0.088806	-2.341919	-0.414429	-0.463867
0.167847	-2.350159	-0.476379	-0.483704
0.249939	-2.304382	-0.525513	-0.492249
0.328979	-2.194214	-0.550232	-0.492554
0.400085	-2.039185	-0.548706	-0.482788
0.455933	-1.852112	-0.532227	-0.448303
0.507202	-1.634827	-0.507813	-0.390625
0.564575	-1.388855	-0.476379	-0.317993
0.617981	-1.118774	-0.452881	-0.228271
0.655518	-0.831909	-0.439453	-0.116882
0.682373	-0.545959	-0.436707	-0.000610
0.696716	-0.260925	-0.452881	0.116577
0.695496	0.034180	-0.496521	0.240479
0.677490	0.328674	-0.565796	0.360413
0.639648	0.608215	-0.657043	0.471802
0.587769	0.870972	-0.773926	0.576477
0.524902	1.126099	-0.903015	0.679016
0.458374	1.361389	-1.032104	0.762024
0.388489	1.585083	-1.165771	0.817871
0.310669	1.789246	-1.299438	0.855713
0.231018	1.971436	-1.426392	0.873413
0.147705	2.139282	-1.552734	0.863342
0.058594	2.299805	-1.675110	0.837402
-0.027466	2.456360	-1.779785	0.793762
-0.105896	2.617493	-1.857605	0.727234
-0.187683	2.777710	-1.907349	0.639954
-0.265503	2.934265	-1.933594	0.541992
-0.325928	3.083496	-1.936951	0.440979
-0.377502	3.208618	-1.919250	0.334778
-0.429993	3.311462	-1.870422	0.212402
-0.477295	3.393250	-1.786804	0.058594
-0.513306	3.451233	-1.677856	-0.119629
-0.543518	3.485107	-1.540527	-0.305176
-0.557251	3.494263	-1.378784	-0.494995
-0.556946	3.475952	-1.198730	-0.675659
-0.551147	3.439331	-0.995789	-0.844421
-0.536804	3.389893	-0.777283	-0.998535
-0.522156	3.325806	-0.558777	-1.138000
-0.502625	3.241272	-0.334167	-1.269226
-0.466309	3.131409	-0.108032	-1.383667
-0.417175	2.993469	0.142822	-1.480713
-0.369263	2.827454	0.406494	-1.577454
-0.320129	2.646179	0.670471	-1.665649
-0.268860	2.443237	0.930786	-1.719971
-0.223999	2.210693	1.191101	-1.735229
-0.176086	1.952820	1.436462	-1.720581
-0.119019	1.673889	1.650696	-1.682129
-0.065918	1.383972	1.833496	-1.619263
-0.028687	1.077881	1.982727	-1.524963
0.003052	0.765686	2.095642	-1.398621
0.037231	0.447693	2.165833	-1.239319
0.079346	0.111694	2.190857	-1.039429
0.126038	-0.229797	2.162170	-0.809021
0.171814	-0.574341	2.086792	-0.545044
0.214233	-0.931396	1.969604	-0.248718
0.259399	-1.289063	1.808167	0.072937
0.312195	-1.640320	1.610107	0.403137
0.358582	-1.977539	1.387939	0.741577
0.400696	-2.289124	1.147766	1.079407
0.438843	-2.565613	0.897522	1.411133
0.468750	-2.810364	0.645752	1.726990
0.490723	-3.024597	0.396423	2.014160
0.507813	-3.209229	0.167542	2.268677
0.525818	-3.367004	-0.032959	2.483215
0.531311	-3.500671	-0.204468	2.649231
0.523682	-3.624878	-0.341187	2.754822
0.512085	-3.732300	-0.440674	2.812500
0.488586	-3.795471	-0.512695	2.820740
0.462952	-3.799744	-0.562134	2.781677
0.433960	-3.756104	-0.579834	2.701111
0.397339	-3.669434	-0.564270	2.577209
0.353394	-3.538818	-0.529175	2.408142
0.302734	-3.377380	-0.473022	2.204895
0.248413	-3.202515	-0.403442	1.979675
0.189514	-3.021240	-0.331726	1.718445
0.128479	-2.828064	-0.247498	1.420898
0.066223	-2.621155	-0.146484	1.093750
0.002441	-2.407837	-0.037842	0.758362
-0.058594	-2.192078	0.054321	0.409851
-0.116272	-1.976624	0.134888	0.057983
-0.176086	-1.760559	0.212708	-0.289307
-0.229492	-1.547241	0.280151	-0.614319
-0.283813	-1.316223	0.338440	-0.924072
-0.333252	-1.066589	0.393066	-1.213379
-0.374146	-0.799255	0.445557	-1.478577
-0.405273	-0.522156	0.484314	-1.711426
-0.422974	-0.238953	0.516052	-1.906128
-0.437927	0.054016	0.543518	-2.059937
-0.449219	0.358276	0.566406	-2.167664
-0.451050	0.676270	0.581665	-2.225952
-0.438232	0.999756	0.589294	-2.238464
-0.415344	1.326294	0.582886	-2.213745
-0.385437	1.656189	0.560913	-2.145386
-0.346375	1.978760	0.526123	-2.028809
-0.301208	2.287598	0.477600	-1.864929
-0.247803	2.583313	0.409851	-1.662292
-0.183411	2.863770	0.320740	-1.430359
-0.109253	3.123169	0.210876	-1.180420
-0.033264	3.352051	0.078735	-0.920105
0.036926	3.541870	-0.067749	-0.652771
0.106812	3.673096	-0.224609	-0.385437
0.173950	3.747559	-0.391235	-0.111694
0.222778	3.783569	-0.560913	0.163269
0.263977	3.790283	-0.726318	0.427856
0.305176	3.760986	-0.877686	0.678406
0.340271	3.704529	-1.015930	0.905151
0.364380	3.625183	-1.145630	1.101990
0.373535	3.519287	-1.253662	1.257324
0.370178	3.380432	-1.343994	1.381836
0.358582	3.201599	-1.419983	1.469727
0.348816	2.977905	-1.473389	1.515198
0.341492	2.707214	-1.494446	1.509705
0.327454	2.405396	-1.488647	1.470947
0.316467	2.056274	-1.481018	1.384888
0.299683	1.671143	-1.476746	1.248474
0.278931	1.262207	-1.470642	1.083069
0.258179	0.840149	-1.459351	0.907593
0.234680	0.403137	-1.436157	0.723877
0.207825	-0.041809	-1.396790	0.528564
0.177612	-0.494690	-1.346130	0.332031
0.143738	-0.949707	-1.292114	0.141296
0.115662	-1.386719	-1.233215	-0.041199
0.090637	-1.789246	-1.161804	-0.202942
0.071106	-2.152100	-1.073303	-0.336304
0.062866	-2.465210	-0.976257	-0.441284
0.064087	-2.730103	-0.863953	-0.508728
0.064392	-2.940674	-0.737305	-0.544128
0.065918	-3.106079	-0.595093	-0.543518
0.071716	-3.262634	-0.438538	-0.510559
0.071411	-3.387146	-0.260315	-0.439148
0.070496	-3.435669	-0.070190	-0.334778
0.075684	-3.430176	0.126343	-0.206299
0.083313	-3.382263	0.323486	-0.061951
0.085449	-3.273926	0.521545	0.088196
0.073242	-3.106384	0.717468	0.232239
0.058594	-2.901611	0.904541	0.359192
0.046387	-2.669983	1.060791	0.485535
0.025330	-2.418518	1.191406	0.607605
0.000000	-2.158508	1.318970	0.715027
-0.027161	-1.902466	1.441345	0.809021
-0.061951	-1.647644	1.546021	0.893555
-0.101318	-1.404724	1.620178	0.940552
-0.137329	-1.173096	1.664124	0.943604
-0.170288	-0.950012	1.677246	0.934448
-0.200500	-0.730286	1.685181	0.913086
-0.237122	-0.523376	1.704407	0.851746
-0.282898	-0.319214	1.739197	0.742188
-0.335693	-0.128784	1.781311	0.601807
-0.391541	0.036926	1.817017	0.432739
-0.440674	0.189514	1.853027	0.236816
-0.486450	0.322266	1.889343	0.025024
-0.528564	0.437012	1.923523	-0.190430
-0.568848	0.540771	1.950073	-0.406189
-0.605469	0.632935	1.968384	-0.628052
-0.639038	0.701599	1.960144	-0.837402
-0.663757	0.748596	1.919250	-1.015015
-0.669861	0.774231	1.858826	-1.167908
-0.669556	0.783997	1.783447	-1.296387
-0.652161	0.787354	1.678772	-1.400757
-0.614929	0.782471	1.541443	-1.479492
-0.560913	0.768738	1.367798	-1.530151
-0.497742	0.751343	1.162720	-1.561279
-0.423889	0.725403	0.946350	-1.567993
-0.342407	0.692139	0.728455	-1.542664
-0.263977	0.669250	0.508423	-1.483765
-0.196228	0.664673	0.286865	-1.390991
-0.126038	0.672913	0.065918	-1.257019
-0.049438	0.680542	-0.151672	-1.082153
0.028992	0.686035	-0.372620	-0.875549
0.103149	0.690613	-0.596008	-0.652466
0.170898	0.696411	-0.818481	-0.418091
0.236206	0.711975	-1.035461	-0.166931
0.297852	0.724792	-1.242676	0.092773
0.350952	0.726929	-1.436462	0.342712
0.387573	0.720825	-1.622009	0.581665
0.408630	0.707092	-1.810608	0.814209
0.423584	0.686035	-1.997986	1.038513
0.431519	0.655212	-2.174072	1.242676
0.429382	0.617676	-2.338867	1.416931
0.417786	0.578918	-2.487793	1.564941
0.395813	0.536194	-2.615662	1.686707
0.368652	0.491638	-2.723999	1.772156
0.343933	0.436096	-2.807922	1.818848
0.325928	0.368652	-2.860107	1.822205
0.310669	0.300903	-2.874756	1.785583
0.294495	0.243835	-2.852173	1.714172
0.284119	0.196838	-2.784729	1.607056
0.281372	0.158997	-2.672424	1.467590
0.277710	0.132446	-2.522278	1.293640
0.263062	0.125122	-2.330627	1.085815
0.242920	0.149841	-2.094421	0.845337
0.220337	0.202332	-1.818237	0.577698
0.191650	0.272522	-1.507568	0.289612
0.165100	0.350342	-1.166382	-0.011597
0.138245	0.417480	-0.804138	-0.316467
0.105591	0.468140	-0.429382	-0.614319
0.062256	0.512085	-0.046997	-0.906982
0.013428	0.550842	0.329895	-1.197510
-0.037842	0.587769	0.690308	-1.477356
-0.085144	0.621338	1.027222	-1.728210
-0.122070	0.644226	1.336670	-1.938477
-0.160522	0.652161	1.612244	-2.106323
-0.204773	0.643005	1.846008	-2.228088
-0.246277	0.615845	2.037354	-2.304077
-0.281372	0.575867	2.192688	-2.341003
-0.314636	0.534668	2.307434	-2.339478
-0.340271	0.490417	2.390137	-2.304077
-0.360107	0.437622	2.445068	-2.240295
-0.383606	0.371399	2.476807	-2.151489
-0.410156	0.298157	2.483215	-2.041931
-0.429993	0.218811	2.456055	-1.912842
-0.443726	0.133667	2.391663	-1.763611
-0.453186	0.043335	2.293701	-1.591187
-0.461426	-0.047302	2.168579	-1.400146
-0.467224	-0.144653	2.018433	-1.193542
-0.468750	-0.246887	1.842346	-0.974426
-0.458984	-0.346069	1.645813	-0.748901
-0.432129	-0.447388	1.442871	-0.516968
-0.387268	-0.551147	1.232300	-0.283813
-0.326538	-0.653076	1.012573	-0.053101
-0.252686	-0.754700	0.792542	0.169067
-0.176697	-0.855713	0.584412	0.384521
-0.100403	-0.956726	0.392456	0.595093
-0.027466	-1.051331	0.219116	0.806274
0.037537	-1.128845	0.071106	1.011963
0.095215	-1.189575	-0.053101	1.206970
0.148010	-1.232300	-0.159912	1.395874
0.197144	-1.257019	-0.247803	1.581116
0.239868	-1.268311	-0.315857	1.752625
0.277710	-1.267395	-0.364685	1.900635
0.305481	-1.254883	-0.395508	2.017517
0.320129	-1.231689	-0.406799	2.098694
0.322571	-1.207886	-0.401001	2.151794
0.317688	-1.185608	-0.380859	2.178345
0.309753	-1.169434	-0.357056	2.172546
0.298157	-1.157532	-0.339050	2.129822
0.278320	-1.147156	-0.332336	2.056885
0.247192	-1.140137	-0.346375	1.960144
0.206299	-1.138611	-0.384827	1.843567
0.160217	-1.134949	-0.445862	1.701660
0.108948	-1.123047	-0.521240	1.535645
0.054626	-1.105347	-0.605469	1.354370
0.007629	-1.079712	-0.698547	1.163635
-0.028381	-1.040039	-0.802307	0.970764
-0.051880	-0.986023	-0.924377	0.780334
-0.065308	-0.924683	-1.067810	0.597839
-0.071411	-0.856628	-1.228943	0.428162
-0.084534	-0.778503	-1.396484	0.268860
-0.110474	-0.686340	-1.562195	0.119324
-0.142517	-0.580750	-1.714783	-0.014954
-0.176697	-0.461731	-1.844177	-0.136108
-0.213318	-0.326538	-1.946716	-0.245056
-0.251770	-0.173035	-2.019653	-0.337219
-0.283203	-0.003967	-2.057495	-0.408325
-0.303040	0.172119	-2.057495	-0.459595
-0.311890	0.349426	-2.015381	-0.495911
-0.310059	0.527649	-1.934204	-0.528259
-0.303345	0.714722	-1.821899	-0.558472
-0.291748	0.907288	-1.676331	-0.587769
-0.272217	1.095276	-1.495056	-0.614929
-0.241699	1.275330	-1.284485	-0.632629
-0.196228	1.440125	-1.054382	-0.633240
-0.136108	1.588745	-0.811157	-0.617371
-0.065308	1.726074	-0.563965	-0.593872
0.012817	1.847839	-0.320740	-0.577698
0.092163	1.948547	-0.078125	-0.583191
0.162354	2.017517	0.165100	-0.619202
0.220337	2.044067	0.408630	-0.677490
0.264893	2.046814	0.651550	-0.752258
0.299377	2.039185	0.880432	-0.838318
0.331726	2.010803	1.089783	-0.932922
0.359802	1.959534	1.271057	-1.036682
0.382385	1.881714	1.421204	-1.147156
0.392151	1.782227	1.530151	-1.253052
0.385437	1.658630	1.605530	-1.359253
0.360718	1.504822	1.643677	-1.459961
0.326233	1.315002	1.652222	-1.552124
0.292664	1.088562	1.636353	-1.623840
0.263672	0.838318	1.596069	-1.663513
0.239563	0.561829	1.535034	-1.669006
0.221863	0.260620	1.448975	-1.647949
0.207520	-0.059204	1.333618	-1.591492
0.193176	-0.390015	1.186829	-1.489868
0.172119	-0.719910	1.018982	-1.350403
0.143738	-1.046753	0.831909	-1.186523
0.118713	-1.368103	0.633240	-0.999146
0.103149	-1.677246	0.430298	-0.785217
0.099487	-1.967163	0.227051	-0.545349
0.104370	-2.228394	0.020447	-0.282593
0.113220	-2.473755	-0.180664	0.001221
0.126648	-2.698364	-0.375977	0.290222
0.139771	-2.902832	-0.561218	0.567322
0.147400	-3.091125	-0.726013	0.819092
0.153198	-3.243103	-0.872192	1.044922
0.163574	-3.348389	-0.997314	1.254578
0.172424	-3.409729	-1.092224	1.449585
0.177917	-3.416138	-1.155396	1.631775
0.185242	-3.363647	-1.195068	1.793213
0.186768	-3.252258	-1.214600	1.920166
0.179443	-3.091736	-1.215210	2.006836
