2020/1/9 9:24:47 40us
CH1			CH2			CH3			CH4
-0.009766	-0.002136	0.006104	-0.004883
-0.010071	-0.002441	0.006104	-0.004578
-0.009766	-0.002441	0.005798	-0.005188
-0.009766	-0.002136	0.005188	-0.004578
-0.010071	-0.002136	0.005798	-0.004578
-0.009766	-0.002136	0.005493	-0.004578
-0.009766	-0.002441	0.005798	-0.004883
-0.009766	-0.002441	0.005493	-0.004883
-0.009766	-0.002747	0.005798	-0.004883
-0.009766	-0.002747	0.005493	-0.004883
-0.009766	-0.002136	0.005188	-0.004883
-0.010071	-0.002441	0.005493	-0.004883
-0.010071	-0.002441	0.005798	-0.004883
-0.010071	-0.002136	0.005798	-0.004883
-0.009460	-0.002136	0.005493	-0.004883
-0.009766	-0.002747	0.005798	-0.004883
-0.009766	-0.002747	0.005493	-0.004883
-0.010071	-0.002441	0.005493	-0.004578
-0.009766	-0.002136	0.005493	-0.004883
-0.009460	-0.002136	0.005798	-0.004883
-0.010071	-0.002441	0.005493	-0.004578
-0.010071	-0.002441	0.005798	-0.004578
-0.010071	-0.002441	0.005493	-0.004883
-0.010071	-0.002136	0.005493	-0.004883
-0.010376	-0.002136	0.005493	-0.004883
-0.009766	-0.002747	0.005798	-0.004883
-0.009766	-0.002441	0.005798	-0.004578
-0.009766	-0.002136	0.005798	-0.004272
-0.009766	-0.002441	0.005188	-0.004578
-0.009766	-0.002136	0.005798	-0.004883
-0.010071	-0.002441	0.005493	-0.004883
-0.009460	-0.002441	0.005798	-0.005188
-0.010071	-0.002441	0.006104	-0.004883
-0.009766	-0.002441	0.005798	-0.005188
-0.010071	-0.002441	0.006104	-0.004578
-0.009460	-0.002747	0.005188	-0.004578
-0.009766	-0.002136	0.005798	-0.004578
-0.010071	-0.002441	0.005493	-0.004883
-0.009460	-0.002136	0.005798	-0.005188
-0.010071	-0.002136	0.005798	-0.004578
-0.009766	-0.002441	0.005493	-0.004883
-0.010071	-0.002441	0.005493	-0.004578
-0.009766	-0.002441	0.005798	-0.004578
-0.009766	-0.002136	0.005493	-0.004883
-0.009766	-0.001221	0.005798	-0.004578
-0.010681	0.001526	0.006104	-0.004883
-0.010071	-0.068359	0.006409	-0.005188
-0.020447	0.135193	0.006409	-0.004883
0.039063	0.515137	0.007324	-0.004578
-0.052795	0.980225	0.010681	-0.004578
-0.171814	1.407776	0.001221	-0.005798
-0.169067	1.520386	0.028381	-0.021362
-0.131836	1.517639	-0.010681	0.011292
0.054626	1.467285	-0.044861	0.018311
0.179749	1.409912	0.019531	-0.055847
0.258789	1.243286	0.061646	-0.040894
0.307922	0.936890	0.150452	-0.039368
0.417175	0.437622	0.268860	-0.001526
0.521851	-0.123901	0.179749	0.148315
0.568848	-0.798645	0.020752	0.248413
0.613708	-1.580505	-0.220642	0.251465
0.598145	-2.341003	-0.435791	0.174255
0.596619	-3.086548	-0.569458	0.032654
0.550537	-3.863525	-0.585327	-0.093079
0.454102	-4.602661	-0.541077	-0.296326
0.332947	-5.275574	-0.438538	-0.485535
0.185547	-5.816040	-0.260620	-0.657959
0.018616	-6.283875	-0.087280	-0.731812
-0.103455	-6.563416	-0.008240	-0.704651
-0.227966	-6.720581	-0.052795	-0.640869
-0.309753	-6.796265	-0.112000	-0.566406
-0.363770	-6.736450	-0.137024	-0.411987
-0.436096	-6.478577	-0.154114	-0.250854
-0.474854	-6.059570	-0.133972	-0.088806
-0.532227	-5.567017	-0.153503	0.112305
-0.582275	-4.980774	-0.170898	0.280457
-0.556946	-4.358521	-0.066528	0.384216
-0.517578	-3.801880	0.043030	0.410461
-0.453186	-3.202820	0.160828	0.353088
-0.418091	-2.533264	0.383301	0.278931
-0.428467	-1.798401	0.649109	0.361328
-0.469055	-1.006470	0.978394	0.484619
-0.469971	-0.180359	1.305542	0.572510
-0.448303	0.605469	1.546021	0.728760
-0.415955	1.318665	1.767578	0.912170
-0.340576	1.957397	1.871643	1.191101
-0.265503	2.481689	1.945190	1.540527
-0.182495	3.002014	2.048340	1.834412
-0.123291	3.436584	2.149353	2.075195
-0.102844	3.796692	2.284241	2.276611
-0.068970	4.100647	2.468872	2.372437
-0.062866	4.383545	2.638245	2.352905
-0.099182	4.628906	2.675781	2.187195
-0.132446	4.793701	2.700500	1.861877
-0.190735	4.925537	2.699585	1.517334
-0.216370	4.915771	2.713318	1.130676
-0.183716	4.765930	2.662964	0.678711
-0.144653	4.478760	2.478333	0.143738
-0.082703	4.078369	2.180481	-0.450134
-0.039063	3.595581	1.851807	-1.025391
0.013123	3.057861	1.458740	-1.564636
0.090637	2.458496	0.921326	-2.005005
0.163574	1.797485	0.300293	-2.366333
0.214844	1.154785	-0.458679	-2.624512
0.257568	0.582886	-1.279297	-2.788086
0.212402	0.119629	-2.096863	-2.898254
0.096436	-0.273743	-2.850952	-2.978821
-0.005798	-0.557251	-3.514404	-3.010864
-0.106506	-0.770264	-4.043579	-2.942810
-0.194397	-0.909424	-4.427795	-2.802734
-0.285950	-0.971375	-4.731140	-2.580566
-0.393066	-1.025391	-4.909668	-2.350159
-0.449524	-1.040039	-4.997253	-2.102051
-0.435486	-1.078796	-5.005798	-1.813354
-0.405579	-1.086731	-4.909363	-1.458130
-0.355225	-1.020203	-4.736938	-1.018066
-0.306091	-0.861816	-4.508972	-0.537720
-0.254211	-0.644531	-4.181213	-0.104065
-0.175171	-0.346680	-3.740845	0.303040
-0.094910	0.074463	-3.251953	0.722656
-0.037537	0.570068	-2.721558	1.100769
0.020447	1.096497	-2.204285	1.439819
0.070190	1.721191	-1.768799	1.759644
0.139160	2.395325	-1.288147	2.040100
0.250854	3.036804	-0.738831	2.281494
0.337524	3.614197	-0.197144	2.505188
0.455933	4.077454	0.235596	2.611389
0.596313	4.421387	0.532227	2.609253
0.761108	4.653320	0.692749	2.590942
0.944519	4.698792	0.791931	2.581787
1.135559	4.533691	0.901489	2.483521
1.295776	4.224548	0.993042	2.283020
1.408386	3.846130	1.091003	2.017517
1.432495	3.331909	1.195984	1.731262
1.353455	2.768555	1.284790	1.401978
1.254272	2.194214	1.377869	1.045227
1.114197	1.582336	1.488953	0.717468
0.939941	0.912476	1.611328	0.346375
0.760193	0.221252	1.736450	-0.029602
0.523071	-0.534363	1.869202	-0.385132
0.257568	-1.317749	1.999512	-0.698853
0.012817	-2.099304	2.105103	-0.923462
-0.247192	-2.909851	2.173462	-1.084595
-0.531006	-3.652039	2.208557	-1.213989
-0.766602	-4.335632	2.173157	-1.300659
-0.958252	-4.861145	2.050171	-1.344604
-1.091309	-5.242004	1.880493	-1.385498
-1.172180	-5.661316	1.687012	-1.448669
-1.220703	-6.099854	1.517944	-1.542664
-1.266785	-6.407776	1.388245	-1.659241
-1.326599	-6.494446	1.274414	-1.790771
-1.355286	-6.420898	1.190186	-1.931458
-1.352539	-6.128540	1.106262	-2.058411
-1.325989	-5.611267	1.003113	-2.132874
-1.284485	-4.945374	0.953064	-2.164612
-1.210938	-4.156799	0.902100	-2.134399
-1.116638	-3.272400	0.749512	-1.988525
-1.002808	-2.308350	0.568237	-1.755066
-0.841370	-1.345215	0.428772	-1.457825
-0.690308	-0.435791	0.328674	-1.059570
-0.535583	0.409546	0.248718	-0.698242
-0.400085	1.205750	0.166626	-0.407104
-0.297546	1.904602	0.081787	-0.081787
-0.194397	2.462769	0.044861	0.338440
-0.091553	2.865295	0.087891	0.757751
0.017395	3.157959	0.222473	1.098328
0.101929	3.374939	0.410461	1.366577
0.124512	3.463135	0.571594	1.585999
0.105896	3.426819	0.740356	1.766968
0.111389	3.281250	0.949707	1.933899
0.135193	3.072510	1.163635	2.130737
0.213623	2.864380	1.316528	2.281799
0.340881	2.622375	1.411438	2.335510
0.455933	2.340393	1.440125	2.311096
0.587463	2.037964	1.359863	2.287903
0.720825	1.732483	1.196899	2.236633
0.797119	1.462708	0.958862	2.156067
0.839844	1.244507	0.642090	2.021790
0.871887	1.044922	0.298157	1.828613
0.907288	0.903625	-0.076599	1.573486
0.933838	0.827637	-0.480042	1.249695
0.932007	0.715637	-0.900269	0.854797
0.914307	0.571899	-1.339722	0.406189
0.871582	0.431213	-1.791077	-0.028381
0.777893	0.297546	-2.233582	-0.437927
0.669250	0.138245	-2.642212	-0.810547
0.579224	-0.065002	-2.999573	-1.136169
0.503540	-0.292664	-3.329773	-1.376343
0.419006	-0.552063	-3.638611	-1.555786
0.321045	-0.802612	-3.941040	-1.686707
0.216980	-0.979919	-4.251404	-1.737366
0.103455	-1.116333	-4.477234	-1.692200
-0.031128	-1.196289	-4.603577	-1.597595
-0.198059	-1.190186	-4.602356	-1.522522
-0.394897	-1.077576	-4.456177	-1.495056
-0.564270	-0.875549	-4.196167	-1.520691
-0.688171	-0.607910	-3.824463	-1.570435
-0.774841	-0.289612	-3.378601	-1.603394
-0.852661	0.089111	-2.873840	-1.634216
-0.926514	0.501099	-2.338257	-1.629333
-0.973816	0.943298	-1.804504	-1.637268
-0.996399	1.436768	-1.320801	-1.673584
-0.968018	1.860962	-0.873413	-1.685181
-0.870056	2.196655	-0.453796	-1.682434
-0.736389	2.480469	-0.067749	-1.674805
-0.556335	2.725220	0.298767	-1.697998
-0.332642	2.935791	0.652466	-1.732483
-0.096741	3.063354	0.989990	-1.717224
0.125122	3.076477	1.301880	-1.676331
0.325623	3.025818	1.581726	-1.631470
0.504761	2.965698	1.841736	-1.566772
0.675049	2.921448	2.116394	-1.501770
0.820618	2.883301	2.426147	-1.412659
0.934143	2.827454	2.763977	-1.268005
1.035156	2.712097	3.084106	-1.067200
1.121521	2.538452	3.356934	-0.808105
1.166382	2.329102	3.572693	-0.527954
1.163330	2.087708	3.743286	-0.252991
1.138611	1.828918	3.859253	0.018921
1.107178	1.560974	3.909607	0.279846
1.056824	1.264954	3.919983	0.538635
0.955200	0.930481	3.904724	0.763245
0.788269	0.552368	3.800049	0.951233
0.566711	0.144653	3.603210	1.127319
0.314026	-0.256958	3.317566	1.274414
0.055847	-0.639038	2.966309	1.371765
-0.175476	-1.014709	2.598572	1.436157
-0.379333	-1.402588	2.208252	1.481018
-0.569153	-1.803589	1.794739	1.505127
-0.749512	-2.200012	1.353455	1.510925
-0.892029	-2.586670	0.878906	1.516724
-0.973206	-2.941895	0.373535	1.552429
-1.005859	-3.254700	-0.173340	1.590881
-0.991516	-3.562317	-0.722046	1.611633
-0.958252	-3.805237	-1.245422	1.628113
-0.912170	-3.924255	-1.733398	1.635742
-0.863037	-3.955383	-2.139282	1.644897
-0.822449	-3.909912	-2.442627	1.627502
-0.785828	-3.781433	-2.654114	1.559448
-0.742798	-3.558655	-2.783203	1.459656
-0.683289	-3.251953	-2.840271	1.326904
-0.619202	-2.910156	-2.836304	1.183167
-0.563660	-2.581787	-2.749329	1.051941
-0.505371	-2.258911	-2.587280	0.914612
-0.441895	-1.934814	-2.348633	0.764771
-0.356445	-1.613770	-2.053528	0.614929
-0.259705	-1.272278	-1.737976	0.469055
-0.159607	-0.928955	-1.409607	0.368347
-0.045166	-0.604553	-1.088867	0.364380
0.064697	-0.284424	-0.776062	0.437622
0.183716	0.039673	-0.460205	0.535583
0.314636	0.357056	-0.099792	0.637817
0.447083	0.664673	0.320435	0.787048
0.580444	0.972900	0.753784	0.960999
0.699768	1.292114	1.172485	1.119690
0.775757	1.596680	1.574402	1.261902
0.807190	1.864014	1.947021	1.365662
0.801392	2.101135	2.275696	1.423645
0.788574	2.303162	2.539978	1.428833
0.775146	2.481384	2.703857	1.378174
0.755005	2.612915	2.752686	1.282959
0.723267	2.684937	2.701111	1.134033
0.658875	2.696533	2.555847	0.931396
0.563049	2.660522	2.323914	0.673218
0.446777	2.592163	1.979980	0.368042
0.326538	2.501526	1.509705	0.024414
0.203857	2.382202	0.965576	-0.327148
0.078125	2.242432	0.405273	-0.672302
-0.045471	2.094421	-0.154419	-1.007080
-0.163574	1.963196	-0.682678	-1.332092
-0.285950	1.849060	-1.196289	-1.637268
-0.409851	1.762695	-1.673279	-1.905518
-0.509949	1.713867	-2.089233	-2.131653
-0.582275	1.678772	-2.424622	-2.307129
-0.634766	1.643372	-2.684021	-2.444763
-0.660706	1.598511	-2.861633	-2.561951
-0.661926	1.540833	-2.950439	-2.629700
-0.635376	1.463013	-2.965698	-2.643433
-0.584106	1.346130	-2.919617	-2.633362
-0.517578	1.179199	-2.801819	-2.628479
-0.436096	0.973511	-2.614441	-2.632141
-0.350952	0.724792	-2.360229	-2.611084
-0.264282	0.434875	-2.041931	-2.554016
-0.169678	0.127869	-1.699219	-2.463379
-0.059814	-0.189819	-1.353760	-2.344666
0.063477	-0.478516	-1.004028	-2.192688
0.199585	-0.729065	-0.642700	-1.993408
0.336304	-0.935669	-0.285034	-1.741333
0.472412	-1.091919	0.032349	-1.440430
0.620117	-1.213379	0.313110	-1.099548
0.775452	-1.307373	0.569153	-0.734253
0.938721	-1.389465	0.806885	-0.364075
1.115417	-1.465759	1.025696	0.014343
1.297302	-1.537476	1.208496	0.395508
1.443787	-1.617432	1.344604	0.760193
1.540527	-1.699829	1.438599	1.100769
1.576538	-1.760254	1.502075	1.406250
1.539917	-1.786194	1.532288	1.660156
1.452942	-1.778259	1.534424	1.832581
1.318665	-1.733704	1.506653	1.923523
1.139221	-1.670227	1.472778	1.964417
0.928650	-1.604004	1.430054	1.967163
0.690002	-1.535645	1.369934	1.939087
0.438843	-1.460876	1.284790	1.887512
0.193176	-1.400452	1.174316	1.821899
-0.042725	-1.369019	1.056824	1.752625
-0.275879	-1.347656	0.933533	1.688538
-0.505981	-1.329956	0.784302	1.628723
-0.722351	-1.312866	0.599976	1.587219
-0.901489	-1.288147	0.385132	1.588745
-1.039429	-1.250610	0.165405	1.626587
-1.145325	-1.216736	-0.033264	1.665039
-1.220703	-1.187439	-0.187683	1.674500
-1.275635	-1.148071	-0.292053	1.660767
-1.317444	-1.101685	-0.359802	1.604309
-1.352539	-1.046448	-0.399170	1.489563
-1.373901	-0.985107	-0.412292	1.332092
-1.377869	-0.909424	-0.405273	1.142578
-1.363220	-0.803223	-0.383301	0.919800
-1.330566	-0.662231	-0.354309	0.668945
-1.285706	-0.495605	-0.335083	0.399780
-1.226807	-0.313721	-0.326538	0.131531
-1.151733	-0.114746	-0.327759	-0.122070
-1.058350	0.110474	-0.321960	-0.359802
-0.950623	0.360107	-0.288696	-0.585632
-0.834351	0.621948	-0.220947	-0.798950
-0.698853	0.875854	-0.106812	-0.989685
-0.544434	1.102905	0.053101	-1.136780
-0.383301	1.292114	0.243835	-1.223145
-0.219727	1.443481	0.468750	-1.242676
-0.068359	1.561279	0.726013	-1.202087
0.057678	1.650391	0.991821	-1.103210
0.177612	1.716309	1.254272	-0.947571
0.292969	1.737671	1.480103	-0.745544
0.408936	1.711426	1.660156	-0.495911
0.523376	1.651001	1.786499	-0.215759
0.624695	1.558533	1.855469	0.087891
0.711060	1.441345	1.860046	0.415344
0.785217	1.325684	1.807861	0.741577
0.840149	1.210632	1.711426	1.046448
0.869751	1.086121	1.582642	1.309204
0.867615	0.975037	1.414795	1.532593
0.829773	0.906067	1.206055	1.721497
0.776672	0.902100	0.968628	1.880188
0.722351	0.960999	0.702820	1.996460
0.667725	1.058350	0.425110	2.063904
0.606995	1.171265	0.145569	2.064819
0.548401	1.288452	-0.132141	1.985168
0.484924	1.394043	-0.412903	1.854248
0.423279	1.470642	-0.689392	1.689148
0.360718	1.507874	-0.950317	1.479492
0.299988	1.511536	-1.199036	1.228333
0.252991	1.477356	-1.436768	0.960999
0.208130	1.400146	-1.675720	0.680847
0.162964	1.282349	-1.911621	0.397644
0.097961	1.120911	-2.125244	0.118103
0.017395	0.920410	-2.294006	-0.163574
-0.066528	0.690613	-2.411804	-0.460510
-0.154114	0.427856	-2.458191	-0.789185
-0.232849	0.126343	-2.427368	-1.135559
-0.295410	-0.205688	-2.330322	-1.477356
-0.333862	-0.547485	-2.178650	-1.802368
-0.353088	-0.877686	-1.984558	-2.095032
-0.354309	-1.168823	-1.760864	-2.355042
-0.337830	-1.412964	-1.517639	-2.571716
-0.308838	-1.612854	-1.254578	-2.742615
-0.263672	-1.770325	-0.979614	-2.868652
-0.204773	-1.888733	-0.697937	-2.946777
-0.130615	-1.968079	-0.412903	-2.976990
-0.043335	-1.999207	-0.131531	-2.954102
0.040894	-1.978455	0.144653	-2.872925
0.126343	-1.930847	0.407104	-2.733765
0.220337	-1.895752	0.650330	-2.551270
0.310669	-1.846924	0.874939	-2.339478
0.378723	-1.729126	1.088867	-2.106934
0.422974	-1.553040	1.293335	-1.862488
0.443115	-1.342773	1.478882	-1.599731
0.445557	-1.081543	1.634827	-1.312866
0.435791	-0.748291	1.760254	-0.996094
0.413818	-0.355530	1.864319	-0.656128
0.373840	0.066833	1.931458	-0.294800
0.309143	0.503540	1.965332	0.077820
0.231323	0.923157	1.994934	0.426941
0.146179	1.342163	2.033997	0.764465
0.046082	1.728821	2.070618	1.087036
-0.069580	2.062378	2.085571	1.366272
-0.195923	2.340393	2.070923	1.579285
-0.322876	2.555237	2.020569	1.763306
-0.437317	2.694092	1.946106	1.928101
-0.534668	2.732849	1.860046	2.038879
-0.624390	2.697754	1.749573	2.078247
-0.699768	2.620544	1.602173	2.065430
-0.766602	2.474976	1.411438	2.005005
-0.825500	2.279968	1.167908	1.897888
-0.874939	2.039795	0.886536	1.767883
-0.908508	1.763611	0.595703	1.624756
-0.912781	1.449585	0.286865	1.457520
-0.902405	1.116943	-0.041504	1.270447
-0.875244	0.763855	-0.375366	1.067505
-0.830688	0.394592	-0.678101	0.861816
-0.785217	0.014343	-0.934753	0.659790
-0.756226	-0.366516	-1.134033	0.434875
-0.731506	-0.735474	-1.285706	0.177307
-0.698853	-1.086426	-1.398926	-0.083923
-0.654602	-1.400146	-1.479492	-0.319519
-0.593262	-1.685791	-1.501465	-0.528870
-0.515137	-1.957397	-1.453857	-0.721741
-0.412292	-2.214661	-1.341248	-0.879211
-0.303345	-2.442017	-1.191406	-0.973816
-0.199585	-2.659302	-1.029053	-1.015015
-0.089722	-2.891541	-0.876465	-0.993347
0.029602	-3.121948	-0.736694	-0.879517
0.165710	-3.277588	-0.620728	-0.679932
0.309143	-3.377991	-0.522766	-0.411682
0.441895	-3.433228	-0.451355	-0.097656
0.561218	-3.403320	-0.405884	0.273132
0.670776	-3.270874	-0.359192	0.688477
0.758057	-3.053589	-0.307007	1.109924
0.816650	-2.756958	-0.279846	1.506042
0.847473	-2.386475	-0.268860	1.861267
0.867310	-1.959534	-0.241394	2.140808
0.872498	-1.480713	-0.183411	2.343140
0.861511	-0.983582	-0.108643	2.459106
0.835876	-0.486755	-0.033875	2.458801
0.787048	0.010681	0.024719	2.362061
0.711060	0.506897	0.064697	2.222900
0.618896	0.983887	0.094604	2.046509
0.513916	1.419983	0.132446	1.790466
0.400696	1.817932	0.191650	1.469421
0.277100	2.165833	0.261536	1.128845
0.151367	2.449036	0.325623	0.761719
0.031738	2.682190	0.372925	0.365295
-0.081787	2.846375	0.415649	-0.024414
-0.185547	2.937317	0.465393	-0.393982
-0.274353	2.973938	0.522766	-0.756531
-0.344238	2.937012	0.584412	-1.125183
-0.393982	2.812805	0.636292	-1.492310
-0.416870	2.610168	0.675049	-1.835632
-0.409546	2.358398	0.696106	-2.136841
-0.389404	2.077942	0.707397	-2.390442
-0.358582	1.793823	0.697021	-2.608337
-0.310364	1.518250	0.658264	-2.802124
-0.257874	1.268921	0.597534	-2.985229
-0.197144	1.028748	0.519409	-3.149414
-0.127258	0.768127	0.429688	-3.288879
-0.054321	0.491638	0.348816	-3.389587
0.007324	0.224915	0.279846	-3.448792
0.050659	-0.024109	0.220947	-3.463745
0.094604	-0.251465	0.164795	-3.431396
0.148621	-0.438232	0.100708	-3.332214
0.209351	-0.583801	0.029297	-3.147583
0.267029	-0.697632	-0.048523	-2.886658
0.320435	-0.788269	-0.133362	-2.570190
0.369568	-0.852661	-0.209351	-2.210388
0.427551	-0.916748	-0.256348	-1.791382
0.483398	-1.017456	-0.290527	-1.327515
0.534973	-1.158447	-0.319214	-0.842285
0.573120	-1.293335	-0.353699	-0.337219
0.600281	-1.391296	-0.381470	0.183105
0.611572	-1.432190	-0.408020	0.694885
0.596924	-1.428223	-0.437622	1.196594
0.549622	-1.376953	-0.465698	1.647949
0.472107	-1.259155	-0.489197	2.068481
0.374146	-1.096191	-0.523987	2.433167
0.252686	-0.910950	-0.590210	2.747803
0.130310	-0.707703	-0.692749	3.001099
0.022583	-0.493164	-0.806580	3.186951
-0.068970	-0.270386	-0.912170	3.303528
-0.146484	-0.047607	-1.010437	3.341370
-0.210876	0.143127	-1.112061	3.292542
-0.260010	0.296936	-1.221619	3.182983
-0.302124	0.420837	-1.334229	3.052063
-0.337219	0.531616	-1.424561	2.900696
-0.357056	0.626831	-1.477356	2.709045
-0.364685	0.701904	-1.470337	2.478333
-0.360718	0.737305	-1.396790	2.233276
-0.351257	0.695801	-1.275635	1.981506
-0.340576	0.597839	-1.125183	1.714172
-0.332947	0.473633	-0.945129	1.438599
-0.327759	0.330811	-0.736694	1.145325
-0.333862	0.175171	-0.509644	0.832520
-0.343628	0.001831	-0.280151	0.507507
-0.354614	-0.180054	-0.054626	0.196838
-0.366211	-0.377808	0.164185	-0.086060
-0.390930	-0.586853	0.355530	-0.343628
-0.435791	-0.798645	0.511475	-0.587769
-0.483398	-1.002808	0.636902	-0.825806
-0.521240	-1.178589	0.726013	-1.047058
-0.552063	-1.320801	0.776672	-1.255798
-0.568237	-1.447754	0.781860	-1.459351
-0.568237	-1.568604	0.759277	-1.639099
-0.547791	-1.675415	0.718079	-1.775818
-0.511780	-1.762085	0.664368	-1.864319
-0.464783	-1.807251	0.605774	-1.907959
-0.392761	-1.795349	0.543823	-1.902161
-0.295105	-1.751709	0.469971	-1.828308
-0.188599	-1.683960	0.380554	-1.700745
-0.082703	-1.552734	0.278931	-1.546936
0.007935	-1.364746	0.171814	-1.368408
0.096130	-1.139832	0.059814	-1.159058
0.185242	-0.891724	-0.048218	-0.931396
0.266418	-0.630798	-0.130615	-0.706177
0.334778	-0.362244	-0.183105	-0.506287
0.387268	-0.093079	-0.208435	-0.327759
0.411682	0.151062	-0.204163	-0.191040
0.401917	0.400391	-0.165710	-0.102539
0.365295	0.660706	-0.105591	-0.048828
0.320435	0.917053	-0.027161	-0.004272
0.278931	1.163330	0.077820	0.032654
0.237732	1.396484	0.204773	0.051270
0.204468	1.605225	0.347595	0.057983
0.190430	1.767883	0.495911	0.069275
0.187073	1.898193	0.642090	0.069275
0.188904	1.999817	0.777588	0.047607
0.216980	2.035522	0.907898	0.020752
0.270081	2.023315	1.014404	-0.003967
0.338135	1.981506	1.082153	-0.035095
0.416260	1.895142	1.117249	-0.084534
0.490112	1.765137	1.109924	-0.150146
0.552673	1.603088	1.047974	-0.219116
0.597534	1.417847	0.951538	-0.303345
0.622864	1.188965	0.827637	-0.426636
0.629272	0.912476	0.647583	-0.576782
0.610352	0.598450	0.422058	-0.753174
0.570679	0.256653	0.166321	-0.963440
0.521240	-0.079041	-0.098877	-1.177979
0.467834	-0.417480	-0.387878	-1.391602
0.419922	-0.744324	-0.698242	-1.591492
0.368042	-1.047363	-1.012268	-1.753540
0.300598	-1.329651	-1.315308	-1.857910
0.220032	-1.590881	-1.581421	-1.892090
0.140991	-1.815186	-1.805115	-1.873779
0.075073	-1.973877	-1.969604	-1.810303
0.013428	-2.098083	-2.079773	-1.682129
-0.042419	-2.225647	-2.145081	-1.490479
-0.097961	-2.300720	-2.160645	-1.233521
-0.155640	-2.289124	-2.125244	-0.919800
-0.198059	-2.215881	-2.045288	-0.573425
-0.222473	-2.080383	-1.925659	-0.201111
-0.236511	-1.861572	-1.784973	0.185547
-0.256348	-1.553955	-1.629333	0.573730
-0.260315	-1.185913	-1.466675	0.941772
-0.262146	-0.783691	-1.326294	1.277161
-0.274963	-0.351868	-1.192932	1.572266
-0.286560	0.107727	-1.036072	1.809998
-0.301514	0.581970	-0.852356	2.000122
-0.320740	1.066589	-0.663452	2.132263
-0.341187	1.558533	-0.479126	2.157898
-0.363770	2.037354	-0.290527	2.100220
-0.375366	2.483826	-0.090942	2.014465
-0.380859	2.879028	0.148621	1.892700
-0.385437	3.221741	0.435791	1.701355
-0.377502	3.500671	0.769043	1.464844
-0.363770	3.694153	1.105042	1.212158
-0.355225	3.816833	1.412964	0.942993
-0.346680	3.894653	1.688232	0.668335
-0.346069	3.885498	1.937561	0.417175
-0.346375	3.802185	2.154541	0.202026
-0.346069	3.653259	2.327881	0.018005
-0.358276	3.429565	2.461548	-0.152893
-0.377502	3.141785	2.529297	-0.291748
-0.400391	2.785645	2.515259	-0.385132
-0.430908	2.350464	2.453003	-0.444031
-0.478210	1.869812	2.361755	-0.490112
-0.529785	1.362610	2.236633	-0.522766
-0.570374	0.841370	2.066956	-0.551147
-0.596619	0.341492	1.847534	-0.586243
-0.608521	-0.145569	1.588440	-0.615234
-0.596313	-0.628967	1.310425	-0.625610
-0.556030	-1.091614	1.019897	-0.620117
-0.509338	-1.501770	0.721741	-0.603333
-0.453796	-1.855774	0.427551	-0.563049
-0.385742	-2.162170	0.143738	-0.484619
-0.288696	-2.429504	-0.129700	-0.364685
-0.172119	-2.656860	-0.382996	-0.204163
-0.049744	-2.856445	-0.605469	-0.032654
0.073547	-3.006592	-0.814819	0.144043
0.189514	-3.099670	-0.996094	0.339661
0.289612	-3.195496	-1.140442	0.547180
0.376892	-3.310852	-1.260986	0.752563
0.441589	-3.373718	-1.351318	0.935669
0.484924	-3.342285	-1.406860	1.099854
0.516968	-3.254395	-1.431580	1.234131
0.535583	-3.115845	-1.429749	1.327820
0.541687	-2.899475	-1.401062	1.373291
0.530090	-2.612305	-1.335754	1.377258
0.506287	-2.300415	-1.240845	1.340332
0.462036	-2.004700	-1.148987	1.265869
0.392151	-1.729736	-1.036682	1.163025
0.320129	-1.480103	-0.874634	1.018372
0.246277	-1.239319	-0.663452	0.855103
0.179138	-1.001282	-0.435486	0.666504
0.131531	-0.749207	-0.205688	0.415955
0.098572	-0.497437	0.012512	0.161133
0.080872	-0.252075	0.199890	-0.054932
0.078430	-0.009766	0.370789	-0.258179
0.086670	0.227966	0.538025	-0.493164
0.114136	0.457458	0.705872	-0.731201
0.153503	0.639648	0.864563	-0.957336
0.197144	0.766296	1.009216	-1.179810
0.242004	0.852051	1.126099	-1.373596
0.277100	0.876465	1.214294	-1.514893
0.296021	0.871887	1.263428	-1.614075
0.291443	0.856018	1.276855	-1.689758
0.267334	0.833435	1.260681	-1.751099
0.241394	0.806580	1.200867	-1.782532
0.221252	0.763855	1.098022	-1.774597
0.173645	0.712280	0.981750	-1.738892
0.099182	0.669556	0.862427	-1.701965
0.018921	0.637512	0.722046	-1.657715
-0.055237	0.625916	0.550232	-1.604614
-0.125427	0.650635	0.353394	-1.553650
-0.190125	0.675659	0.145264	-1.488953
-0.246582	0.684204	-0.063171	-1.394653
-0.300598	0.697327	-0.268250	-1.267090
-0.367432	0.732727	-0.465088	-1.109619
-0.435791	0.779114	-0.659180	-0.932007
-0.479736	0.810547	-0.845642	-0.715942
-0.490723	0.827026	-1.024475	-0.453186
-0.474854	0.828247	-1.182251	-0.175476
-0.447693	0.804443	-1.321411	0.074463
-0.417786	0.761414	-1.464233	0.298157
-0.392456	0.702515	-1.583252	0.505981
-0.363464	0.625916	-1.658020	0.690918
-0.324097	0.531921	-1.705627	0.832520
-0.284729	0.433960	-1.712952	0.932007
-0.249023	0.344238	-1.680603	1.004944
-0.214539	0.264893	-1.609802	1.058350
-0.180054	0.193787	-1.503601	1.097717
-0.141296	0.134888	-1.370239	1.119080
-0.106201	0.087280	-1.210022	1.129761
-0.072327	0.051575	-1.021423	1.127014
-0.042114	0.030823	-0.817871	1.121216
-0.024414	0.020142	-0.600891	1.138611
-0.003967	0.014038	-0.360107	1.161804
0.025635	0.015564	-0.106201	1.185913
0.072327	0.032959	0.148010	1.227417
0.128174	0.061035	0.389709	1.278076
0.185852	0.082703	0.613708	1.347961
0.241394	0.094299	0.807800	1.438293
0.291443	0.096741	0.969849	1.531372
0.333557	0.083313	1.105042	1.615295
0.363464	0.046692	1.208496	1.679993
0.379639	-0.022583	1.286011	1.717224
0.390930	-0.134277	1.330566	1.731262
0.396423	-0.290833	1.330261	1.726074
0.387878	-0.495605	1.292419	1.699219
0.363770	-0.732422	1.216736	1.642456
0.322571	-0.972595	1.105652	1.553650
0.269470	-1.200867	0.964661	1.442261
0.214844	-1.414490	0.798645	1.314392
0.156860	-1.601868	0.616150	1.188049
0.081482	-1.767273	0.421448	1.057739
-0.007324	-1.909790	0.223694	0.917969
-0.104675	-2.026978	0.023499	0.771790
-0.195313	-2.115173	-0.167236	0.627747
-0.270081	-2.185059	-0.344543	0.482788
-0.328979	-2.236023	-0.502625	0.342712
-0.375366	-2.266235	-0.634766	0.208130
-0.416565	-2.273254	-0.724182	0.072327
-0.451355	-2.251587	-0.767212	-0.069885
-0.483093	-2.198792	-0.767517	-0.213318
-0.503845	-2.113953	-0.728149	-0.341187
-0.506897	-1.983948	-0.673218	-0.455627
-0.492554	-1.812439	-0.610352	-0.570679
-0.470886	-1.611023	-0.527039	-0.682373
-0.442810	-1.379700	-0.418701	-0.795898
-0.408630	-1.116028	-0.276489	-0.911560
-0.368958	-0.824585	-0.094604	-1.029968
-0.317078	-0.506287	0.114746	-1.157227
-0.248108	-0.174561	0.338440	-1.282349
-0.165710	0.160828	0.569763	-1.398010
-0.079041	0.490417	0.806274	-1.488953
0.014038	0.808105	1.046143	-1.548767
0.115051	1.112976	1.275330	-1.579285
0.209656	1.385193	1.488647	-1.584778
0.298767	1.614685	1.680298	-1.578064
0.377502	1.802979	1.837463	-1.554871
0.434265	1.945496	1.949463	-1.507874
0.479431	2.044373	2.008057	-1.440125
0.517578	2.101746	2.013245	-1.346436
0.549927	2.116699	1.966553	-1.223755
0.580444	2.092590	1.864624	-1.076355
0.604248	2.032776	1.705017	-0.905457
0.610962	1.940918	1.488037	-0.722046
0.596313	1.817932	1.216736	-0.538635
0.559692	1.666870	0.900574	-0.358276
0.493164	1.498413	0.545654	-0.177002
0.407410	1.317139	0.159607	0.004883
0.320740	1.122742	-0.251770	0.176697
0.240479	0.922852	-0.677795	0.330811
0.167236	0.718994	-1.097107	0.462646
0.102234	0.515747	-1.498413	0.559387
0.042114	0.331726	-1.878662	0.621338
-0.019836	0.164795	-2.220154	0.663757
-0.077209	0.000305	-2.513733	0.683289
-0.122375	-0.162659	-2.757874	0.686340
-0.148621	-0.319824	-2.959900	0.679016
-0.153809	-0.464172	-3.120422	0.661011
-0.146790	-0.582275	-3.226929	0.643616
-0.132141	-0.676575	-3.283081	0.629883
-0.109253	-0.748596	-3.278198	0.611877
-0.088501	-0.794373	-3.215027	0.587463
-0.076904	-0.812073	-3.109131	0.556030
-0.073547	-0.809021	-2.961731	0.521240
-0.071716	-0.789795	-2.768860	0.483093
-0.064697	-0.760193	-2.525940	0.445251
-0.054321	-0.715027	-2.230835	0.408630
-0.044556	-0.637207	-1.903687	0.366516
-0.043640	-0.524902	-1.562195	0.308533
-0.062866	-0.393372	-1.205444	0.228577
-0.099792	-0.251770	-0.842285	0.124512
-0.144043	-0.102844	-0.471191	0.004883
-0.191040	0.053711	-0.082092	-0.124512
-0.228882	0.217590	0.320435	-0.249939
-0.250854	0.372009	0.712585	-0.362549
-0.256042	0.519409	1.098022	-0.470276
-0.248108	0.650635	1.461182	-0.566101
-0.235291	0.759888	1.791687	-0.646667
-0.222778	0.854492	2.078857	-0.712280
-0.215759	0.935669	2.322998	-0.757751
-0.211487	1.002808	2.520752	-0.781555
-0.203552	1.046143	2.663574	-0.783997
-0.188904	1.059570	2.745667	-0.758972
-0.170288	1.049805	2.759705	-0.705872
-0.156250	1.022339	2.716980	-0.629883
-0.144958	0.975037	2.627258	-0.536194
-0.130005	0.906677	2.500305	-0.428467
-0.118103	0.818481	2.350464	-0.314941
-0.117493	0.702515	2.185974	-0.205994
-0.128174	0.561829	2.008057	-0.102844
-0.144653	0.406494	1.825867	0.000305
-0.156250	0.249023	1.645508	0.101929
-0.160522	0.099792	1.473999	0.199280
-0.159607	-0.031738	1.305542	0.295410
-0.159607	-0.137634	1.137695	0.392151
-0.161743	-0.222778	0.974426	0.474854
-0.162048	-0.286865	0.815735	0.525818
-0.161438	-0.332336	0.658569	0.549011
-0.161743	-0.368958	0.510864	0.555420
-0.157166	-0.404053	0.384216	0.552979
-0.145569	-0.439453	0.277405	0.543213
-0.122375	-0.477295	0.176392	0.516663
-0.094910	-0.524902	0.075378	0.466614
-0.068970	-0.592651	-0.021057	0.401611
-0.049744	-0.677185	-0.115967	0.325623
-0.030212	-0.772400	-0.201721	0.230408
-0.000916	-0.870361	-0.277710	0.115662
0.039063	-0.962830	-0.343933	-0.014343
0.083923	-1.051331	-0.395203	-0.152283
0.134888	-1.128540	-0.433350	-0.285950
0.186462	-1.187134	-0.455627	-0.406494
0.229187	-1.225891	-0.461426	-0.511169
0.266418	-1.241150	-0.455322	-0.598450
0.298767	-1.228943	-0.437012	-0.657654
0.322571	-1.184692	-0.410156	-0.683289
0.337830	-1.103821	-0.380249	-0.672302
0.348816	-0.985413	-0.349121	-0.623474
0.355225	-0.828552	-0.320740	-0.546875
0.358887	-0.635681	-0.301208	-0.440979
0.362549	-0.412598	-0.293274	-0.308533
0.368347	-0.167236	-0.301514	-0.165710
0.378723	0.089722	-0.323181	-0.024109
0.387268	0.345764	-0.350952	0.113220
0.387268	0.594788	-0.386658	0.244751
0.374756	0.835571	-0.433655	0.373230
0.352478	1.068115	-0.484009	0.496521
0.328064	1.284790	-0.530090	0.605774
0.305176	1.478271	-0.570984	0.702515
0.282898	1.656799	-0.611572	0.781555
0.252991	1.826477	-0.647888	0.839539
0.212097	1.982727	-0.675659	0.869446
0.159302	2.117920	-0.701294	0.870361
0.102234	2.233276	-0.715332	0.845337
0.046082	2.339172	-0.713196	0.792236
-0.010071	2.421265	-0.697937	0.710449
-0.068970	2.472534	-0.679321	0.600891
-0.130615	2.498169	-0.667114	0.459595
-0.192261	2.493591	-0.654602	0.286865
-0.254517	2.449341	-0.635376	0.094604
-0.319519	2.371216	-0.618286	-0.114136
-0.381775	2.268677	-0.603638	-0.324097
-0.439148	2.146301	-0.581665	-0.535583
-0.484619	2.005615	-0.557251	-0.740662
-0.510559	1.852417	-0.533142	-0.937500
-0.519714	1.684265	-0.499878	-1.130676
-0.520935	1.502380	-0.458374	-1.315918
-0.516968	1.307983	-0.409546	-1.484680
-0.501404	1.097717	-0.350342	-1.642761
-0.480652	0.884399	-0.278015	-1.781311
-0.455627	0.676270	-0.191650	-1.882019
-0.423279	0.486450	-0.088806	-1.930542
-0.381165	0.312500	0.035095	-1.934814
-0.327148	0.159912	0.182495	-1.907959
-0.258789	0.027771	0.354309	-1.841736
-0.186157	-0.097961	0.531616	-1.738281
-0.110779	-0.208130	0.700684	-1.605530
-0.039978	-0.305786	0.861511	-1.441650
0.025940	-0.397339	1.014099	-1.249390
0.093994	-0.480347	1.149292	-1.034241
0.166016	-0.559998	1.260986	-0.793152
0.238037	-0.630493	1.345520	-0.523376
0.304260	-0.694580	1.393127	-0.219116
0.367737	-0.761108	1.392212	0.108643
0.422058	-0.832214	1.350098	0.446777
0.468140	-0.894775	1.271057	0.781555
0.504150	-0.951233	1.152954	1.094360
0.526733	-1.007690	1.002502	1.380920
0.536804	-1.061401	0.831604	1.639404
0.533447	-1.115723	0.652771	1.864014
0.522461	-1.174316	0.468140	2.049255
0.502014	-1.236267	0.277405	2.192993
0.462952	-1.302490	0.082703	2.290649
0.412292	-1.379089	-0.107117	2.337036
0.350342	-1.460571	-0.283508	2.330017
0.283508	-1.536865	-0.440369	2.273865
0.213318	-1.603699	-0.572205	2.170410
0.141296	-1.659851	-0.673218	2.018433
0.072021	-1.707458	-0.738525	1.829834
0.004883	-1.749268	-0.763550	1.610107
-0.063782	-1.788025	-0.752869	1.356201
-0.127258	-1.822205	-0.718384	1.079102
-0.186462	-1.844177	-0.664978	0.770874
-0.237122	-1.855469	-0.599365	0.453186
-0.278015	-1.853333	-0.513611	0.137939
-0.306702	-1.829529	-0.411377	-0.166321
-0.322266	-1.783142	-0.298157	-0.454712
-0.326233	-1.716614	-0.179443	-0.716858
-0.320435	-1.623840	-0.059509	-0.947876
-0.308533	-1.504517	0.055237	-1.144104
-0.292358	-1.360168	0.158997	-1.307678
-0.272522	-1.194763	0.255737	-1.437073
-0.252380	-1.007080	0.346985	-1.531067
-0.228271	-0.796814	0.429688	-1.592712
-0.201416	-0.561523	0.506592	-1.626587
-0.169983	-0.305786	0.576782	-1.624146
-0.140686	-0.035706	0.640259	-1.587830
-0.116272	0.252075	0.698547	-1.519165
-0.097351	0.553894	0.746765	-1.419678
-0.080566	0.852051	0.779114	-1.303711
-0.058289	1.139221	0.799255	-1.180725
-0.034180	1.414185	0.807800	-1.047058
-0.012512	1.665955	0.798340	-0.900574
0.007019	1.885376	0.765686	-0.744629
0.025635	2.080994	0.708008	-0.578003
0.044556	2.242126	0.627441	-0.409546
0.063171	2.362061	0.525513	-0.242310
0.077820	2.442932	0.401917	-0.066223
0.086670	2.476807	0.263672	0.112000
0.090637	2.457581	0.117188	0.277710
0.093689	2.405701	-0.035400	0.429688
0.104980	2.341614	-0.184937	0.570068
0.120850	2.261353	-0.330200	0.697327
0.131531	2.168884	-0.476685	0.809326
0.139771	2.070313	-0.614319	0.903320
0.141907	1.968689	-0.728760	0.968018
0.143738	1.858215	-0.826111	1.002808
0.142517	1.730652	-0.914917	1.014404
0.140381	1.583862	-0.982361	1.005554
0.143127	1.421814	-1.023560	0.978088
0.146790	1.246948	-1.039124	0.937500
0.155945	1.051941	-1.031494	0.874939
0.165100	0.848999	-1.011963	0.787354
0.172729	0.646973	-0.987549	0.685730
0.179443	0.442200	-0.955200	0.585938
0.184326	0.230408	-0.904541	0.475159
0.187683	0.021362	-0.843506	0.343323
0.192871	-0.185242	-0.775757	0.203247
0.191650	-0.394897	-0.707703	0.073242
0.180969	-0.609436	-0.638428	-0.040588
0.166626	-0.819092	-0.565796	-0.130005
0.153809	-1.025696	-0.484314	-0.193787
0.142822	-1.219177	-0.396118	-0.238953
0.124817	-1.395569	-0.305176	-0.262451
0.102234	-1.561279	-0.209656	-0.271606
0.076294	-1.716614	-0.116272	-0.267944
0.047913	-1.866150	-0.027771	-0.250854
0.012817	-1.994934	0.056763	-0.213318
-0.023804	-2.084961	0.136414	-0.161133
-0.058594	-2.134705	0.201721	-0.094604
-0.093689	-2.142334	0.255127	-0.020142
-0.123596	-2.106323	0.301514	0.054016
-0.150146	-2.030334	0.341492	0.126648
-0.174255	-1.922913	0.376587	0.193481
-0.192566	-1.791687	0.399170	0.261841
-0.211487	-1.643677	0.407715	0.330811
-0.230713	-1.487427	0.405579	0.402222
-0.242615	-1.319275	0.403748	0.478821
-0.243530	-1.140137	0.407104	0.553284
-0.236206	-0.951843	0.412598	0.610352
-0.225830	-0.756531	0.417786	0.642090
-0.211487	-0.559387	0.423889	0.662231
-0.195923	-0.362244	0.442200	0.673828
-0.182495	-0.167542	0.477600	0.667725
-0.173035	0.015564	0.538025	0.631409
-0.170593	0.179749	0.628967	0.569153
-0.175476	0.323486	0.741577	0.497131
-0.176697	0.451050	0.875244	0.413513
-0.179138	0.565186	1.019592	0.317688
-0.195007	0.660400	1.163940	0.207214
-0.223999	0.737000	1.297302	0.083618
-0.256653	0.798950	1.413879	-0.051575
-0.290222	0.842896	1.505737	-0.188293
-0.323486	0.859070	1.561584	-0.312500
-0.347290	0.846252	1.582336	-0.427246
-0.364380	0.808716	1.569214	-0.533142
-0.370178	0.753174	1.520691	-0.631104
-0.364380	0.683289	1.439514	-0.721436
-0.345764	0.593262	1.318359	-0.805054
-0.318909	0.486755	1.158447	-0.879211
-0.284729	0.370483	0.969849	-0.942078
-0.244446	0.252686	0.754395	-0.989380
-0.203552	0.139160	0.516357	-1.019897
-0.163269	0.030823	0.267029	-1.030273
-0.119934	-0.077209	0.016479	-1.011353
-0.076904	-0.181885	-0.224915	-0.957031
-0.039978	-0.272827	-0.451050	-0.872192
-0.006714	-0.354614	-0.662231	-0.763855
0.022583	-0.429382	-0.864868	-0.647278
0.050659	-0.489502	-1.055908	-0.523987
0.085449	-0.529175	-1.231995	-0.382385
0.121155	-0.555115	-1.382141	-0.222168
0.148926	-0.567932	-1.500854	-0.052490
0.172729	-0.563354	-1.587524	0.119629
0.197754	-0.537415	-1.646118	0.300598
0.222778	-0.492859	-1.681519	0.488892
0.247192	-0.427856	-1.702576	0.676270
0.271606	-0.343933	-1.703796	0.854187
0.292969	-0.252686	-1.677856	1.015930
0.310974	-0.160217	-1.632996	1.160278
0.331116	-0.070801	-1.572571	1.287537
0.350342	0.013733	-1.497498	1.393127
0.370789	0.094299	-1.409912	1.473999
0.387573	0.180054	-1.314392	1.528015
0.397949	0.272217	-1.210632	1.546021
0.397949	0.364075	-1.102600	1.521912
0.385437	0.452881	-0.993958	1.454773
0.366516	0.532837	-0.877075	1.349182
0.340576	0.601501	-0.745850	1.203308
0.307617	0.661621	-0.597534	1.013794
0.268250	0.711060	-0.434570	0.786133
0.221558	0.746460	-0.258789	0.531006
0.168457	0.760498	-0.074463	0.250854
0.114441	0.751343	0.111694	-0.032654
0.052490	0.726624	0.302124	-0.326538
-0.014954	0.686646	0.481873	-0.622864
-0.084229	0.630798	0.643921	-0.913086
-0.147705	0.558472	0.786438	-1.181030
-0.203247	0.477905	0.908508	-1.413574
-0.250549	0.392456	1.008911	-1.604614
-0.295105	0.307617	1.084595	-1.746826
-0.337830	0.229492	1.135559	-1.842651
-0.372009	0.156860	1.162720	-1.893616
-0.394592	0.094299	1.170959	-1.899414
-0.408020	0.046082	1.160278	-1.866760
-0.418701	0.004272	1.132202	-1.802368
-0.426331	-0.032349	1.094055	-1.709290
-0.427856	-0.057068	1.047058	-1.581116
-0.421753	-0.066833	0.993347	-1.416931
-0.407715	-0.067749	0.928345	-1.221619
-0.384827	-0.061951	0.856018	-1.004333
-0.357056	-0.051270	0.780640	-0.769043
-0.322571	-0.038757	0.709534	-0.523376
-0.278320	-0.023804	0.646057	-0.278625
-0.229187	-0.007324	0.582275	-0.041504
-0.178223	0.008850	0.518799	0.187378
-0.124512	0.022278	0.453186	0.404968
-0.067749	0.036621	0.387268	0.601501
-0.007935	0.052185	0.321350	0.777893
0.050049	0.060120	0.256958	0.939026
0.105591	0.062256	0.197449	1.084595
0.153198	0.059509	0.145264	1.211243
0.191650	0.048523	0.097351	1.316528
0.216980	0.027771	0.054932	1.397705
0.231323	-0.006409	0.018005	1.454773
0.237732	-0.054932	-0.015259	1.493530
0.239563	-0.115662	-0.045166	1.508789
0.237732	-0.188904	-0.072021	1.501770
0.229492	-0.270386	-0.098877	1.469727
0.213318	-0.353699	-0.126038	1.410522
0.192871	-0.438843	-0.148926	1.330261
0.171204	-0.520630	-0.169678	1.234436
0.148315	-0.596619	-0.189514	1.123352
0.121155	-0.664673	-0.204468	0.996704
0.089111	-0.725098	-0.216064	0.859680
0.057678	-0.781860	-0.228882	0.723267
0.028687	-0.837097	-0.243225	0.588989
0.007629	-0.888367	-0.259094	0.458679
-0.007629	-0.933228	-0.281677	0.328369
-0.018921	-0.968323	-0.314636	0.201721
-0.028381	-0.990601	-0.357056	0.086670
-0.033569	-1.000366	-0.408630	-0.014954
-0.035095	-1.002197	-0.474243	-0.104675
-0.030212	-0.992737	-0.555420	-0.179138
-0.020447	-0.966187	-0.645447	-0.231934
-0.012207	-0.917664	-0.735168	-0.269165
-0.010986	-0.848083	-0.823059	-0.297546
-0.014343	-0.758667	-0.911255	-0.320129
-0.022583	-0.651855	-0.989075	-0.335083
-0.036316	-0.531616	-1.047363	-0.343628
-0.055542	-0.400696	-1.084290	-0.350037
-0.077820	-0.265198	-1.104431	-0.354309
-0.100403	-0.126953	-1.104126	-0.359802
-0.123596	0.009155	-1.086426	-0.370178
-0.145569	0.147705	-1.053772	-0.384827
-0.161438	0.285950	-1.002502	-0.401306
-0.168152	0.416565	-0.937805	-0.418091
-0.170593	0.545044	-0.867310	-0.435181
-0.166321	0.671082	-0.794373	-0.451355
-0.150757	0.787354	-0.709229	-0.470886
-0.128479	0.887756	-0.615845	-0.495605
-0.101318	0.973816	-0.520630	-0.527649
-0.066833	1.039734	-0.420837	-0.570068
-0.027161	1.091003	-0.312805	-0.620117
0.014343	1.127930	-0.195618	-0.675659
0.056458	1.145935	-0.068665	-0.738220
0.095825	1.142273	0.068054	-0.806274
0.128479	1.124573	0.207214	-0.876160
0.160522	1.098022	0.344543	-0.937195
0.195618	1.052246	0.477600	-0.993042
0.224304	0.992432	0.603638	-1.042786
0.246887	0.929565	0.715637	-1.080017
0.264282	0.870972	0.814514	-1.106567
0.268860	0.813904	0.898132	-1.123962
0.263672	0.753174	0.960693	-1.125793
0.256958	0.685120	1.004028	-1.112061
0.252991	0.606384	1.031494	-1.084595
0.240784	0.520935	1.044922	-1.038513
0.222778	0.424500	1.038208	-0.969849
0.203857	0.314026	1.006775	-0.884094
0.180969	0.188599	0.947266	-0.783386
0.158081	0.048218	0.858765	-0.664368
0.142517	-0.106812	0.746765	-0.525818
0.131531	-0.276489	0.610657	-0.376587
0.120544	-0.448303	0.446777	-0.223694
0.111694	-0.620422	0.266418	-0.071411
0.102539	-0.800781	0.070801	0.088806
0.092163	-0.985413	-0.132446	0.250854
0.081482	-1.167603	-0.341492	0.408325
0.074768	-1.341248	-0.542603	0.555725
0.067444	-1.498413	-0.719604	0.686646
0.056458	-1.638489	-0.876465	0.802002
0.039063	-1.759644	-1.012268	0.900574
0.013733	-1.864624	-1.121826	0.981445
-0.015564	-1.954956	-1.205444	1.039429
-0.043945	-2.019958	-1.260986	1.072388
-0.067749	-2.055969	-1.286011	1.083984
-0.085449	-2.062683	-1.283569	1.074219
-0.098267	-2.040100	-1.256714	1.045837
-0.108032	-1.991577	-1.202393	1.004944
