2020/1/9 9:20:50 40us
CH1			CH2			CH3			CH4
-0.004272	-0.001831	0.011597	-0.007935
-0.003967	-0.001831	0.011597	-0.007935
-0.004272	-0.001526	0.010986	-0.007324
-0.003967	-0.001221	0.010986	-0.007019
-0.003967	-0.001221	0.010681	-0.007324
-0.003967	-0.001221	0.010376	-0.007019
-0.003967	-0.001526	0.010681	-0.007019
-0.004272	-0.001526	0.010681	-0.007019
-0.004272	-0.001526	0.010681	-0.007019
-0.003967	-0.000916	0.010681	-0.006714
-0.003967	-0.000916	0.010376	-0.006714
-0.003967	-0.000916	0.010376	-0.007019
-0.003967	-0.001221	0.010376	-0.007019
-0.003662	-0.001221	0.010376	-0.007019
-0.004272	-0.001221	0.010376	-0.007019
-0.003967	-0.001221	0.010376	-0.007019
-0.003967	-0.001526	0.010071	-0.007324
-0.003967	-0.001526	0.010071	-0.007019
-0.003967	-0.001526	0.010376	-0.007324
-0.003967	-0.001526	0.010376	-0.007324
-0.004272	-0.001831	0.010071	-0.007629
-0.003967	-0.002136	0.009766	-0.007629
-0.003357	-0.002441	0.010071	-0.008240
-0.003662	-0.002441	0.009766	-0.007935
-0.003662	-0.001831	0.010071	-0.007935
-0.003662	-0.002136	0.009766	-0.007935
-0.003662	-0.002136	0.010071	-0.008240
-0.003662	-0.002136	0.010681	-0.007629
-0.003662	-0.001831	0.010681	-0.007629
-0.003967	-0.001526	0.010681	-0.007324
-0.003662	-0.001526	0.010376	-0.007935
-0.003967	-0.001221	0.010376	-0.007935
-0.003662	-0.000916	0.010681	-0.007629
-0.003662	-0.001526	0.010681	-0.007629
-0.003967	-0.001526	0.010986	-0.008240
-0.003967	-0.000916	0.010376	-0.007324
-0.003967	-0.000916	0.010376	-0.006714
-0.003967	-0.000916	0.010376	-0.006714
-0.003662	-0.000916	0.010376	-0.007324
-0.002747	-0.000916	0.010986	-0.004578
-0.002136	0.000305	0.010376	-0.040283
0.000305	0.000000	0.009766	-0.042419
0.005798	-0.000610	0.009766	0.056152
-0.009766	0.000000	0.010071	0.162964
-0.029297	0.001831	0.007935	0.270081
-0.049133	-0.001526	0.015259	0.395508
-0.086365	0.000000	0.021362	0.530090
-0.114136	0.022583	-0.008240	0.644531
-0.074768	-0.006104	-0.027161	0.777588
-0.009766	-0.037537	-0.005188	0.949097
0.030518	-0.039673	0.046082	1.156616
0.058289	-0.006714	0.111084	1.381836
0.122070	0.047607	0.141602	1.601868
0.197144	0.088806	0.090637	1.813049
0.269775	0.075073	0.007629	1.980591
0.380554	0.047607	-0.011597	2.086182
0.512390	0.048523	-0.007019	2.152710
0.651855	0.043335	-0.026855	2.148743
0.787354	0.030212	-0.082397	2.084351
0.950012	0.026550	-0.149536	1.976929
1.092529	-0.012207	-0.246582	1.790466
1.174316	-0.083618	-0.353394	1.499634
1.196594	-0.152893	-0.412292	1.131897
1.161804	-0.216675	-0.442200	0.735474
1.090393	-0.289612	-0.448914	0.364685
1.060791	-0.366516	-0.436096	0.031433
1.046753	-0.452576	-0.400696	-0.321045
0.946045	-0.522766	-0.353699	-0.737305
0.774841	-0.582886	-0.318604	-1.197205
0.604858	-0.623779	-0.260315	-1.648865
0.437622	-0.606384	-0.169678	-2.055664
0.263977	-0.584717	-0.095825	-2.400513
0.094604	-0.553589	-0.011597	-2.700500
-0.069885	-0.504456	0.115967	-2.984314
-0.245361	-0.436096	0.260315	-3.247375
-0.415344	-0.357666	0.419006	-3.456116
-0.568542	-0.281372	0.573120	-3.598328
-0.694275	-0.230713	0.715332	-3.664246
-0.803528	-0.192566	0.875854	-3.667297
-0.918579	-0.127563	1.095276	-3.636169
-0.997009	-0.037537	1.335754	-3.548889
-1.034241	0.069580	1.536560	-3.434448
-1.061707	0.184937	1.677246	-3.320007
-1.072693	0.314636	1.744080	-3.139038
-1.073608	0.480042	1.758423	-2.901917
-1.076660	0.671082	1.741028	-2.634277
-1.075439	0.872192	1.691284	-2.341003
-1.062317	1.087341	1.605225	-2.026062
-1.028442	1.321411	1.471863	-1.685181
-0.993042	1.549377	1.284485	-1.309204
-0.952454	1.760559	1.070557	-0.909424
-0.891113	1.962891	0.861206	-0.523987
-0.834045	2.156372	0.639038	-0.149231
-0.790100	2.315369	0.407715	0.235901
-0.752563	2.461548	0.180969	0.624084
-0.713196	2.591248	-0.037231	0.988464
-0.676575	2.669373	-0.235291	1.325684
-0.646362	2.705383	-0.400391	1.640320
-0.612793	2.722473	-0.538940	1.947021
-0.588684	2.713928	-0.642700	2.240601
-0.582275	2.664185	-0.733337	2.497559
-0.582886	2.587280	-0.816956	2.704773
-0.569153	2.477417	-0.852966	2.834473
-0.546570	2.304382	-0.840454	2.894592
-0.534973	2.070313	-0.817871	2.906494
-0.523376	1.812439	-0.787354	2.881470
-0.506287	1.551819	-0.722656	2.825012
-0.487976	1.299438	-0.616150	2.714844
-0.467529	1.007996	-0.491638	2.545166
-0.437622	0.666809	-0.377808	2.305298
-0.389404	0.320129	-0.304260	2.018127
-0.320740	-0.021667	-0.242310	1.711426
-0.229187	-0.350342	-0.176086	1.394653
-0.129089	-0.651550	-0.107422	1.052856
-0.033569	-0.950623	-0.058899	0.686035
0.063782	-1.287842	-0.054932	0.332031
0.162659	-1.622314	-0.097046	0.022888
0.258179	-1.907349	-0.182190	-0.249329
0.329285	-2.154236	-0.287781	-0.496521
0.376282	-2.324829	-0.409546	-0.697021
0.411987	-2.443848	-0.547791	-0.850525
0.451965	-2.546692	-0.679016	-0.941467
0.462952	-2.704468	-0.812378	-0.996704
0.446167	-2.900085	-0.953674	-1.038208
0.383301	-3.073730	-1.076355	-1.050415
0.307922	-3.193359	-1.167908	-1.045532
0.258179	-3.280334	-1.224670	-1.012573
0.257263	-3.343506	-1.255798	-0.949707
0.260315	-3.340149	-1.276245	-0.892639
0.231018	-3.289185	-1.294861	-0.865784
0.202637	-3.206177	-1.278992	-0.863647
0.176086	-3.082886	-1.265259	-0.852966
0.162354	-2.954407	-1.216736	-0.846863
0.205078	-2.833557	-1.132202	-0.826721
0.260620	-2.712402	-0.999451	-0.778809
0.318298	-2.546997	-0.863342	-0.754700
0.379028	-2.332458	-0.733948	-0.776978
0.435181	-2.102051	-0.603027	-0.811462
0.484619	-1.855469	-0.465698	-0.811157
0.532837	-1.605835	-0.321655	-0.824890
0.577087	-1.310730	-0.162964	-0.873413
0.622864	-0.955811	0.012207	-0.937805
0.634155	-0.599365	0.182800	-1.010742
0.625305	-0.237427	0.368652	-1.104126
0.604858	0.133362	0.559998	-1.217041
0.600891	0.482788	0.750427	-1.300354
0.585632	0.811768	0.929565	-1.385498
0.542908	1.115112	1.125488	-1.494751
0.487671	1.394653	1.322937	-1.611938
0.407410	1.639099	1.497192	-1.702576
0.338135	1.820068	1.643982	-1.757202
0.261230	1.972656	1.791687	-1.787720
0.168457	2.090149	1.939087	-1.793823
0.078430	2.187805	2.060547	-1.753845
0.000305	2.254639	2.105103	-1.703186
-0.079346	2.311096	2.070618	-1.646423
-0.142212	2.311707	1.987915	-1.579895
-0.195007	2.208557	1.846619	-1.494751
-0.220947	2.066956	1.640015	-1.382751
-0.250244	1.928406	1.384277	-1.218872
-0.261536	1.763611	1.085815	-1.018982
-0.243835	1.586609	0.748901	-0.769348
-0.221252	1.406250	0.368652	-0.450134
-0.190125	1.212463	0.000305	-0.130920
-0.141602	0.982666	-0.374451	0.180054
-0.095215	0.731201	-0.787659	0.511169
-0.038452	0.481873	-1.206970	0.882874
0.017700	0.245667	-1.580200	1.298828
0.070496	0.002136	-1.904907	1.725464
0.122986	-0.228577	-2.175293	2.125244
0.162659	-0.418091	-2.413025	2.473450
0.171814	-0.593872	-2.635193	2.799072
0.171509	-0.728455	-2.843018	3.130493
0.193481	-0.825500	-3.009644	3.462524
0.197144	-0.877075	-3.096924	3.739624
0.176086	-0.916748	-3.096619	3.972473
0.159302	-0.979919	-3.047485	4.185486
0.149231	-1.056519	-2.940979	4.387817
0.146484	-1.117859	-2.788086	4.531250
0.134277	-1.181030	-2.576904	4.586487
0.140381	-1.229553	-2.317810	4.573975
0.151367	-1.249695	-1.972961	4.486084
0.152588	-1.238403	-1.570129	4.319153
0.153198	-1.199951	-1.167297	4.108887
0.180664	-1.156616	-0.766907	3.838196
0.195007	-1.110229	-0.351257	3.515625
0.200195	-1.048889	0.083008	3.132324
0.180969	-0.964661	0.542297	2.687988
0.164490	-0.887756	0.963135	2.214661
0.148621	-0.821533	1.312866	1.735840
0.116882	-0.780029	1.607971	1.265564
0.061340	-0.753479	1.858215	0.810242
-0.004578	-0.709534	2.052307	0.372314
-0.086975	-0.647583	2.221069	-0.061646
-0.156555	-0.591431	2.339478	-0.473938
-0.214539	-0.545654	2.395935	-0.839233
-0.270081	-0.510254	2.396545	-1.145020
-0.331116	-0.495300	2.349854	-1.385498
-0.389404	-0.490417	2.272644	-1.614990
-0.422363	-0.491333	2.176514	-1.838989
-0.455017	-0.503540	2.064209	-2.034912
-0.464478	-0.536194	1.936035	-2.173462
-0.465698	-0.584106	1.816101	-2.251587
-0.467529	-0.635986	1.692810	-2.295227
-0.460510	-0.679932	1.567383	-2.301331
-0.454712	-0.715027	1.458435	-2.291870
-0.440979	-0.746765	1.338196	-2.241516
-0.404968	-0.759277	1.190186	-2.167053
-0.364990	-0.755005	1.029968	-2.067261
-0.315552	-0.748291	0.859985	-1.945496
-0.264282	-0.724792	0.680847	-1.820679
-0.208130	-0.709229	0.495300	-1.704407
-0.151367	-0.704956	0.321960	-1.593018
-0.090027	-0.678406	0.128784	-1.489868
-0.021362	-0.649109	-0.073547	-1.377258
0.065613	-0.607910	-0.269165	-1.264648
0.182190	-0.573120	-0.463257	-1.149902
0.300903	-0.543823	-0.652161	-1.051331
0.424194	-0.515137	-0.815125	-0.958252
0.530701	-0.494995	-0.949402	-0.854187
0.634155	-0.471191	-1.054688	-0.749817
0.727234	-0.427246	-1.129456	-0.649414
0.805969	-0.373840	-1.170349	-0.552368
0.876770	-0.325928	-1.181335	-0.462646
0.911560	-0.279236	-1.161499	-0.380554
0.897217	-0.216675	-1.123352	-0.329895
0.845337	-0.144653	-1.076355	-0.304871
0.756226	-0.049438	-1.014099	-0.281067
0.670776	0.050049	-0.953369	-0.244446
0.595093	0.138245	-0.873718	-0.214844
0.485229	0.229187	-0.787659	-0.196533
0.359497	0.307312	-0.694885	-0.189819
0.236511	0.399170	-0.618286	-0.198364
0.136414	0.473328	-0.565491	-0.226135
0.043030	0.536499	-0.538025	-0.254822
-0.031738	0.584106	-0.527039	-0.292053
-0.086365	0.608215	-0.534973	-0.314331
-0.144348	0.650330	-0.559387	-0.318298
-0.185242	0.716248	-0.603638	-0.304565
-0.203552	0.797119	-0.671997	-0.271912
-0.213318	0.862122	-0.763855	-0.208435
-0.221863	0.901794	-0.891724	-0.121460
-0.224915	0.943909	-1.032410	-0.016174
-0.247192	0.997620	-1.180725	0.087891
-0.281677	1.081543	-1.344299	0.197754
-0.309753	1.185913	-1.499939	0.321960
-0.338440	1.275940	-1.637878	0.455322
-0.383301	1.352539	-1.756592	0.579529
-0.430298	1.437683	-1.857605	0.701599
-0.482788	1.512146	-1.911621	0.812683
-0.552368	1.571045	-1.909790	0.900574
-0.616150	1.583252	-1.861572	0.978088
-0.665894	1.576843	-1.766357	1.029053
-0.691833	1.572571	-1.619568	1.040649
-0.710144	1.543274	-1.402283	1.009827
-0.715027	1.510010	-1.110535	0.930481
-0.721436	1.466675	-0.768738	0.836487
-0.724182	1.419373	-0.381470	0.726624
-0.710449	1.381836	0.021973	0.608215
-0.668335	1.330261	0.415649	0.481262
-0.612793	1.282349	0.808411	0.328369
-0.555725	1.249084	1.198120	0.176392
-0.489502	1.238708	1.575012	0.040588
-0.411682	1.234131	1.920166	-0.075684
-0.318604	1.239929	2.240601	-0.175476
-0.242004	1.268005	2.537842	-0.282593
-0.172729	1.279907	2.778625	-0.383301
-0.105591	1.290283	2.963562	-0.483093
-0.043945	1.298523	3.103027	-0.558472
0.009155	1.317444	3.206787	-0.610657
0.051880	1.330566	3.285522	-0.641479
0.105591	1.329956	3.316345	-0.657959
0.158386	1.307068	3.316345	-0.649414
0.191650	1.271057	3.282166	-0.624084
0.209656	1.216431	3.216553	-0.588684
0.224304	1.127014	3.127441	-0.525513
0.235291	0.995789	3.013306	-0.442505
0.250549	0.836792	2.877502	-0.343018
0.275879	0.669861	2.706909	-0.202332
0.293884	0.483398	2.507019	-0.024414
0.297241	0.282898	2.283936	0.173035
0.291138	0.070496	2.031860	0.366211
0.283813	-0.142517	1.762390	0.549011
0.259399	-0.354614	1.475830	0.727844
0.238342	-0.577393	1.165771	0.896606
0.234680	-0.798035	0.853577	1.045837
0.227661	-1.022034	0.534363	1.178589
0.220032	-1.229248	0.218506	1.255798
0.221863	-1.413879	-0.082703	1.285095
0.232239	-1.593323	-0.362854	1.277771
0.260010	-1.767883	-0.631714	1.241760
0.280457	-1.934814	-0.882874	1.179810
0.297852	-2.066956	-1.122437	1.096191
0.310974	-2.168274	-1.342773	0.993652
0.318604	-2.238770	-1.537170	0.879517
0.331726	-2.283630	-1.682739	0.746765
0.352478	-2.295227	-1.786804	0.594482
0.375061	-2.268372	-1.859436	0.440369
0.386963	-2.213135	-1.888123	0.291138
0.385437	-2.111816	-1.871948	0.126343
0.361633	-1.967773	-1.830139	-0.055542
0.339661	-1.802368	-1.755371	-0.240479
0.324707	-1.609497	-1.631165	-0.412903
0.299072	-1.371765	-1.467590	-0.568542
0.253906	-1.097412	-1.279907	-0.709229
0.207214	-0.778198	-1.065063	-0.845947
0.155640	-0.441589	-0.837097	-0.967407
0.102539	-0.100708	-0.596008	-1.087952
0.039368	0.238647	-0.340271	-1.205139
-0.022278	0.562439	-0.083313	-1.309509
-0.082397	0.903625	0.165100	-1.397705
-0.145569	1.249695	0.372009	-1.474304
-0.200806	1.595154	0.550232	-1.546631
-0.254517	1.932678	0.688171	-1.595154
-0.310364	2.254333	0.765076	-1.610718
-0.360413	2.547913	0.796814	-1.595459
-0.412903	2.831726	0.786743	-1.545410
-0.472412	3.088074	0.729980	-1.468506
-0.515137	3.258362	0.623779	-1.347961
-0.527954	3.374634	0.478516	-1.213684
-0.520325	3.472290	0.293274	-1.058655
-0.485229	3.537903	0.069275	-0.876160
-0.435791	3.537903	-0.172119	-0.681763
-0.384216	3.501282	-0.433655	-0.486755
-0.336609	3.416138	-0.685120	-0.292664
-0.285950	3.285828	-0.924683	-0.106201
-0.245667	3.106995	-1.171570	0.050354
-0.225525	2.880859	-1.423035	0.187378
-0.205688	2.608032	-1.625061	0.301208
-0.179138	2.305908	-1.760559	0.390320
-0.156860	1.986389	-1.848145	0.454102
-0.140686	1.645203	-1.903687	0.469360
-0.119629	1.283569	-1.921082	0.471802
-0.102539	0.905151	-1.907959	0.470276
-0.085754	0.526733	-1.857910	0.477600
-0.067749	0.152283	-1.760254	0.466309
-0.043030	-0.220337	-1.618347	0.452576
-0.014038	-0.581665	-1.459045	0.446472
0.023499	-0.946960	-1.287537	0.444336
0.082397	-1.291504	-1.101685	0.460815
0.136108	-1.626282	-0.903931	0.498962
0.201111	-1.938782	-0.717773	0.553284
0.274963	-2.226563	-0.520020	0.597839
0.331116	-2.503052	-0.303345	0.637512
0.376587	-2.759094	-0.083313	0.671997
0.436096	-2.986450	0.117188	0.708313
0.490723	-3.189087	0.308838	0.750122
0.533447	-3.375549	0.491028	0.796204
0.562134	-3.512878	0.653992	0.838013
0.585632	-3.581848	0.791016	0.868225
0.603638	-3.605042	0.898438	0.897827
0.598145	-3.588562	0.973816	0.913696
0.565796	-3.528137	1.034851	0.933228
0.523987	-3.422546	1.083069	0.950012
0.465393	-3.269958	1.131592	0.962524
0.402222	-3.076477	1.161499	0.973206
0.330505	-2.868042	1.184998	0.986023
0.265503	-2.643127	1.205139	0.986938
0.204773	-2.412415	1.227112	0.989380
0.144348	-2.186584	1.238708	0.983582
0.082397	-1.960754	1.224976	0.944824
0.020142	-1.738586	1.198120	0.892029
-0.032043	-1.536560	1.166077	0.865784
-0.062866	-1.359558	1.150818	0.851746
-0.079956	-1.204224	1.131897	0.815735
-0.090332	-1.067810	1.111450	0.770264
-0.101624	-0.941772	1.084595	0.722656
-0.097046	-0.837097	1.049194	0.663757
-0.093689	-0.744324	0.998230	0.585938
-0.108032	-0.659180	0.945740	0.508423
-0.124512	-0.571899	0.905762	0.426941
-0.127869	-0.476379	0.863953	0.343628
-0.135498	-0.391235	0.828552	0.256958
-0.143127	-0.310669	0.800171	0.156555
-0.140991	-0.218811	0.769653	0.050659
-0.134888	-0.117493	0.748901	-0.053711
-0.128174	-0.000305	0.744324	-0.176697
-0.121155	0.118408	0.751038	-0.312195
-0.092773	0.236816	0.755920	-0.455322
-0.053406	0.361328	0.755310	-0.614014
-0.011292	0.496826	0.753784	-0.778503
0.039368	0.629272	0.756226	-0.944214
0.086670	0.759277	0.759277	-1.092529
0.124512	0.880432	0.749512	-1.214600
0.140381	0.989380	0.736084	-1.312866
0.153809	1.101990	0.705872	-1.377869
0.155334	1.226196	0.657959	-1.400757
0.147095	1.365967	0.597534	-1.377563
0.138245	1.515503	0.524292	-1.324463
0.138550	1.666565	0.428162	-1.234131
0.140686	1.811523	0.310364	-1.100769
0.144958	1.955261	0.177917	-0.917053
0.134583	2.072754	0.036316	-0.715332
0.110168	2.166748	-0.109253	-0.509033
0.089111	2.236633	-0.273438	-0.271912
0.075989	2.283936	-0.447998	-0.018005
0.075989	2.308044	-0.615234	0.242615
0.068054	2.299500	-0.783997	0.504761
0.057068	2.240601	-0.942383	0.766907
0.049438	2.153625	-1.098633	1.018677
0.051575	2.045593	-1.267700	1.252136
0.061951	1.924438	-1.434937	1.458130
0.065613	1.784058	-1.596375	1.630859
0.074158	1.630859	-1.744080	1.763916
0.091248	1.480713	-1.872253	1.860046
0.104065	1.342773	-1.982117	1.908875
0.114746	1.194763	-2.083435	1.919861
0.126953	1.040955	-2.173462	1.901245
0.129089	0.863953	-2.233582	1.864319
0.136719	0.676270	-2.251892	1.782227
0.141602	0.494385	-2.226257	1.646729
0.135193	0.328979	-2.156372	1.463013
0.118103	0.147095	-2.044067	1.243896
0.092163	-0.048828	-1.896362	1.001282
0.069580	-0.244751	-1.717224	0.739136
0.034180	-0.446472	-1.503906	0.442200
-0.013428	-0.639038	-1.262207	0.119934
-0.054932	-0.819702	-1.009521	-0.198669
-0.102539	-0.997925	-0.744019	-0.513000
-0.151367	-1.165466	-0.459900	-0.813293
-0.203247	-1.322021	-0.165100	-1.086426
-0.250244	-1.471558	0.123596	-1.329956
-0.296326	-1.590576	0.391541	-1.524048
-0.337830	-1.680603	0.664673	-1.679077
-0.374146	-1.742554	0.909729	-1.792908
-0.403442	-1.768799	1.109009	-1.868896
-0.424194	-1.787415	1.294861	-1.911621
-0.450439	-1.771240	1.468506	-1.929321
-0.478516	-1.707458	1.610107	-1.936340
-0.502930	-1.604004	1.722107	-1.934509
-0.513916	-1.460266	1.826782	-1.920776
-0.525818	-1.283264	1.912537	-1.893921
-0.533142	-1.081238	1.976929	-1.858826
-0.524292	-0.858765	2.022705	-1.818237
-0.510864	-0.615234	2.055359	-1.763306
-0.512695	-0.349731	2.067261	-1.679382
-0.507813	-0.077820	2.066956	-1.583557
-0.494995	0.177917	2.047729	-1.488037
-0.496826	0.421753	1.995544	-1.369934
-0.481873	0.639648	1.909485	-1.239319
-0.443420	0.828552	1.804199	-1.107483
-0.402832	0.986633	1.683350	-0.963745
-0.373535	1.114502	1.553955	-0.796814
-0.319214	1.207275	1.409607	-0.617981
-0.267639	1.250305	1.249084	-0.448914
-0.224304	1.260376	1.079102	-0.276489
-0.173645	1.218262	0.908508	-0.105591
-0.119324	1.099854	0.746155	0.051270
-0.078125	0.954285	0.576782	0.203247
-0.027771	0.799255	0.410767	0.340271
0.036926	0.615540	0.252075	0.443726
0.096130	0.404358	0.095520	0.525513
0.148926	0.188293	-0.058899	0.596008
0.198364	-0.015259	-0.191650	0.619202
0.230103	-0.201416	-0.307922	0.600891
0.237427	-0.366821	-0.440674	0.561218
0.248413	-0.520630	-0.573730	0.492249
0.264893	-0.666199	-0.682068	0.399780
0.272522	-0.787048	-0.780334	0.303650
0.278320	-0.868835	-0.883484	0.199280
0.277710	-0.921631	-0.976868	0.081787
0.254211	-0.948792	-1.063843	-0.043335
0.231934	-0.943909	-1.151123	-0.162964
0.217590	-0.932922	-1.225586	-0.269165
0.198669	-0.899963	-1.281128	-0.375977
0.179443	-0.819092	-1.327209	-0.448914
0.166321	-0.717773	-1.365051	-0.472717
0.157166	-0.596619	-1.397400	-0.471802
0.147400	-0.422974	-1.428833	-0.440369
0.147095	-0.204773	-1.454163	-0.372620
0.148010	0.037231	-1.466980	-0.275269
0.136414	0.306396	-1.471252	-0.173645
0.109558	0.582275	-1.456604	-0.067139
0.071106	0.846252	-1.410522	0.051270
0.034485	1.109924	-1.347656	0.172424
0.001526	1.369934	-1.269531	0.288391
-0.027466	1.634827	-1.178894	0.397339
-0.056152	1.893616	-1.086731	0.496216
-0.076904	2.134094	-1.003418	0.584717
-0.090942	2.365417	-0.904541	0.639648
-0.105286	2.565613	-0.788574	0.653381
-0.110168	2.698975	-0.663147	0.628967
-0.101624	2.780762	-0.533142	0.582581
-0.103455	2.849121	-0.401611	0.516357
-0.101318	2.893982	-0.272522	0.435181
-0.092163	2.909851	-0.149231	0.348511
-0.074463	2.893372	-0.016479	0.249023
-0.055542	2.864990	0.124817	0.133057
-0.033875	2.819214	0.279236	-0.015564
-0.007019	2.745667	0.415344	-0.166626
0.010681	2.635803	0.531921	-0.301819
0.016174	2.487793	0.659485	-0.439758
0.021973	2.304077	0.800171	-0.578308
0.024109	2.098999	0.943909	-0.707397
0.018616	1.881714	1.069641	-0.845947
0.017395	1.655579	1.172791	-0.984802
0.012207	1.402588	1.249084	-1.101074
-0.000916	1.124573	1.307678	-1.191711
-0.028076	0.823669	1.358032	-1.269836
-0.059204	0.508423	1.397400	-1.330566
-0.099182	0.185547	1.414185	-1.354065
-0.142212	-0.148010	1.398926	-1.333313
-0.162964	-0.476990	1.358948	-1.278687
-0.173950	-0.780029	1.307678	-1.190796
-0.173340	-1.064148	1.243896	-1.073303
-0.159607	-1.323547	1.161499	-0.945435
-0.144348	-1.549683	1.072388	-0.798035
-0.134583	-1.758728	0.966797	-0.617981
-0.112610	-1.952209	0.835266	-0.413208
-0.080872	-2.120972	0.690308	-0.203857
-0.054932	-2.258606	0.548706	0.016174
-0.031128	-2.369690	0.414734	0.235291
-0.003357	-2.462769	0.281067	0.442810
0.008545	-2.527466	0.140381	0.650330
0.012207	-2.564392	-0.013123	0.837708
0.010986	-2.582092	-0.185547	0.993958
0.001831	-2.591248	-0.358276	1.124268
-0.014648	-2.595825	-0.519409	1.234436
-0.027771	-2.591248	-0.678101	1.325684
-0.032043	-2.573853	-0.821838	1.415100
-0.026550	-2.549438	-0.938721	1.508179
-0.010986	-2.521362	-1.040344	1.588135
-0.003662	-2.493286	-1.124878	1.649475
0.007629	-2.454529	-1.192322	1.690369
0.022888	-2.399902	-1.250305	1.705627
0.046387	-2.342834	-1.289368	1.700134
0.072632	-2.291870	-1.295166	1.681519
0.107117	-2.245483	-1.264343	1.640320
0.149231	-2.196655	-1.207581	1.580505
0.189209	-2.149658	-1.132813	1.499023
0.230408	-2.098999	-1.051941	1.397705
0.263062	-2.037354	-0.965271	1.269226
0.278625	-1.968079	-0.871887	1.121216
0.278320	-1.885681	-0.774536	0.946045
0.273743	-1.791077	-0.678101	0.739746
0.245667	-1.687622	-0.574341	0.519714
0.198364	-1.580505	-0.460205	0.291443
0.144043	-1.458740	-0.351257	0.051575
0.083618	-1.313477	-0.252380	-0.190735
0.017700	-1.137695	-0.166016	-0.424194
-0.041809	-0.941467	-0.088501	-0.657349
-0.100708	-0.735168	-0.021973	-0.876465
-0.154419	-0.523682	0.028687	-1.068726
-0.203857	-0.293274	0.064392	-1.238403
-0.243225	-0.052795	0.079346	-1.377869
-0.266724	0.192261	0.087891	-1.490173
-0.278931	0.427246	0.086670	-1.576843
-0.285339	0.643311	0.069885	-1.630554
-0.287476	0.837402	0.030518	-1.643982
-0.290222	1.009827	-0.033569	-1.622314
-0.295715	1.160889	-0.115356	-1.572876
-0.284729	1.282959	-0.202942	-1.498108
-0.264282	1.390076	-0.301514	-1.412964
-0.234985	1.485596	-0.408020	-1.310120
-0.200500	1.556091	-0.512085	-1.188354
-0.170593	1.597900	-0.616150	-1.053162
-0.142212	1.612244	-0.712280	-0.910645
-0.101624	1.600952	-0.793457	-0.769348
-0.045471	1.580200	-0.860291	-0.636902
0.013428	1.543579	-0.899963	-0.504150
0.074768	1.482544	-0.911255	-0.368347
0.134888	1.403503	-0.894775	-0.239868
0.194397	1.308899	-0.853882	-0.120239
0.254517	1.190491	-0.783386	-0.008240
0.312195	1.055908	-0.690918	0.114441
0.374146	0.914917	-0.574951	0.242615
0.446167	0.754700	-0.437927	0.371094
0.512695	0.593262	-0.303345	0.490417
0.580139	0.438232	-0.178223	0.605774
0.639954	0.286560	-0.062256	0.713501
0.684204	0.131226	0.045471	0.805359
0.708923	-0.043335	0.142212	0.888977
0.720520	-0.239563	0.228271	0.960083
0.722046	-0.440979	0.301819	1.018066
0.714111	-0.651855	0.360718	1.061707
0.699463	-0.874939	0.413208	1.093140
0.672302	-1.106262	0.456238	1.106567
0.638733	-1.333618	0.487366	1.110229
0.599365	-1.536865	0.505676	1.113892
0.555115	-1.710510	0.521240	1.112366
0.507813	-1.861877	0.528259	1.092224
0.448914	-1.990662	0.535889	1.068420
0.380554	-2.084656	0.539551	1.040955
0.310364	-2.138977	0.531921	1.001282
0.233765	-2.152405	0.508423	0.957031
0.147095	-2.138977	0.483093	0.914612
0.057068	-2.092285	0.458984	0.869751
-0.033569	-2.012329	0.433350	0.834045
-0.116882	-1.906738	0.411682	0.809021
-0.206909	-1.790466	0.386353	0.791931
-0.287781	-1.668701	0.364075	0.783691
-0.369263	-1.537781	0.348511	0.782166
-0.443726	-1.390686	0.338745	0.786743
-0.508728	-1.226807	0.330811	0.795593
-0.561829	-1.055908	0.326843	0.791931
-0.603333	-0.862732	0.340271	0.780945
-0.642090	-0.660400	0.373535	0.763550
-0.667419	-0.462952	0.426025	0.732422
-0.674744	-0.253296	0.494385	0.685425
-0.679016	-0.038757	0.568848	0.639648
-0.674438	0.172729	0.647583	0.595398
-0.648193	0.375977	0.733948	0.548096
-0.614624	0.572815	0.831299	0.502930
-0.564880	0.757446	0.940247	0.449524
-0.507813	0.933533	1.046448	0.383911
-0.443420	1.097107	1.143799	0.304565
-0.379028	1.244507	1.224670	0.217590
-0.316467	1.373596	1.283264	0.131836
-0.252991	1.476440	1.320801	0.043640
-0.194397	1.565552	1.336670	-0.042725
-0.141907	1.640930	1.333618	-0.128479
-0.093994	1.694946	1.313477	-0.204163
-0.050964	1.723328	1.279297	-0.280457
-0.021973	1.726379	1.221008	-0.360413
-0.012207	1.712952	1.141052	-0.439148
-0.012817	1.680298	1.044312	-0.504761
-0.029602	1.633911	0.930786	-0.555115
-0.050659	1.574097	0.812988	-0.592346
-0.061340	1.502991	0.690002	-0.616150
-0.068054	1.422119	0.567017	-0.624084
-0.074463	1.337891	0.431519	-0.615540
-0.082703	1.254883	0.279846	-0.601501
-0.086670	1.175537	0.118408	-0.579224
-0.096436	1.097107	-0.053101	-0.539551
-0.101929	1.020508	-0.233154	-0.480957
-0.101013	0.949707	-0.422363	-0.409546
-0.090942	0.876465	-0.618591	-0.339050
-0.072937	0.809021	-0.824280	-0.270081
-0.049438	0.741272	-1.026611	-0.201416
-0.023193	0.672302	-1.221008	-0.123596
0.003967	0.601196	-1.411438	-0.048523
0.023804	0.527954	-1.603699	0.012512
0.050659	0.457458	-1.787415	0.056458
0.086975	0.389404	-1.948853	0.082703
0.123901	0.327148	-2.084045	0.093994
0.164795	0.267029	-2.183533	0.093079
0.204468	0.210266	-2.244263	0.085144
0.245056	0.156860	-2.266235	0.063171
0.276794	0.105896	-2.247925	0.025024
0.298767	0.057983	-2.186584	-0.035095
0.306091	0.018921	-2.088318	-0.115051
0.295715	-0.011292	-1.951599	-0.209045
0.281067	-0.032043	-1.767273	-0.306396
0.270691	-0.043945	-1.542358	-0.404663
0.265503	-0.053101	-1.286011	-0.502014
0.258484	-0.067749	-1.012878	-0.598145
0.249634	-0.078125	-0.737610	-0.693665
0.233459	-0.083923	-0.464172	-0.791321
0.207520	-0.093994	-0.195923	-0.888977
0.177917	-0.111084	0.066223	-0.986328
0.152283	-0.136414	0.320129	-1.075439
0.127869	-0.162354	0.557861	-1.154480
0.111084	-0.177307	0.773621	-1.219482
0.106506	-0.173645	0.962830	-1.268311
0.101013	-0.155945	1.124878	-1.308594
0.090332	-0.136719	1.262817	-1.335754
0.069275	-0.109863	1.374207	-1.354370
0.039978	-0.068665	1.471558	-1.368408
0.000000	-0.008850	1.551514	-1.380615
-0.044861	0.075378	1.622620	-1.390381
-0.086975	0.174255	1.683044	-1.383057
-0.121765	0.287781	1.725159	-1.355286
-0.157471	0.411072	1.745911	-1.307068
-0.198364	0.537415	1.738281	-1.235352
-0.251465	0.659180	1.721497	-1.145935
-0.316162	0.771790	1.690674	-1.039429
-0.385742	0.877991	1.644287	-0.925598
-0.450134	0.968933	1.584167	-0.805359
-0.501099	1.046448	1.510620	-0.672913
-0.533752	1.108704	1.428223	-0.531616
-0.550537	1.148071	1.336060	-0.374451
-0.555420	1.159363	1.233826	-0.213013
-0.556335	1.135864	1.115723	-0.050964
-0.552368	1.073608	0.982361	0.099487
-0.544739	0.981445	0.844421	0.234680
-0.530090	0.864563	0.715637	0.360413
-0.506287	0.733032	0.595398	0.488281
-0.466614	0.595398	0.482178	0.621338
-0.407715	0.458679	0.375366	0.759583
-0.332336	0.332336	0.272827	0.899963
-0.245361	0.212097	0.166016	1.023865
-0.156250	0.091553	0.055542	1.131287
-0.075378	-0.029297	-0.050659	1.209412
-0.005493	-0.148010	-0.145264	1.266174
0.055542	-0.261841	-0.224304	1.303101
0.115967	-0.369873	-0.288086	1.324463
0.175476	-0.463562	-0.336609	1.338196
0.233765	-0.548096	-0.369263	1.351318
0.291443	-0.627441	-0.399780	1.368103
0.346985	-0.704346	-0.424805	1.383362
0.390015	-0.778503	-0.440979	1.394348
0.414429	-0.849304	-0.438538	1.391602
0.424500	-0.910645	-0.425110	1.383057
0.429993	-0.969238	-0.408020	1.374512
0.437317	-1.016235	-0.385742	1.370544
0.440063	-1.041565	-0.368347	1.372986
0.440369	-1.043701	-0.355835	1.381226
0.428467	-1.021118	-0.346375	1.392212
0.401001	-0.977783	-0.342712	1.398926
0.360413	-0.906372	-0.349731	1.398315
0.311584	-0.810852	-0.361938	1.383667
0.250244	-0.690918	-0.373535	1.351318
0.184631	-0.554199	-0.379639	1.298828
0.122375	-0.406494	-0.383911	1.226807
0.072632	-0.249634	-0.387878	1.134033
0.033569	-0.087585	-0.403748	1.024170
0.001831	0.072632	-0.429993	0.885925
-0.028687	0.218811	-0.465698	0.721436
-0.061340	0.349426	-0.510254	0.525513
-0.094604	0.465698	-0.552368	0.308533
-0.123291	0.565796	-0.590210	0.081482
-0.145874	0.646667	-0.623169	-0.140686
-0.157471	0.709534	-0.644531	-0.343933
-0.155945	0.755005	-0.654297	-0.529175
-0.150146	0.780334	-0.652466	-0.706787
-0.146484	0.781860	-0.636292	-0.875854
-0.145569	0.763550	-0.601807	-1.044006
-0.142212	0.728760	-0.546875	-1.208801
-0.143127	0.688171	-0.470276	-1.367493
-0.142212	0.638733	-0.373535	-1.510010
-0.133972	0.582275	-0.255127	-1.629333
-0.112915	0.523987	-0.119019	-1.723633
-0.080261	0.461426	0.024414	-1.797180
-0.044250	0.391846	0.170288	-1.855164
-0.012817	0.310364	0.318604	-1.890259
0.014954	0.223694	0.458679	-1.906433
0.047302	0.130615	0.583801	-1.915894
0.080872	0.027466	0.692444	-1.922607
0.119934	-0.084534	0.783081	-1.915588
0.161743	-0.199890	0.846252	-1.883850
0.211487	-0.319519	0.881348	-1.819153
0.266113	-0.438538	0.887451	-1.725159
0.316772	-0.548706	0.864563	-1.611328
0.356750	-0.647888	0.810242	-1.478882
0.383606	-0.740051	0.726318	-1.330261
0.403137	-0.824280	0.618286	-1.167603
0.419006	-0.901794	0.494080	-0.988464
0.436707	-0.978699	0.358582	-0.795898
0.454102	-1.056519	0.206909	-0.580139
0.467834	-1.128540	0.051880	-0.358582
0.470581	-1.197815	-0.106812	-0.131836
0.457153	-1.268921	-0.262451	0.086060
0.422058	-1.344299	-0.415955	0.285339
0.368042	-1.417542	-0.560608	0.467834
0.300903	-1.477661	-0.695801	0.629272
0.228882	-1.527100	-0.819092	0.777283
0.159912	-1.567993	-0.928345	0.915222
0.094299	-1.592712	-1.023865	1.040344
0.032959	-1.608276	-1.106262	1.150818
-0.025940	-1.614685	-1.185608	1.242065
-0.087280	-1.614990	-1.263733	1.308594
-0.146179	-1.611328	-1.330566	1.350098
-0.194702	-1.603394	-1.378479	1.369019
-0.229492	-1.594543	-1.406250	1.368103
-0.249634	-1.582031	-1.415710	1.350708
-0.251160	-1.560974	-1.408691	1.318054
-0.233765	-1.541748	-1.386414	1.280212
-0.201721	-1.524658	-1.346130	1.236572
-0.162659	-1.501465	-1.280212	1.177979
-0.127258	-1.465759	-1.188049	1.100159
-0.098877	-1.416931	-1.070557	0.997925
-0.075684	-1.356506	-0.930176	0.876465
-0.060730	-1.286621	-0.773315	0.743408
-0.044556	-1.203308	-0.597229	0.604858
-0.029297	-1.107178	-0.414429	0.468445
-0.018921	-0.995789	-0.230713	0.334778
-0.016785	-0.870361	-0.048523	0.205688
-0.028076	-0.737000	0.132751	0.081482
-0.052795	-0.605164	0.306396	-0.035400
-0.083923	-0.474548	0.470276	-0.143738
-0.120544	-0.333557	0.626526	-0.239563
-0.156860	-0.182190	0.765991	-0.319519
-0.184021	-0.021667	0.885010	-0.378723
-0.202637	0.143127	0.982056	-0.419006
-0.216064	0.315857	1.055908	-0.437927
-0.224915	0.492249	1.108704	-0.440369
-0.234680	0.665588	1.145325	-0.429382
-0.247803	0.830688	1.170044	-0.408020
-0.254517	0.992126	1.184082	-0.379333
-0.252686	1.149292	1.184387	-0.343018
-0.240784	1.301575	1.172791	-0.293274
-0.220642	1.443481	1.146545	-0.236511
-0.196228	1.567078	1.104126	-0.177307
-0.173035	1.670532	1.044312	-0.126953
-0.154419	1.751709	0.964966	-0.079346
-0.136719	1.817017	0.872498	-0.031433
-0.123901	1.869202	0.774841	0.006409
-0.107727	1.904907	0.676575	0.030823
-0.084534	1.919250	0.575867	0.043640
-0.054626	1.912842	0.469971	0.051880
-0.019531	1.874390	0.361938	0.055237
0.020142	1.800232	0.256348	0.054626
0.059509	1.718750	0.159607	0.053101
0.092468	1.630249	0.079651	0.050049
0.129089	1.521606	0.020142	0.037842
0.170898	1.399841	-0.024719	0.024414
0.207825	1.273193	-0.067139	0.015564
0.244446	1.141663	-0.103149	0.009155
0.283203	1.001892	-0.120544	0.006714
0.316467	0.844727	-0.138855	0.018616
0.349121	0.673218	-0.160522	0.033264
0.381775	0.491638	-0.175171	0.039673
0.402527	0.308228	-0.178528	0.039673
0.406189	0.121155	-0.178528	0.030518
0.402222	-0.064087	-0.180664	0.002441
0.397644	-0.240479	-0.180969	-0.030518
0.391541	-0.400391	-0.186462	-0.053101
0.383301	-0.548401	-0.194702	-0.071411
0.373840	-0.682678	-0.198975	-0.091858
0.358887	-0.797424	-0.196533	-0.110168
0.332642	-0.890503	-0.198059	-0.125122
0.303650	-0.960999	-0.206299	-0.140381
0.276489	-1.002502	-0.210876	-0.151367
0.242920	-1.012878	-0.211792	-0.145264
0.208130	-0.991821	-0.214844	-0.122070
0.180359	-0.937500	-0.213928	-0.086975
0.155029	-0.852966	-0.213928	-0.046387
0.119934	-0.737000	-0.225220	0.002441
0.083313	-0.592041	-0.240784	0.052490
0.034180	-0.419312	-0.252075	0.095215
-0.036011	-0.222473	-0.248718	0.132446
-0.112000	-0.007629	-0.231934	0.166626
-0.186462	0.214233	-0.205994	0.186462
-0.257568	0.431213	-0.176086	0.187988
-0.330200	0.642395	-0.140686	0.171509
-0.398865	0.839539	-0.096741	0.143127
-0.461731	1.023865	-0.047607	0.105896
-0.526428	1.205139	0.006104	0.053101
-0.585938	1.374512	0.064697	-0.015869
-0.632935	1.528015	0.133972	-0.097351
-0.666809	1.660461	0.210571	-0.186157
-0.684204	1.773987	0.287781	-0.279236
-0.689392	1.867676	0.363159	-0.377197
-0.680847	1.923828	0.433960	-0.472412
-0.657654	1.935730	0.496826	-0.554810
-0.627136	1.919861	0.559082	-0.636597
-0.590820	1.888123	0.619202	-0.718384
-0.552979	1.831970	0.670776	-0.798035
-0.514221	1.758423	0.710144	-0.868225
-0.472717	1.675720	0.738831	-0.925293
-0.433350	1.589355	0.752563	-0.966492
-0.390930	1.498108	0.748596	-0.996704
-0.350037	1.393127	0.713806	-1.014404
-0.315857	1.273499	0.662231	-1.021118
-0.286865	1.143188	0.604858	-1.018066
-0.263977	1.002502	0.553284	-0.995789
-0.244751	0.851135	0.499573	-0.965576
-0.224304	0.702209	0.440063	-0.931091
-0.202026	0.557251	0.377197	-0.879211
-0.167236	0.417175	0.312195	-0.798645
-0.128784	0.284729	0.245972	-0.697021
-0.090332	0.161438	0.173950	-0.581360
-0.053711	0.049133	0.102539	-0.455933
-0.025635	-0.049744	0.031433	-0.320435
0.002441	-0.135193	-0.042419	-0.182190
0.034180	-0.208740	-0.112305	-0.035706
0.071716	-0.283508	-0.177917	0.122681
0.111084	-0.347595	-0.245667	0.294495
0.151367	-0.408020	-0.315247	0.472717
0.185852	-0.466003	-0.388794	0.641785
0.215149	-0.520325	-0.472107	0.801697
0.238953	-0.570068	-0.558472	0.938416
0.249939	-0.616760	-0.641174	1.059265
0.250549	-0.652771	-0.716248	1.157227
0.251465	-0.674133	-0.782776	1.230469
0.251465	-0.686035	-0.833740	1.273193
0.245667	-0.682373	-0.871582	1.280823
0.241089	-0.673218	-0.891724	1.259766
0.238953	-0.666199	-0.890808	1.209717
0.232849	-0.663452	-0.866699	1.126709
0.218811	-0.660706	-0.819397	1.010132
0.197144	-0.657043	-0.748291	0.868225
0.173645	-0.646057	-0.653381	0.714111
0.157471	-0.627747	-0.540161	0.556030
0.149231	-0.606384	-0.411987	0.396423
0.146790	-0.584106	-0.279846	0.232544
0.145874	-0.567627	-0.148315	0.068970
0.145569	-0.553894	-0.015259	-0.087891
0.142517	-0.538940	0.116882	-0.242004
0.134888	-0.527649	0.248718	-0.398865
0.124207	-0.514526	0.382080	-0.552368
0.113831	-0.493164	0.514526	-0.693054
0.109558	-0.465393	0.644531	-0.818176
0.107727	-0.432129	0.769653	-0.928955
0.104065	-0.391541	0.877991	-1.020813
0.093994	-0.348816	0.970764	-1.087952
0.077209	-0.305176	1.046143	-1.137085
0.052795	-0.256653	1.097107	-1.163330
0.025330	-0.196533	1.135254	-1.168213
0.002136	-0.126038	1.162720	-1.161804
-0.018311	-0.045776	1.171265	-1.138306
-0.034485	0.046082	1.165161	-1.088867
-0.047607	0.148010	1.152039	-1.014709
-0.056763	0.254517	1.121521	-0.916443
-0.063782	0.364990	1.066284	-0.801392
-0.068054	0.475769	0.995483	-0.672302
-0.072327	0.586853	0.915222	-0.531311
-0.077515	0.698853	0.824585	-0.381775
-0.079346	0.802307	0.723877	-0.231934
-0.076904	0.888977	0.617676	-0.078125
-0.074768	0.958557	0.504456	0.082092
-0.073242	1.008606	0.387878	0.246277
-0.068359	1.036682	0.269165	0.405273
-0.062561	1.036072	0.151978	0.550537
-0.055542	1.012573	0.039063	0.680542
-0.044861	0.972900	-0.068970	0.792847
-0.032349	0.920410	-0.167236	0.890198
-0.022583	0.852966	-0.253296	0.972900
-0.010376	0.765991	-0.327148	1.044617
0.004272	0.668335	-0.397339	1.104126
0.019531	0.567627	-0.466309	1.148987
0.034790	0.465698	-0.533142	1.184387
0.050354	0.354919	-0.589600	1.209412
0.063782	0.227051	-0.628357	1.222839
0.077820	0.089722	-0.653992	1.225891
0.098267	-0.053711	-0.666504	1.225586
0.122070	-0.206604	-0.671387	1.221008
0.146790	-0.370483	-0.675659	1.214600
0.174866	-0.537720	-0.682068	1.209412
0.206299	-0.709534	-0.687256	1.200867
0.234680	-0.879822	-0.695801	1.187439
0.255127	-1.046143	-0.709229	1.169128
0.267944	-1.208191	-0.720825	1.143188
0.272217	-1.365662	-0.730286	1.107788
0.268555	-1.508179	-0.737610	1.065063
0.258484	-1.637878	-0.742493	1.014099
0.242310	-1.757202	-0.743408	0.956726
0.222473	-1.860657	-0.749512	0.894470
0.197144	-1.943665	-0.755615	0.832520
0.163574	-1.998596	-0.755005	0.767822
0.122986	-2.024536	-0.749512	0.698547
0.080261	-2.019043	-0.742493	0.624084
0.040283	-1.977844	-0.731506	0.548401
-0.001526	-1.905212	-0.711670	0.474548
-0.040894	-1.803284	-0.687561	0.402527
-0.071716	-1.684875	-0.668945	0.333252
-0.095215	-1.551208	-0.652466	0.262756
-0.113220	-1.409302	-0.626221	0.186462
-0.132751	-1.263428	-0.585632	0.108643
-0.149536	-1.113892	-0.537109	0.031738
-0.161743	-0.964966	-0.485840	-0.048828
-0.169373	-0.816956	-0.431519	-0.134888
-0.174866	-0.672302	-0.369873	-0.218811
-0.179138	-0.536194	-0.304871	-0.296936
-0.179443	-0.409546	-0.231323	-0.375671
-0.176697	-0.292664	-0.147095	-0.460815
-0.171509	-0.183105	-0.057678	-0.553284
-0.163269	-0.082703	0.035706	-0.652161
-0.150452	0.013123	0.133057	-0.753479
-0.133667	0.106506	0.238037	-0.855103
-0.115051	0.198364	0.350037	-0.957947
-0.093994	0.277405	0.459900	-1.055908
-0.068054	0.349121	0.568542	-1.147156
-0.036621	0.413818	0.671082	-1.231689
-0.001526	0.463257	0.758057	-1.305542
0.034180	0.494080	0.831604	-1.368713
0.064697	0.509338	0.890503	-1.417847
0.096130	0.509949	0.934753	-1.451416
0.128784	0.494080	0.955505	-1.470947
0.158081	0.467224	0.949707	-1.477356
0.187073	0.428772	0.921326	-1.467590
0.219727	0.372314	0.868835	-1.437988
0.251465	0.291748	0.795898	-1.388550
0.276489	0.198059	0.700684	-1.316833
0.293884	0.104370	0.585022	-1.225891
0.306396	0.012207	0.450439	-1.112671
0.315552	-0.082703	0.299683	-0.981445
0.320435	-0.177917	0.141296	-0.834045
0.322876	-0.270691	-0.016479	-0.675659
0.322266	-0.355530	-0.175476	-0.511780
0.317993	-0.433960	-0.334167	-0.346985
0.307312	-0.503845	-0.484009	-0.173340
0.292053	-0.563049	-0.620728	0.008545
0.271301	-0.609741	-0.747986	0.184937
0.249939	-0.639343	-0.865173	0.345764
0.229797	-0.645447	-0.969238	0.493469
0.209045	-0.628052	-1.055603	0.628967
0.186157	-0.597229	-1.122742	0.751648
0.161438	-0.553589	-1.183472	0.864563
0.134583	-0.494385	-1.231689	0.966187
0.103760	-0.427551	-1.257019	1.052856
0.078430	-0.352478	-1.267395	1.127625
0.055542	-0.274658	-1.267090	1.186829
0.033569	-0.192261	-1.245728	1.230469
0.015564	-0.098877	-1.200256	1.250610
-0.000610	-0.001831	-1.135559	1.253052
-0.017700	0.099792	-1.052246	1.239624
-0.032959	0.200500	-0.941162	1.204529
-0.044556	0.300598	-0.808105	1.150513
-0.058594	0.403442	-0.667114	1.079712
-0.072632	0.501404	-0.516663	0.996704
-0.083313	0.594788	-0.344849	0.898132
-0.101013	0.686035	-0.158081	0.785828
-0.115967	0.772095	0.026855	0.663147
-0.124207	0.842285	0.215149	0.539246
-0.139160	0.903625	0.400391	0.419617
-0.160522	0.963440	0.574341	0.299988
-0.175781	1.018066	0.733948	0.180054
-0.186462	1.058655	0.880737	0.062256
-0.205688	1.092224	1.013489	-0.045166
-0.226440	1.116943	1.126404	-0.137634
-0.240784	1.131897	1.222839	-0.223999
-0.260315	1.142578	1.300659	-0.298767
-0.281982	1.150818	1.353455	-0.359497
-0.296326	1.159363	1.386414	-0.414429
-0.307312	1.158142	1.404419	-0.459290
-0.324402	1.152954	1.405945	-0.488586
-0.333862	1.147766	1.397095	-0.499268
-0.335388	1.140747	1.374207	-0.502319
-0.340881	1.128235	1.338806	-0.497131
-0.343628	1.105652	1.292114	-0.480042
-0.340881	1.080017	1.237488	-0.456543
-0.339661	1.054077	1.177368	-0.425110
-0.338745	1.028137	1.105957	-0.386047
-0.330811	1.004944	1.029053	-0.343018
-0.323181	0.981445	0.947266	-0.298462
-0.310059	0.952454	0.857849	-0.250244
-0.294800	0.909424	0.765381	-0.202026
-0.269775	0.864258	0.682068	-0.153809
-0.242310	0.815125	0.600281	-0.105896
-0.206299	0.762024	0.513916	-0.057678
-0.164185	0.698242	0.425415	-0.012512
-0.118408	0.620422	0.341797	0.030518
-0.070801	0.536194	0.262146	0.063171
-0.024109	0.438232	0.184937	0.087585
0.021057	0.325623	0.120239	0.106201
0.063782	0.212708	0.061035	0.119629
0.109863	0.097046	0.011902	0.133362
0.150452	-0.026245	-0.026550	0.136719
0.182495	-0.145569	-0.057983	0.126343
0.209961	-0.258789	-0.080566	0.106506
0.231628	-0.368042	-0.088806	0.080872
0.244751	-0.469971	-0.089417	0.045471
0.259094	-0.563049	-0.092163	0.005493
0.272522	-0.647583	-0.095215	-0.040588
0.279541	-0.729675	-0.098267	-0.092773
0.279541	-0.804138	-0.104065	-0.151367
0.270996	-0.868530	-0.119019	-0.203857
0.260315	-0.928345	-0.138855	-0.249329
0.253296	-0.983582	-0.165100	-0.297546
0.244751	-1.031189	-0.196533	-0.342102
0.230713	-1.067200	-0.234985	-0.375977
0.213013	-1.090393	-0.285034	-0.401611
0.197449	-1.100769	-0.344238	-0.422363
0.174561	-1.091614	-0.404358	-0.434265
0.148315	-1.063843	-0.466003	-0.434265
0.122681	-1.017761	-0.534058	-0.429077
0.092163	-0.954895	-0.602112	-0.421143
0.055847	-0.873108	-0.666199	-0.409546
0.018005	-0.770264	-0.728760	-0.396423
