2020/1/9 9:25:16 40us
CH1			CH2			CH3			CH4
-0.010071	0.002747	0.006409	-0.003662
-0.010376	0.002136	0.006104	-0.004578
-0.010681	0.001831	0.006104	-0.004272
-0.010376	0.001526	0.006104	-0.004272
-0.010376	0.000610	0.006104	-0.003967
-0.010376	0.000916	0.006104	-0.004272
-0.010071	0.000305	0.005493	-0.004272
-0.010376	-0.000305	0.005493	-0.004578
-0.010376	-0.000305	0.005493	-0.004578
-0.010376	-0.001221	0.005188	-0.004578
-0.010681	-0.001526	0.005188	-0.004883
-0.010376	-0.001526	0.005188	-0.004578
-0.010071	-0.001831	0.004272	-0.004883
-0.010376	-0.002136	0.004272	-0.004578
-0.010986	-0.002747	0.004883	-0.005493
-0.010986	-0.002747	0.004578	-0.005188
-0.010986	-0.003662	0.004578	-0.005188
-0.010681	-0.003662	0.004578	-0.005188
-0.010681	-0.003662	0.004272	-0.005188
-0.010986	-0.004272	0.004272	-0.005493
-0.011292	-0.004578	0.004272	-0.005493
-0.010986	-0.004883	0.003967	-0.005798
-0.010681	-0.005798	0.003662	-0.005493
-0.010681	-0.005493	0.003662	-0.005798
-0.010986	-0.006104	0.003357	-0.005798
-0.010986	-0.006409	0.003357	-0.005188
-0.010986	-0.007019	0.003662	-0.005798
-0.011292	-0.007019	0.003357	-0.005493
-0.010986	-0.007324	0.002747	-0.005798
-0.011292	-0.007935	0.003357	-0.005798
-0.011597	-0.008240	0.003662	-0.005798
-0.011292	-0.008545	0.004272	-0.005798
-0.011292	-0.009155	0.003357	-0.005798
-0.011597	-0.009460	-0.002136	-0.006714
-0.011292	-0.008850	-0.050964	-0.006714
-0.011292	0.005798	0.053101	-0.006714
-0.011292	0.025940	0.303040	-0.005188
-0.011597	-0.110779	0.556946	-0.011597
-0.016479	-0.179443	0.760498	0.009766
-0.001526	-0.138550	0.802612	-0.020142
0.003052	-0.081787	0.797119	-0.052795
-0.052795	-0.007324	0.741272	0.003357
-0.024719	0.101318	0.687561	0.037537
-0.013123	0.189514	0.648804	0.078430
0.028381	0.264893	0.632935	0.124817
0.041809	0.324402	0.606689	0.114441
0.073853	0.406799	0.595093	0.022583
0.095215	0.516663	0.590820	-0.045166
0.057678	0.630493	0.572510	-0.198975
0.002441	0.832214	0.541382	-0.363159
-0.098267	1.095581	0.469666	-0.504150
-0.151367	1.364746	0.410156	-0.631714
-0.195618	1.768188	0.354614	-0.697021
-0.306091	2.206116	0.222473	-0.729370
-0.420837	2.601318	0.012207	-0.712280
-0.496216	2.987366	-0.274658	-0.603943
-0.509949	3.283081	-0.592041	-0.412903
-0.413208	3.565674	-0.824585	-0.119934
-0.261536	3.833008	-1.037598	0.179749
-0.073242	3.991699	-1.311340	0.542297
0.124512	4.060669	-1.578064	0.899658
0.252991	4.044800	-1.887207	1.221313
0.420837	3.910828	-2.214355	1.526794
0.523071	3.640747	-2.586670	1.759644
0.557251	3.282166	-2.911682	1.935730
0.632629	2.888184	-3.160706	2.008972
0.664063	2.463074	-3.377991	1.984863
0.645447	2.091675	-3.525696	1.842041
0.639954	1.727905	-3.604126	1.641541
0.600281	1.335754	-3.624573	1.396790
0.508728	0.926514	-3.598633	1.159973
0.452271	0.467224	-3.550110	0.960999
0.392151	-0.011902	-3.454895	0.787659
0.299377	-0.453186	-3.332214	0.661011
0.196838	-0.885315	-3.252869	0.536499
0.083618	-1.269836	-3.172913	0.389404
-0.029297	-1.616516	-3.057861	0.226746
-0.133972	-1.967163	-2.911987	0.075989
-0.230408	-2.365723	-2.704773	-0.051270
-0.328674	-2.802124	-2.413330	-0.201416
-0.417786	-3.230896	-2.066956	-0.337524
-0.444641	-3.705750	-1.625061	-0.462341
-0.427551	-4.187012	-1.128845	-0.636292
-0.394897	-4.664612	-0.617065	-0.829468
-0.343018	-5.107727	-0.098877	-1.024170
-0.291443	-5.425110	0.425415	-1.181335
-0.210876	-5.564575	0.914307	-1.276245
-0.096436	-5.597839	1.369324	-1.388855
0.042114	-5.534973	1.756287	-1.522522
0.158386	-5.311890	2.100525	-1.601257
0.259399	-4.985962	2.440186	-1.642151
0.345459	-4.588318	2.753601	-1.651001
0.405884	-4.146423	3.005981	-1.644287
0.447998	-3.699036	3.244934	-1.604309
0.462341	-3.244629	3.494568	-1.567078
0.430603	-2.796021	3.697510	-1.485291
0.398865	-2.426147	3.824463	-1.388245
0.392761	-2.137756	3.871765	-1.306458
0.389099	-1.910400	3.843384	-1.165161
0.385742	-1.769714	3.759460	-0.924377
0.393372	-1.717224	3.628540	-0.632324
0.402222	-1.744690	3.460999	-0.316467
0.430603	-1.850586	3.252869	0.033264
0.431824	-2.067261	2.988586	0.416260
0.405579	-2.355042	2.663879	0.785522
0.336914	-2.658997	2.263794	1.119690
0.218201	-2.972717	1.809387	1.434631
0.063782	-3.269653	1.343079	1.696472
-0.112305	-3.523254	0.888977	1.852112
-0.318298	-3.712463	0.446777	1.918640
-0.526733	-3.837891	-0.020142	1.872864
-0.698547	-3.888245	-0.467834	1.717529
-0.826416	-3.865051	-0.872498	1.507874
-0.895386	-3.727112	-1.252747	1.229553
-0.902405	-3.511047	-1.596069	0.903931
-0.885925	-3.229065	-1.956482	0.542908
-0.869446	-2.855835	-2.307434	0.143433
-0.815125	-2.472534	-2.594604	-0.271301
-0.715942	-2.092590	-2.836609	-0.670776
-0.606079	-1.693420	-3.001404	-1.011658
-0.546570	-1.268311	-3.108215	-1.313477
-0.499268	-0.846558	-3.163147	-1.545410
-0.440369	-0.404358	-3.131714	-1.666260
-0.385437	0.064392	-3.022156	-1.692200
-0.327454	0.541992	-2.833252	-1.643372
-0.298157	1.056824	-2.590332	-1.557312
-0.274353	1.621704	-2.293091	-1.414795
-0.237427	2.233887	-1.931458	-1.196899
-0.227051	2.845154	-1.538391	-0.963440
-0.217590	3.404236	-1.129456	-0.724792
-0.202942	3.890991	-0.742188	-0.464172
-0.201416	4.310913	-0.395203	-0.223694
-0.188599	4.672241	-0.063782	-0.010071
-0.143433	4.942932	0.244751	0.172424
-0.109253	5.125427	0.515442	0.313416
-0.094604	5.223999	0.740356	0.416260
-0.083008	5.250549	0.887451	0.476685
-0.084534	5.228882	0.941162	0.505981
-0.101624	5.155640	0.927429	0.518799
-0.100403	5.029297	0.832520	0.469055
-0.065002	4.889221	0.649719	0.388794
-0.025635	4.739990	0.402222	0.300598
0.043945	4.562683	0.097351	0.198364
0.129700	4.372559	-0.238647	0.115967
0.203857	4.131470	-0.599060	0.038147
0.274353	3.825684	-0.968018	-0.008545
0.344238	3.482056	-1.326294	-0.007629
0.401001	3.110962	-1.642761	-0.004883
0.424500	2.708130	-1.885986	-0.012512
0.416260	2.278442	-2.050171	-0.039368
0.383301	1.831055	-2.147522	-0.107117
0.321960	1.377563	-2.166138	-0.205688
0.247192	0.933533	-2.113342	-0.325623
0.171814	0.533447	-1.947021	-0.473633
0.117798	0.170898	-1.668091	-0.625305
0.073853	-0.166931	-1.297913	-0.742493
0.034790	-0.477295	-0.846863	-0.812073
-0.001221	-0.759888	-0.342102	-0.836487
-0.018921	-0.994263	0.176392	-0.822144
-0.025330	-1.175537	0.710754	-0.768738
-0.008240	-1.283264	1.244507	-0.676880
0.013428	-1.328430	1.733093	-0.564880
0.029907	-1.351318	2.174988	-0.437012
0.047302	-1.394653	2.569885	-0.314331
0.059509	-1.463318	2.907410	-0.220032
0.068054	-1.524658	3.200378	-0.179138
0.079651	-1.560669	3.456421	-0.209045
0.103760	-1.567078	3.680115	-0.274963
0.132141	-1.512451	3.867493	-0.382385
0.149841	-1.389771	4.038391	-0.516663
0.130005	-1.220093	4.181824	-0.656433
0.071106	-1.020203	4.263916	-0.809631
-0.001526	-0.815735	4.277039	-0.952148
-0.075073	-0.623169	4.239502	-1.053772
-0.146790	-0.444946	4.154968	-1.109619
-0.209351	-0.299988	4.032898	-1.128845
-0.263367	-0.191345	3.847656	-1.090088
-0.315552	-0.133972	3.597412	-0.991821
-0.362854	-0.126953	3.315125	-0.848694
-0.393982	-0.148926	2.998962	-0.644226
-0.422058	-0.197449	2.670593	-0.381775
-0.451355	-0.262146	2.346191	-0.087280
-0.478210	-0.340576	2.022705	0.254822
-0.504761	-0.418091	1.721802	0.650635
-0.513000	-0.486755	1.449280	1.067810
-0.504456	-0.571594	1.179504	1.485291
-0.476685	-0.660400	0.926819	1.899719
-0.436096	-0.726929	0.713806	2.270813
-0.379944	-0.762329	0.540466	2.592773
-0.310059	-0.767822	0.383606	2.845459
-0.253906	-0.758972	0.228271	3.001404
-0.216064	-0.739136	0.084534	3.077393
-0.198669	-0.679626	-0.048218	3.077087
-0.200806	-0.562134	-0.179138	3.004150
-0.200806	-0.391846	-0.319214	2.857666
-0.209961	-0.187073	-0.469360	2.620544
-0.253601	0.032654	-0.600891	2.291870
-0.305176	0.265503	-0.708618	1.910095
-0.347290	0.501404	-0.807495	1.480713
-0.379944	0.731506	-0.890198	1.027222
-0.393066	0.954590	-0.960693	0.563354
-0.389404	1.165466	-1.029663	0.114441
-0.368042	1.348267	-1.097412	-0.257263
-0.338135	1.501160	-1.189575	-0.592346
-0.307312	1.600037	-1.309509	-0.867310
-0.275879	1.645508	-1.460876	-1.091309
-0.259399	1.652832	-1.636658	-1.273499
-0.245972	1.626282	-1.806946	-1.401062
-0.228882	1.559143	-1.947632	-1.484070
-0.219421	1.466980	-2.063293	-1.539917
-0.212097	1.366272	-2.154236	-1.566162
-0.209045	1.274719	-2.201843	-1.574707
-0.208740	1.205444	-2.190857	-1.566162
-0.202942	1.173706	-2.139587	-1.527100
-0.190430	1.180725	-2.053528	-1.471252
-0.159607	1.247253	-1.930237	-1.391907
-0.098877	1.360474	-1.798401	-1.275635
-0.016174	1.473694	-1.663208	-1.134338
0.087891	1.579285	-1.529236	-0.977783
0.222168	1.673279	-1.398010	-0.807495
0.383301	1.738281	-1.274719	-0.623474
0.548401	1.771851	-1.158752	-0.444336
0.697327	1.770935	-1.044006	-0.263672
0.832520	1.738586	-0.919189	-0.081177
0.948486	1.689453	-0.792847	0.100708
1.046143	1.617737	-0.667725	0.287170
1.137085	1.526489	-0.538940	0.469055
1.212158	1.421204	-0.426636	0.607300
1.263733	1.290894	-0.343018	0.685425
1.281738	1.134338	-0.275269	0.718384
1.253967	0.954285	-0.216370	0.703735
1.178589	0.735168	-0.166931	0.617981
1.063538	0.469971	-0.131226	0.452271
0.924377	0.167542	-0.092468	0.221558
0.775146	-0.152283	-0.046692	-0.044556
0.623169	-0.499878	0.004272	-0.328979
0.461731	-0.885010	0.055847	-0.627441
0.299683	-1.294556	0.114136	-0.945740
0.139465	-1.715088	0.181274	-1.271667
-0.014343	-2.107544	0.268250	-1.598206
-0.146790	-2.451172	0.375061	-1.899109
-0.255432	-2.754822	0.503540	-2.162476
-0.339050	-3.013916	0.660706	-2.394409
-0.394592	-3.218994	0.828552	-2.564392
-0.420532	-3.382874	0.993042	-2.648621
-0.426025	-3.524780	1.147156	-2.644653
-0.421143	-3.660583	1.282043	-2.561951
-0.413818	-3.786621	1.384583	-2.405701
-0.394287	-3.876038	1.456909	-2.176819
-0.370178	-3.916626	1.509399	-1.889954
-0.347900	-3.903809	1.544800	-1.551208
-0.327454	-3.830872	1.565247	-1.167603
-0.305481	-3.693848	1.565857	-0.758362
-0.263672	-3.483582	1.553040	-0.346985
-0.206909	-3.189087	1.531067	0.058594
-0.148010	-2.815552	1.499023	0.451050
-0.079041	-2.384644	1.463013	0.831604
-0.012817	-1.920166	1.441345	1.212769
0.055237	-1.432190	1.433411	1.595459
0.122681	-0.932312	1.422424	1.971130
0.180359	-0.466614	1.393738	2.335815
0.227051	-0.049744	1.347656	2.687988
0.274658	0.314331	1.285095	3.026428
0.311890	0.585632	1.195984	3.315125
0.325623	0.771179	1.068115	3.554688
0.316467	0.885925	0.897827	3.742676
0.289307	0.934448	0.694885	3.860474
0.238953	0.917358	0.466309	3.912659
0.173645	0.842896	0.220947	3.899841
0.111389	0.738525	-0.030823	3.839111
0.044250	0.619202	-0.273438	3.727417
-0.041504	0.483704	-0.495911	3.547668
-0.141296	0.332336	-0.688171	3.313293
-0.246582	0.165405	-0.846558	3.027039
-0.350647	-0.007629	-0.973206	2.683105
-0.451050	-0.171204	-1.065369	2.293091
-0.539246	-0.307922	-1.120605	1.881409
-0.607910	-0.404968	-1.141052	1.465759
-0.649719	-0.460205	-1.146851	1.058655
-0.661621	-0.459290	-1.156311	0.671082
-0.641479	-0.383606	-1.163025	0.306396
-0.599976	-0.249023	-1.169434	-0.030823
-0.554504	-0.066528	-1.176147	-0.345154
-0.503235	0.154724	-1.183472	-0.626526
-0.430603	0.406494	-1.185608	-0.859680
-0.340576	0.675049	-1.175537	-1.029663
-0.237732	0.947266	-1.150208	-1.140442
-0.127869	1.200867	-1.117554	-1.203613
-0.019531	1.429443	-1.087341	-1.215515
0.079041	1.630554	-1.052856	-1.181335
0.166321	1.807861	-1.015320	-1.104126
0.241699	1.950073	-0.969849	-1.003113
0.299072	2.049866	-0.917664	-0.908508
0.341797	2.117004	-0.859680	-0.827942
0.380554	2.171631	-0.790100	-0.756226
0.418701	2.204590	-0.706787	-0.698853
0.457764	2.199097	-0.610657	-0.655518
0.484314	2.160645	-0.503540	-0.623474
0.483704	2.098083	-0.382690	-0.610046
0.463562	2.011108	-0.263062	-0.607910
0.431824	1.910095	-0.163269	-0.603027
0.400696	1.797791	-0.081177	-0.598450
0.372009	1.671143	-0.014343	-0.595398
0.348511	1.524048	0.027466	-0.595398
0.332947	1.355896	0.036316	-0.596313
0.332947	1.159058	0.010376	-0.601501
0.347290	0.919800	-0.054321	-0.623169
0.368042	0.645752	-0.150757	-0.672913
0.404053	0.350037	-0.266113	-0.756226
0.453186	0.049438	-0.390930	-0.864258
0.504456	-0.243530	-0.499268	-0.990601
0.549011	-0.519104	-0.579529	-1.122131
0.588684	-0.770569	-0.616455	-1.245728
0.611877	-0.979919	-0.602722	-1.358643
0.614014	-1.140442	-0.538635	-1.463928
0.596008	-1.252136	-0.422974	-1.560974
0.556030	-1.313477	-0.255737	-1.655579
0.501404	-1.335144	-0.039063	-1.754761
0.437622	-1.324463	0.215149	-1.844788
0.370178	-1.280823	0.500183	-1.918335
0.290222	-1.212769	0.799255	-1.972351
0.200500	-1.140137	1.078796	-2.005005
0.108643	-1.063538	1.323853	-2.003479
0.024414	-0.979919	1.545715	-1.960144
-0.056763	-0.904236	1.718140	-1.877441
-0.144653	-0.832214	1.842346	-1.754150
-0.223999	-0.765991	1.918640	-1.585999
-0.290833	-0.712280	1.946411	-1.386719
-0.353699	-0.677795	1.930847	-1.167603
-0.400391	-0.656738	1.869202	-0.934753
-0.436096	-0.659485	1.755676	-0.700073
-0.480347	-0.684509	1.604004	-0.469055
-0.522461	-0.705872	1.412048	-0.247498
-0.559387	-0.719299	1.161499	-0.035706
-0.601501	-0.727844	0.875244	0.163269
-0.650635	-0.713806	0.586243	0.340881
-0.690308	-0.675354	0.288696	0.503235
-0.722351	-0.609436	-0.024109	0.661621
-0.746155	-0.510864	-0.316467	0.809326
-0.747681	-0.402832	-0.564575	0.940247
-0.730286	-0.287476	-0.788879	1.057739
-0.701294	-0.162048	-0.975342	1.170044
-0.643311	-0.020752	-1.089172	1.278687
-0.579529	0.129089	-1.128540	1.380310
-0.523987	0.286865	-1.127930	1.473083
-0.444336	0.452881	-1.072998	1.577148
-0.355835	0.628967	-0.964661	1.703491
-0.300903	0.815735	-0.835571	1.846008
-0.250854	0.995483	-0.696716	1.987305
-0.174255	1.144409	-0.532532	2.123413
-0.130920	1.262817	-0.352173	2.258911
-0.117188	1.372681	-0.175171	2.391968
-0.078125	1.468201	0.007629	2.500305
-0.044250	1.550293	0.195313	2.567139
-0.043945	1.640930	0.363159	2.604675
-0.042725	1.748657	0.508118	2.597656
-0.030212	1.870117	0.652161	2.527771
-0.058289	1.994934	0.774841	2.408142
-0.104980	2.142944	0.866089	2.257385
-0.119019	2.286987	0.935669	2.044678
-0.148621	2.411804	0.986023	1.768799
-0.194092	2.521057	1.002808	1.469727
-0.211792	2.601318	0.999146	1.143188
-0.227966	2.624512	0.970764	0.776062
-0.258484	2.599182	0.888367	0.402222
-0.264587	2.522583	0.765381	0.036926
-0.254211	2.398682	0.620117	-0.321960
-0.257568	2.248230	0.427551	-0.638428
-0.256653	2.075806	0.176086	-0.901794
-0.227966	1.892090	-0.077820	-1.126404
-0.203247	1.697693	-0.330200	-1.296082
-0.178833	1.504517	-0.602112	-1.398315
-0.127869	1.316528	-0.866699	-1.451416
-0.090332	1.129456	-1.091309	-1.456604
-0.064392	0.949707	-1.275940	-1.419983
-0.021362	0.781555	-1.408997	-1.342163
0.028687	0.605469	-1.468201	-1.242371
0.059814	0.451965	-1.465759	-1.127319
0.101929	0.342712	-1.398926	-0.999451
0.169678	0.248108	-1.265259	-0.863037
0.244446	0.175476	-1.089478	-0.723572
0.328369	0.164185	-0.883789	-0.570374
0.438538	0.184937	-0.639648	-0.411682
0.552673	0.214539	-0.372620	-0.272522
0.667419	0.285339	-0.119324	-0.149841
0.796204	0.376587	0.137939	-0.025024
0.907288	0.453796	0.406799	0.081787
0.989380	0.535278	0.650330	0.156860
1.064453	0.617065	0.859985	0.216980
1.119995	0.677795	1.056213	0.256653
1.133118	0.714111	1.231689	0.263977
1.122131	0.728149	1.351929	0.236206
1.087341	0.711670	1.441956	0.180054
1.015320	0.668945	1.493530	0.083923
0.933838	0.604248	1.489258	-0.058899
0.836792	0.518494	1.454468	-0.230713
0.716248	0.410156	1.416626	-0.422363
0.581360	0.285034	1.353760	-0.623474
0.444641	0.162354	1.262817	-0.823669
0.296021	0.037537	1.172791	-1.021118
0.129395	-0.090942	1.067200	-1.213684
-0.034485	-0.218201	0.947876	-1.378784
-0.201416	-0.352478	0.836182	-1.500854
-0.372620	-0.489197	0.732727	-1.585083
-0.535889	-0.616760	0.622559	-1.640930
-0.672302	-0.743408	0.497131	-1.647644
-0.788574	-0.862122	0.358887	-1.603394
-0.877075	-0.961609	0.201721	-1.520081
-0.921631	-1.052551	0.033569	-1.387939
-0.932922	-1.129456	-0.144348	-1.209412
-0.921631	-1.176147	-0.330200	-1.003113
-0.871887	-1.192017	-0.520630	-0.768433
-0.793152	-1.181641	-0.706787	-0.499878
-0.703430	-1.142883	-0.869141	-0.205994
-0.599060	-1.090088	-1.011658	0.105896
-0.485840	-1.022339	-1.129761	0.428162
-0.375366	-0.934448	-1.211548	0.738525
-0.273743	-0.835876	-1.250000	1.019897
-0.184021	-0.723572	-1.254578	1.276245
-0.118713	-0.609436	-1.219482	1.490784
-0.076599	-0.502014	-1.156311	1.649475
-0.047302	-0.368958	-1.081848	1.759949
-0.032654	-0.221558	-0.976257	1.842651
-0.034485	-0.088196	-0.848083	1.899719
-0.038757	0.032349	-0.717773	1.923218
-0.039673	0.129700	-0.584717	1.925964
-0.042725	0.194397	-0.444946	1.914673
-0.045166	0.229492	-0.330811	1.881104
-0.045166	0.226440	-0.240784	1.823120
-0.053406	0.177917	-0.149231	1.756897
-0.065308	0.091553	-0.076599	1.676941
-0.071106	-0.018616	-0.028076	1.579590
-0.084534	-0.155334	0.011597	1.478271
-0.104980	-0.310364	0.037537	1.353149
-0.124817	-0.475464	0.035706	1.197510
-0.147095	-0.641479	0.026550	1.029663
-0.170898	-0.795593	0.018616	0.841980
-0.193787	-0.935059	0.002747	0.625305
-0.217285	-1.046448	-0.012817	0.402832
-0.231628	-1.129150	-0.015259	0.175476
-0.234070	-1.188660	-0.016479	-0.057373
-0.234680	-1.212158	-0.019226	-0.268250
-0.228271	-1.204529	-0.003052	-0.448303
-0.201721	-1.163330	0.030212	-0.607910
-0.172424	-1.089478	0.064697	-0.735779
-0.141296	-0.993652	0.106812	-0.823364
-0.095825	-0.892639	0.155029	-0.886536
-0.046082	-0.782471	0.197144	-0.927124
0.007324	-0.668945	0.233154	-0.937805
0.070190	-0.559998	0.277100	-0.922852
0.141907	-0.459290	0.319214	-0.897522
0.209961	-0.371399	0.343628	-0.851746
0.272827	-0.303955	0.348206	-0.782776
0.335999	-0.266418	0.346069	-0.712280
0.390320	-0.247803	0.328064	-0.635071
0.434265	-0.252075	0.278320	-0.555420
0.471191	-0.289001	0.217590	-0.484314
0.501099	-0.351563	0.162048	-0.425110
0.520630	-0.424500	0.106812	-0.372620
0.537415	-0.526123	0.048218	-0.339966
0.543518	-0.657959	-0.008850	-0.341187
0.525818	-0.784607	-0.065308	-0.369263
0.498047	-0.905151	-0.107117	-0.436096
0.472717	-1.036987	-0.121765	-0.542908
0.454407	-1.163940	-0.116577	-0.677795
0.428467	-1.267395	-0.104065	-0.823669
0.398560	-1.347656	-0.071411	-0.974121
0.379333	-1.412354	-0.008850	-1.119080
0.370483	-1.454163	0.075073	-1.243286
0.378113	-1.479187	0.170898	-1.340027
0.402222	-1.485291	0.265198	-1.402283
0.425415	-1.464844	0.354309	-1.428833
0.442505	-1.419983	0.434265	-1.416016
0.465088	-1.366882	0.497742	-1.373291
0.486755	-1.293030	0.545044	-1.308899
0.489197	-1.172180	0.574341	-1.215210
0.473633	-1.007996	0.585938	-1.090088
0.442505	-0.814819	0.588989	-0.943604
0.393066	-0.593262	0.596619	-0.784912
0.324402	-0.342102	0.609436	-0.614624
0.249634	-0.075684	0.630188	-0.444946
0.162354	0.200806	0.655212	-0.279541
0.066223	0.478210	0.673218	-0.115662
-0.025330	0.754395	0.688477	0.037231
-0.099792	1.018066	0.700989	0.180664
-0.159607	1.260986	0.692139	0.317688
-0.215149	1.482849	0.654297	0.452881
-0.259705	1.654358	0.596313	0.582275
-0.303345	1.769409	0.513306	0.697021
-0.349121	1.835632	0.396118	0.796814
-0.386353	1.843262	0.253601	0.888062
-0.421143	1.778870	0.087280	0.961609
-0.466003	1.657104	-0.111084	1.016235
-0.508423	1.491394	-0.326538	1.052246
-0.546265	1.288452	-0.535889	1.070557
-0.588074	1.062622	-0.756226	1.079407
-0.619507	0.823059	-0.996399	1.071167
-0.638123	0.578918	-1.235962	1.041870
-0.659485	0.339966	-1.445313	1.001892
-0.681152	0.113220	-1.630554	0.957642
-0.687256	-0.093994	-1.801758	0.901489
-0.673828	-0.278320	-1.932983	0.832825
-0.650330	-0.437317	-2.008057	0.762024
-0.621948	-0.573425	-2.023010	0.691528
-0.585327	-0.698853	-1.978760	0.616760
-0.539246	-0.806580	-1.877747	0.539856
-0.493164	-0.871277	-1.723328	0.466614
-0.451965	-0.908813	-1.521912	0.395508
-0.410767	-0.928345	-1.287842	0.332031
-0.358276	-0.909119	-1.027527	0.285950
-0.293579	-0.852051	-0.733337	0.253906
-0.228577	-0.761108	-0.426025	0.233459
-0.155334	-0.643005	-0.135193	0.230408
-0.065002	-0.497131	0.134277	0.258179
0.026550	-0.341797	0.390930	0.308838
0.102539	-0.183105	0.618896	0.369873
0.166626	-0.046692	0.808411	0.436096
0.206909	0.054321	0.971680	0.494690
0.224609	0.143127	1.106873	0.532227
0.230713	0.209351	1.193542	0.540466
0.211487	0.258789	1.246643	0.523987
0.166016	0.296326	1.271667	0.473328
0.116577	0.328064	1.265259	0.385437
0.060730	0.350342	1.229553	0.254211
-0.008240	0.363464	1.167603	0.085144
-0.083008	0.367432	1.080322	-0.115356
-0.155029	0.351868	0.982361	-0.334778
-0.219116	0.299683	0.875549	-0.561218
-0.268250	0.214539	0.750732	-0.789795
-0.298157	0.122375	0.603027	-1.001587
-0.308228	0.013123	0.431213	-1.174927
-0.301514	-0.127258	0.223999	-1.315308
-0.289917	-0.293274	0.001831	-1.427612
-0.277405	-0.468140	-0.209351	-1.511841
-0.256958	-0.644836	-0.410461	-1.585388
-0.225525	-0.829163	-0.600281	-1.659241
-0.175171	-1.007996	-0.762024	-1.712952
-0.110168	-1.174316	-0.875854	-1.738586
-0.040283	-1.325073	-0.948181	-1.750183
0.037842	-1.453552	-0.993042	-1.750793
0.126648	-1.542358	-1.005859	-1.737061
0.216064	-1.591797	-0.972900	-1.722717
0.289917	-1.618347	-0.899658	-1.708069
0.343018	-1.617126	-0.802917	-1.685486
0.388794	-1.581726	-0.679626	-1.649170
0.428467	-1.504211	-0.529480	-1.590881
0.451660	-1.393433	-0.360107	-1.513367
0.472107	-1.255188	-0.178528	-1.417542
0.501099	-1.093750	-0.000610	-1.306152
0.516357	-0.899353	0.160522	-1.185608
0.513916	-0.663452	0.304260	-1.066284
0.504456	-0.404053	0.420837	-0.941162
0.483093	-0.134583	0.509033	-0.817566
0.443726	0.138855	0.589905	-0.706177
0.401001	0.410156	0.645447	-0.595093
0.364380	0.674438	0.642395	-0.480957
0.319519	0.926819	0.594788	-0.364380
0.270081	1.152344	0.546570	-0.252380
0.217896	1.333008	0.477600	-0.156555
0.154419	1.471252	0.346985	-0.074463
0.079346	1.573181	0.173645	0.000000
-0.004578	1.647644	-0.002747	0.066833
-0.107422	1.702881	-0.185547	0.118408
-0.207825	1.727295	-0.383911	0.157166
-0.278931	1.720581	-0.572205	0.195923
-0.351868	1.721802	-0.742188	0.235901
-0.446167	1.749573	-0.915222	0.263672
-0.524292	1.783752	-1.076965	0.283203
-0.572510	1.824341	-1.187744	0.310669
-0.617371	1.871033	-1.255798	0.353088
-0.636292	1.923218	-1.300659	0.414124
-0.607300	1.961975	-1.318054	0.491333
-0.565186	1.983032	-1.304321	0.600586
-0.511475	1.990356	-1.273804	0.736084
-0.433044	1.967468	-1.221008	0.867004
-0.345154	1.906738	-1.148376	1.001892
-0.273132	1.823425	-1.076050	1.158752
-0.203857	1.722717	-1.007996	1.304321
-0.130615	1.603699	-0.933838	1.406250
-0.078125	1.477966	-0.855713	1.491394
-0.032349	1.353760	-0.771179	1.573486
0.017090	1.224060	-0.664368	1.634521
0.044250	1.086426	-0.543213	1.656494
0.054932	0.955200	-0.419922	1.646423
0.062256	0.824890	-0.284424	1.601257
0.050354	0.703735	-0.130920	1.521301
0.023499	0.587769	0.011292	1.430664
0.000000	0.464478	0.148621	1.319275
-0.019226	0.335083	0.297546	1.190796
-0.045166	0.195313	0.440979	1.069031
-0.059204	0.043945	0.565186	0.955200
-0.067139	-0.119324	0.682983	0.837402
-0.079346	-0.288391	0.792847	0.709534
-0.094299	-0.458374	0.864868	0.576782
-0.103149	-0.631409	0.906372	0.451355
-0.115051	-0.811768	0.942383	0.334473
-0.129700	-0.971680	0.954590	0.223389
-0.132446	-1.101685	0.947876	0.130005
-0.131531	-1.229248	0.916748	0.054932
-0.142517	-1.325073	0.868530	0.005798
-0.148315	-1.384888	0.815735	-0.000916
-0.148926	-1.448364	0.752563	0.013123
-0.152283	-1.498413	0.685730	0.022278
-0.145874	-1.508789	0.620422	0.038147
-0.129089	-1.484680	0.572205	0.072632
-0.103760	-1.446533	0.532532	0.103455
-0.065002	-1.383972	0.498962	0.130310
-0.013123	-1.308594	0.487061	0.154419
0.033569	-1.215820	0.488892	0.172119
0.070496	-1.109924	0.488281	0.178833
0.122375	-0.998535	0.511780	0.186157
0.167542	-0.895996	0.578613	0.183411
0.206909	-0.816345	0.650024	0.151672
0.264282	-0.754395	0.702820	0.112915
0.317688	-0.697327	0.765991	0.083008
0.369263	-0.663757	0.822449	0.053711
0.415039	-0.679626	0.841064	0.005493
0.449524	-0.729675	0.832825	-0.047913
0.467834	-0.808105	0.790710	-0.097656
0.468140	-0.900269	0.685425	-0.157776
0.460205	-1.017761	0.536499	-0.233765
0.439453	-1.177063	0.380554	-0.323792
0.404968	-1.346436	0.218811	-0.425110
0.371399	-1.509705	0.039063	-0.527344
0.332336	-1.651611	-0.145264	-0.638733
0.288391	-1.759949	-0.314636	-0.765381
0.238037	-1.846619	-0.457153	-0.900574
0.184937	-1.918945	-0.578308	-1.028442
0.123291	-1.963501	-0.684509	-1.149597
0.058594	-1.961060	-0.774841	-1.269836
0.011292	-1.908875	-0.842590	-1.373901
-0.027771	-1.824646	-0.898438	-1.449585
-0.057983	-1.719971	-0.940552	-1.482239
-0.076599	-1.586914	-0.984192	-1.463013
-0.089417	-1.408691	-1.030884	-1.400146
-0.095520	-1.220093	-1.073914	-1.314697
-0.097961	-1.018982	-1.109009	-1.197815
-0.088196	-0.789185	-1.121521	-1.041260
-0.077209	-0.558777	-1.118774	-0.848083
-0.073853	-0.314026	-1.118774	-0.632019
-0.062561	-0.034180	-1.122742	-0.397644
-0.036011	0.245056	-1.113892	-0.162354
-0.012207	0.523071	-1.086731	0.072021
-0.001221	0.795593	-1.060486	0.303040
0.000610	1.034546	-1.024780	0.521851
-0.003967	1.242065	-0.973511	0.718689
-0.012817	1.425476	-0.908813	0.889893
-0.024414	1.567078	-0.825500	1.029358
-0.042114	1.665955	-0.730286	1.152649
-0.056152	1.730652	-0.641174	1.264954
-0.068054	1.759644	-0.556946	1.347961
-0.093079	1.749268	-0.474854	1.397705
-0.118408	1.705933	-0.412292	1.407471
-0.137024	1.633606	-0.376587	1.386719
-0.160828	1.531982	-0.351257	1.344299
-0.185852	1.386414	-0.338440	1.263123
-0.207214	1.206055	-0.336304	1.149902
-0.222168	1.006470	-0.337524	1.027527
-0.230103	0.761719	-0.338440	0.906067
-0.240784	0.471191	-0.342102	0.783386
-0.245667	0.145569	-0.344849	0.661621
-0.235291	-0.205688	-0.336304	0.537720
-0.214233	-0.563049	-0.327454	0.401611
-0.205688	-0.908508	-0.315247	0.267944
-0.195923	-1.229248	-0.281067	0.151062
-0.181274	-1.519470	-0.226135	0.040283
-0.174866	-1.785583	-0.172119	-0.058594
-0.164490	-2.008362	-0.101013	-0.138245
-0.147095	-2.163696	0.018005	-0.187683
-0.136108	-2.259216	0.169373	-0.206604
-0.129700	-2.323914	0.330811	-0.195923
-0.106201	-2.351685	0.506592	-0.161133
-0.073547	-2.317810	0.707703	-0.100708
-0.055847	-2.224426	0.910950	-0.006104
-0.040283	-2.086182	1.108093	0.117188
-0.012817	-1.944885	1.307373	0.239258
0.012512	-1.802063	1.477356	0.364380
0.031433	-1.620483	1.590576	0.507507
0.054321	-1.421204	1.674500	0.641174
0.083618	-1.222534	1.749878	0.751953
0.104980	-1.033325	1.796875	0.840759
0.129700	-0.876160	1.812439	0.912170
0.150452	-0.729675	1.802673	0.967712
0.151978	-0.570679	1.773071	1.004333
0.151062	-0.443115	1.731262	1.004639
0.148315	-0.364685	1.693726	0.968628
0.122375	-0.298462	1.647949	0.906067
0.083008	-0.219421	1.586609	0.824585
0.049438	-0.155029	1.510620	0.722046
0.010681	-0.131836	1.418152	0.576782
-0.037231	-0.116272	1.332703	0.415039
-0.064392	-0.108643	1.258240	0.253296
-0.079041	-0.128174	1.170654	0.072021
-0.102844	-0.166016	1.055603	-0.112305
-0.116577	-0.205688	0.943298	-0.281372
-0.110779	-0.253906	0.846558	-0.450134
-0.103760	-0.313416	0.752258	-0.610046
-0.094910	-0.368042	0.652466	-0.731506
-0.070190	-0.414429	0.562439	-0.827026
-0.032043	-0.447693	0.470581	-0.911255
-0.001526	-0.464172	0.367126	-0.973511
0.032959	-0.476379	0.271301	-1.010132
0.068665	-0.481873	0.192871	-1.020508
0.095520	-0.461426	0.104370	-1.011658
0.126343	-0.402832	0.010071	-0.990906
0.146179	-0.315857	-0.048523	-0.955505
0.145874	-0.205078	-0.082703	-0.896301
0.147705	-0.064697	-0.137024	-0.825195
0.151062	0.112305	-0.198975	-0.759583
0.148010	0.306091	-0.237427	-0.690613
0.128174	0.519104	-0.261230	-0.620117
0.103149	0.747375	-0.301514	-0.563049
0.074158	0.974731	-0.348816	-0.513611
0.029907	1.208496	-0.378418	-0.469666
-0.012817	1.443481	-0.392761	-0.435181
-0.048828	1.663208	-0.413818	-0.404053
-0.085449	1.853027	-0.456238	-0.377502
-0.119324	2.034607	-0.510254	-0.353394
-0.152893	2.192078	-0.576477	-0.328064
-0.191040	2.302551	-0.667114	-0.308228
-0.225220	2.380066	-0.780334	-0.292664
-0.247803	2.439575	-0.895386	-0.278320
-0.269470	2.475281	-1.015930	-0.270081
-0.289917	2.478333	-1.154480	-0.267029
-0.308228	2.439880	-1.293335	-0.259705
-0.320435	2.380066	-1.405640	-0.255737
-0.325012	2.318726	-1.492310	-0.263062
-0.328674	2.235107	-1.566772	-0.265198
-0.329895	2.133179	-1.612244	-0.256042
-0.321655	2.044067	-1.609802	-0.260925
-0.294495	1.965332	-1.576233	-0.285645
-0.265808	1.888733	-1.516113	-0.320129
-0.245056	1.813965	-1.420593	-0.351868
-0.219116	1.741943	-1.282654	-0.378113
-0.170593	1.657410	-1.116028	-0.401306
-0.121460	1.554871	-0.934448	-0.426636
-0.079346	1.457520	-0.730286	-0.449219
-0.029602	1.374817	-0.509949	-0.457153
0.028381	1.279602	-0.285645	-0.448914
0.086670	1.153870	-0.061951	-0.428467
0.142822	1.021423	0.158691	-0.395813
0.197754	0.899048	0.368958	-0.347900
0.236816	0.773621	0.549011	-0.288391
0.253296	0.635071	0.705566	-0.229187
0.263367	0.491638	0.849304	-0.165405
0.263672	0.346985	0.966187	-0.109253
0.249023	0.197449	1.046753	-0.070496
0.221863	0.048218	1.099854	-0.044556
0.180969	-0.086365	1.138306	-0.027466
0.130920	-0.212402	1.166687	-0.027771
0.072937	-0.358887	1.174622	-0.051880
0.009155	-0.507202	1.156921	-0.083923
-0.050964	-0.632019	1.129761	-0.122070
-0.116577	-0.735779	1.100159	-0.170898
-0.187378	-0.823975	1.058044	-0.227661
-0.246582	-0.907898	1.007690	-0.292053
-0.294495	-0.981140	0.953064	-0.358276
-0.332947	-1.027832	0.888367	-0.417786
-0.355835	-1.055908	0.821533	-0.465698
-0.364380	-1.084290	0.756836	-0.508423
-0.364380	-1.104431	0.690002	-0.532532
-0.353088	-1.100464	0.632324	-0.525818
-0.329590	-1.082764	0.587158	-0.497131
-0.301819	-1.056519	0.553589	-0.451965
-0.264893	-1.018982	0.531921	-0.393066
-0.217896	-0.971069	0.529785	-0.324707
-0.156860	-0.910339	0.534363	-0.243835
-0.086060	-0.837402	0.544739	-0.147400
-0.016174	-0.749817	0.578003	-0.042725
0.055847	-0.648193	0.635376	0.057373
0.126038	-0.528259	0.704651	0.154114
0.194397	-0.386047	0.785828	0.257568
0.260315	-0.234985	0.876465	0.360413
0.317078	-0.080261	0.964050	0.445862
0.354309	0.083313	1.050720	0.516357
0.388184	0.239563	1.126709	0.576477
0.415955	0.385437	1.182251	0.624390
0.425720	0.523071	1.220093	0.658875
0.432434	0.642395	1.226196	0.679932
0.438232	0.738831	1.185303	0.682678
0.429688	0.816040	1.114807	0.670776
0.411072	0.881958	1.034241	0.649109
0.396118	0.918274	0.913696	0.613403
0.382690	0.928650	0.738525	0.574341
0.360413	0.934143	0.545654	0.532837
0.333252	0.928345	0.350037	0.476685
0.294800	0.906677	0.124817	0.412903
0.246582	0.865479	-0.125122	0.354919
0.203552	0.821533	-0.365295	0.295410
0.148315	0.789185	-0.582886	0.222778
0.079956	0.770874	-0.802917	0.142822
0.029297	0.761719	-1.019287	0.074158
-0.017090	0.756531	-1.205750	0.013123
-0.086365	0.770264	-1.366272	-0.043640
-0.148926	0.808716	-1.517334	-0.081787
-0.175476	0.864258	-1.642151	-0.097656
-0.198975	0.944824	-1.733093	-0.096130
-0.225525	1.054993	-1.799927	-0.067139
-0.216370	1.167297	-1.841736	-0.016479
-0.194092	1.267700	-1.857300	0.052490
-0.171509	1.372986	-1.855164	0.150146
-0.129395	1.488037	-1.826782	0.253906
-0.066833	1.597290	-1.764221	0.354004
-0.010376	1.678162	-1.677856	0.466614
0.041504	1.746826	-1.566772	0.593872
0.112610	1.797791	-1.432800	0.704346
0.178528	1.824951	-1.289978	0.793152
0.228271	1.839600	-1.146545	0.864868
0.281372	1.844482	-0.986328	0.924683
0.325317	1.825256	-0.814514	0.960693
0.344849	1.780701	-0.651245	0.971069
0.360718	1.719360	-0.492859	0.957031
0.371704	1.646118	-0.327148	0.905762
0.363159	1.553040	-0.173645	0.827332
0.343018	1.422424	-0.047913	0.726929
0.322266	1.264954	0.070496	0.608521
0.290833	1.094360	0.192566	0.479126
0.250549	0.908508	0.289917	0.349121
0.220642	0.698547	0.354004	0.207520
0.184631	0.459900	0.407104	0.061951
0.138855	0.206604	0.442810	-0.078125
0.096130	-0.054016	0.449219	-0.196838
0.055237	-0.336304	0.432739	-0.294800
0.021057	-0.628357	0.402527	-0.387573
-0.002136	-0.897827	0.361633	-0.451355
-0.015564	-1.161194	0.311890	-0.478210
-0.031128	-1.424255	0.245972	-0.480042
-0.049133	-1.651306	0.170288	-0.454407
-0.059204	-1.849670	0.108643	-0.403442
-0.070801	-2.035522	0.067444	-0.345459
-0.077209	-2.181702	0.024719	-0.280151
-0.080566	-2.281494	-0.010376	-0.192871
-0.088806	-2.355652	-0.013428	-0.094604
-0.105591	-2.397461	-0.003052	-0.014648
-0.115662	-2.408447	0.008240	0.059509
-0.120239	-2.383118	0.044556	0.137634
-0.122375	-2.315979	0.100708	0.198059
-0.118103	-2.215576	0.159302	0.239563
-0.108032	-2.093811	0.231934	0.284119
-0.096130	-1.960754	0.309753	0.321045
-0.073547	-1.809692	0.371094	0.345459
-0.046082	-1.645203	0.431824	0.369568
-0.020142	-1.488647	0.484619	0.390320
0.011597	-1.349487	0.516968	0.406494
0.038452	-1.224670	0.533142	0.414124
0.060425	-1.109619	0.535889	0.410461
0.080261	-1.014099	0.512085	0.391235
0.091553	-0.942078	0.466614	0.361023
0.095520	-0.892944	0.414429	0.323181
0.095825	-0.862427	0.356445	0.275879
0.089722	-0.846252	0.291138	0.212708
0.079041	-0.844727	0.223694	0.150452
0.066833	-0.846252	0.156860	0.075989
0.048218	-0.847168	0.097961	-0.013428
0.031433	-0.856018	0.051880	-0.096741
0.012207	-0.859070	0.010376	-0.172729
-0.011292	-0.844727	-0.025635	-0.245972
-0.029602	-0.827332	-0.056152	-0.311890
-0.036926	-0.801392	-0.088501	-0.365906
-0.038452	-0.752869	-0.115662	-0.411377
-0.035095	-0.685730	-0.140076	-0.441895
-0.025330	-0.606079	-0.168152	-0.450134
-0.014954	-0.506287	-0.196838	-0.438232
-0.005798	-0.388794	-0.218506	-0.408936
0.010681	-0.247192	-0.239563	-0.358887
0.032349	-0.088806	-0.263977	-0.294189
0.049438	0.073853	-0.299683	-0.219421
0.068665	0.254211	-0.346069	-0.138550
0.087280	0.448608	-0.387878	-0.053711
0.103149	0.643616	-0.425720	0.035400
0.123596	0.842896	-0.473022	0.122070
0.137634	1.046448	-0.519104	0.197754
0.132446	1.243896	-0.560608	0.265198
0.115356	1.426697	-0.608521	0.322571
0.099487	1.587219	-0.648804	0.357361
0.073242	1.728516	-0.668030	0.371094
0.034790	1.849060	-0.690613	0.356750
0.000610	1.938782	-0.715027	0.321045
-0.033569	1.991577	-0.714722	0.279541
-0.077515	2.009583	-0.707397	0.221863
-0.120544	2.000427	-0.711670	0.135498
-0.151978	1.965332	-0.708923	0.037842
-0.172424	1.906433	-0.687256	-0.061951
-0.188904	1.821289	-0.660400	-0.171814
-0.197754	1.717529	-0.632019	-0.284119
-0.194397	1.598206	-0.598145	-0.384216
-0.187988	1.455688	-0.564880	-0.478210
-0.179138	1.299133	-0.535278	-0.554504
-0.160217	1.133423	-0.495605	-0.617371
-0.133667	0.964050	-0.443726	-0.670471
-0.115356	0.792542	-0.382690	-0.709839
-0.100403	0.620728	-0.306091	-0.733643
-0.073853	0.462646	-0.216675	-0.749817
-0.049438	0.327759	-0.118713	-0.749512
-0.022583	0.214539	-0.007324	-0.729675
0.011902	0.123901	0.119629	-0.700684
0.048218	0.061340	0.260620	-0.663757
0.083923	0.029297	0.409241	-0.603943
0.120850	0.013428	0.563049	-0.528870
0.155640	-0.002441	0.721436	-0.457458
0.182800	-0.003662	0.878906	-0.378723
0.203552	0.014648	1.028748	-0.279846
0.219727	0.031738	1.169128	-0.167236
0.224915	0.036926	1.282959	-0.050354
0.229492	0.042419	1.373291	0.071106
0.235291	0.049744	1.443481	0.192566
0.226746	0.043335	1.484985	0.306091
0.200195	0.026245	1.496277	0.412903
0.160828	0.002747	1.484070	0.500793
0.115662	-0.036316	1.448975	0.561218
0.062561	-0.082703	1.383362	0.599976
-0.001526	-0.126648	1.295471	0.612183
-0.074768	-0.178833	1.198730	0.592346
-0.148315	-0.249023	1.088257	0.541077
-0.223083	-0.325012	0.957947	0.459900
-0.300598	-0.401917	0.824890	0.363770
-0.379639	-0.482483	0.699463	0.255737
-0.455322	-0.565491	0.574036	0.136108
-0.523071	-0.646973	0.446472	0.004578
-0.575867	-0.722351	0.330505	-0.131836
-0.609131	-0.786133	0.233459	-0.266418
-0.629578	-0.837708	0.149536	-0.390320
-0.634766	-0.885315	0.073547	-0.503845
-0.624695	-0.921631	0.008545	-0.610046
-0.600281	-0.935059	-0.038452	-0.696106
-0.565491	-0.934753	-0.072327	-0.754089
-0.520935	-0.923157	-0.097656	-0.787048
-0.460205	-0.890198	-0.110474	-0.791016
-0.387878	-0.841064	-0.103760	-0.766296
-0.308228	-0.777893	-0.086670	-0.718994
-0.229492	-0.712585	-0.061340	-0.649109
-0.156860	-0.638123	-0.023499	-0.558777
-0.096741	-0.549011	0.025330	-0.458984
-0.046692	-0.448914	0.075073	-0.354919
0.000000	-0.343323	0.124207	-0.256042
0.042419	-0.226135	0.174866	-0.165710
0.075989	-0.091553	0.225830	-0.077515
0.101624	0.050659	0.266418	0.006409
0.112915	0.194702	0.289307	0.081482
0.121460	0.351257	0.299377	0.143738
0.123901	0.507813	0.295715	0.184021
0.110474	0.653687	0.274658	0.204468
0.091858	0.781860	0.236206	0.222473
0.071716	0.894775	0.180359	0.234985
0.048218	0.987244	0.105591	0.232544
0.024719	1.050415	0.006104	0.216064
0.000916	1.080627	-0.115356	0.193176
-0.023499	1.081238	-0.251465	0.172119
-0.055237	1.049805	-0.406189	0.143433
-0.085144	0.998535	-0.581665	0.103760
-0.108643	0.935974	-0.767212	0.054321
-0.129395	0.864258	-0.946960	0.000305
-0.148315	0.782166	-1.114197	-0.058289
-0.170593	0.689087	-1.263733	-0.121155
-0.185852	0.588684	-1.390381	-0.180664
-0.191345	0.492554	-1.490173	-0.241089
-0.189819	0.404663	-1.556396	-0.303650
-0.190125	0.321350	-1.583557	-0.361938
-0.196228	0.246582	-1.575623	-0.412292
-0.193787	0.188904	-1.534424	-0.457764
-0.175171	0.140991	-1.455383	-0.498962
-0.145569	0.096436	-1.343079	-0.535278
-0.104370	0.064392	-1.208191	-0.561218
-0.054626	0.045471	-1.053467	-0.571594
-0.001221	0.032043	-0.886536	-0.574036
0.056763	0.014648	-0.706482	-0.569458
0.120544	-0.005493	-0.511475	-0.551453
0.186768	-0.027771	-0.310364	-0.523682
0.248413	-0.059204	-0.106506	-0.486755
0.300903	-0.097656	0.097961	-0.438232
0.345459	-0.144653	0.285339	-0.378723
0.387573	-0.202332	0.453186	-0.316772
0.417480	-0.268250	0.596313	-0.255737
0.430298	-0.342407	0.715637	-0.191956
0.432129	-0.429077	0.813293	-0.134277
0.419922	-0.524597	0.887756	-0.087280
0.396423	-0.620422	0.940857	-0.052490
0.367126	-0.722046	0.972595	-0.027771
0.331116	-0.824280	0.982056	-0.008545
0.289001	-0.921936	0.968628	0.006714
0.244446	-1.016235	0.940247	0.020752
0.191650	-1.111755	0.905151	0.033569
0.137329	-1.201477	0.859985	0.048523
0.086060	-1.280518	0.804443	0.072021
0.032959	-1.347656	0.744629	0.105591
-0.017090	-1.401978	0.680847	0.144653
-0.056458	-1.443787	0.614929	0.187683
-0.085449	-1.476746	0.546875	0.241699
-0.110779	-1.501160	0.475769	0.306702
-0.129700	-1.509705	0.402832	0.379028
-0.140076	-1.502686	0.333252	0.460205
-0.143433	-1.481323	0.274963	0.555115
-0.139771	-1.444092	0.224915	0.653687
-0.132751	-1.388855	0.181885	0.751038
-0.123596	-1.318359	0.155640	0.850220
-0.115051	-1.235352	0.151672	0.943909
-0.107727	-1.138306	0.158081	1.028442
-0.101013	-1.032715	0.170898	1.098633
-0.093689	-0.918274	0.191345	1.147766
-0.087891	-0.794678	0.223389	1.174927
-0.087280	-0.669556	0.263977	1.186829
-0.086060	-0.546875	0.307617	1.184998
-0.081787	-0.428162	0.350647	1.164856
-0.073242	-0.314331	0.386963	1.130371
-0.063477	-0.215454	0.415649	1.090088
-0.052185	-0.149231	0.426331	1.046143
-0.039673	-0.110779	0.419312	0.996704
-0.028076	-0.090942	0.397339	0.937805
-0.014648	-0.089722	0.361023	0.863953
-0.004883	-0.114746	0.302124	0.782776
-0.004578	-0.162964	0.220032	0.708618
-0.010376	-0.221558	0.126343	0.641479
-0.019226	-0.285034	0.021057	0.574646
-0.030518	-0.352478	-0.100708	0.508423
-0.043640	-0.420532	-0.226440	0.448914
-0.057678	-0.485840	-0.350037	0.397034
-0.074768	-0.540771	-0.474548	0.350952
-0.090942	-0.578003	-0.597839	0.310364
-0.100098	-0.595703	-0.713196	0.277710
-0.106201	-0.597839	-0.813904	0.249634
-0.113831	-0.587463	-0.901184	0.222778
-0.115662	-0.563049	-0.973511	0.201111
-0.109558	-0.521240	-1.026917	0.187988
-0.103149	-0.458374	-1.064453	0.183105
-0.096436	-0.373840	-1.086426	0.186157
-0.086975	-0.270386	-1.087341	0.195313
-0.067139	-0.148010	-1.067810	0.214844
-0.035095	-0.006104	-1.037292	0.253296
0.003662	0.142822	-0.995178	0.301819
0.047913	0.288696	-0.940857	0.347900
0.098572	0.429688	-0.881042	0.390625
0.146484	0.555420	-0.821228	0.424805
0.190430	0.664978	-0.760803	0.444946
0.227356	0.753174	-0.700073	0.437927
0.249329	0.816040	-0.640564	0.410461
0.258789	0.856628	-0.580750	0.367737
0.257568	0.875244	-0.520935	0.307007
0.241089	0.876465	-0.464478	0.224609
0.215759	0.862122	-0.411377	0.119324
0.197449	0.822144	-0.357971	-0.003967
0.186157	0.755310	-0.308533	-0.140076
0.171204	0.672302	-0.267944	-0.289917
0.150452	0.572510	-0.231018	-0.462646
0.122986	0.444641	-0.187683	-0.647278
0.086060	0.285645	-0.141907	-0.833130
0.041504	0.112000	-0.103149	-1.019592
0.000610	-0.065918	-0.073242	-1.206055
-0.029602	-0.243225	-0.051270	-1.375732
-0.046997	-0.419617	-0.041504	-1.514893
-0.050964	-0.600891	-0.043030	-1.617737
