2020/1/9 9:25:21 40us
CH1			CH2			CH3			CH4
-0.009766	0.000000	0.006104	-0.002136
-0.010071	-0.000305	0.006104	-0.002441
-0.009766	0.000305	0.006409	-0.002747
-0.009766	0.000305	0.006409	-0.003052
-0.009766	0.000610	0.005798	-0.003357
-0.010071	0.000916	0.005798	-0.003052
-0.009766	0.001526	0.006409	-0.003052
-0.009460	0.001526	0.005798	-0.003357
-0.009460	0.001831	0.006409	-0.003052
-0.009766	0.001831	0.005798	-0.003967
-0.009155	0.002441	0.006409	-0.003967
-0.009155	0.002441	0.006104	-0.003967
-0.009460	0.002747	0.006104	-0.003357
-0.009155	0.002747	0.005798	-0.003662
-0.009155	0.003052	0.006104	-0.003967
-0.009155	0.003967	0.006104	-0.003967
-0.009155	0.003967	0.006104	-0.004272
-0.009155	0.003967	0.005798	-0.003967
-0.009460	0.004272	0.006104	-0.004272
-0.009460	0.004578	0.005798	-0.004272
-0.009460	0.004883	0.006409	-0.004578
-0.009460	0.004883	0.006104	-0.004272
-0.009460	0.005188	0.006104	-0.004578
-0.009460	0.005493	0.005798	-0.004272
-0.009460	0.005493	0.005798	-0.004272
-0.008850	0.005493	0.005798	-0.003662
-0.009155	0.005798	0.006104	-0.003967
-0.009155	0.006409	0.006104	-0.003967
-0.009155	0.006409	0.005798	-0.003662
-0.009155	0.006409	0.006104	-0.004272
-0.009155	0.006409	0.005798	-0.003662
-0.009155	0.006409	0.005798	-0.003357
-0.008850	0.006714	0.006104	-0.003662
-0.008850	0.007019	0.005798	-0.003662
-0.009460	0.007019	0.006104	-0.003662
-0.009460	0.007019	0.006409	-0.003662
-0.009155	0.007019	0.007019	-0.003357
-0.009155	0.007019	0.007019	-0.003357
-0.009155	0.007324	0.006714	-0.003052
-0.009460	0.007019	0.008240	-0.003052
-0.009460	0.007019	0.005493	-0.003052
-0.009766	0.007324	-0.021973	-0.003662
-0.009155	0.008850	0.042419	-0.003662
-0.009460	0.002136	0.192566	-0.002747
-0.009460	0.025940	0.302734	-0.002136
-0.008850	0.028076	0.419312	-0.002441
-0.007324	0.015259	0.526123	0.000000
-0.014038	-0.036926	0.627136	0.008240
-0.006409	-0.138550	0.751038	-0.022888
0.012207	-0.277405	0.910034	-0.046997
-0.031433	-0.323792	1.115112	-0.014343
-0.045166	-0.320435	1.343079	0.049744
-0.026855	-0.325928	1.547852	0.115051
0.003357	-0.286255	1.717224	0.141296
0.037842	-0.213013	1.842346	0.049133
0.035400	-0.133667	1.918640	-0.044250
0.009460	0.046997	1.918335	-0.071716
-0.013123	0.314026	1.849976	-0.034485
0.005188	0.700378	1.730347	-0.042419
0.043030	1.196899	1.519775	-0.114746
0.073242	1.691589	1.289368	-0.208740
0.063782	2.149353	1.000671	-0.305481
-0.012512	2.609863	0.617371	-0.404968
-0.070801	3.042603	0.161438	-0.493774
-0.105286	3.396606	-0.343323	-0.524292
-0.145264	3.687134	-0.800171	-0.504761
-0.187073	3.967896	-1.189575	-0.469360
-0.223083	4.278564	-1.589355	-0.425415
-0.228882	4.553528	-2.029724	-0.367737
-0.231018	4.723206	-2.466431	-0.314636
-0.256042	4.798279	-2.842407	-0.232544
-0.267639	4.792480	-3.156433	-0.115967
-0.247192	4.683228	-3.411560	0.010071
-0.248718	4.543457	-3.622131	0.161743
-0.221558	4.383240	-3.779297	0.303650
-0.191040	4.178162	-3.889771	0.442200
-0.168152	3.912048	-3.970032	0.598145
-0.121460	3.620911	-3.984680	0.767212
-0.101013	3.281555	-3.903503	0.931702
-0.095520	2.911987	-3.775940	1.119385
-0.083923	2.486267	-3.662109	1.325989
-0.065308	1.993103	-3.527832	1.550903
-0.029907	1.492310	-3.346863	1.755981
0.039978	0.967712	-3.112183	1.881409
0.112000	0.431519	-2.830505	1.912842
0.198975	-0.112610	-2.507019	1.843262
0.291443	-0.666809	-2.188110	1.759644
0.389099	-1.251221	-1.873779	1.709900
0.496521	-1.858521	-1.557312	1.645813
0.607605	-2.475891	-1.235657	1.510620
0.737000	-3.093567	-0.865784	1.305237
0.844116	-3.698425	-0.452881	1.084595
0.917969	-4.268188	-0.058594	0.860596
0.976563	-4.782410	0.298767	0.624695
1.024170	-5.287170	0.646362	0.380859
1.061401	-5.822144	0.976868	0.143127
1.072693	-6.330261	1.289673	-0.118713
1.059570	-6.754456	1.566772	-0.421753
1.025085	-7.085266	1.761780	-0.707092
0.982971	-7.378235	1.918335	-0.943909
0.892639	-7.662048	2.072144	-1.133423
0.776062	-7.844849	2.213135	-1.306458
0.656128	-7.914124	2.331543	-1.449890
0.515747	-7.906799	2.378235	-1.549377
0.353699	-7.787170	2.361450	-1.609192
0.178833	-7.600098	2.345581	-1.638794
0.023193	-7.343445	2.329102	-1.646729
-0.095825	-7.030029	2.293701	-1.609192
-0.234680	-6.679688	2.239685	-1.529846
-0.407104	-6.282349	2.207642	-1.418152
-0.572205	-5.838623	2.192688	-1.257324
-0.702515	-5.333862	2.169495	-1.074524
-0.798340	-4.743042	2.106934	-0.891113
-0.878601	-4.110413	1.999207	-0.731506
-0.941467	-3.434448	1.850586	-0.557556
-0.993958	-2.750854	1.698303	-0.357056
-1.051025	-2.049866	1.551819	-0.191650
-1.076660	-1.342773	1.418152	-0.094604
-1.072693	-0.656433	1.296692	-0.037842
-1.036072	-0.022278	1.150513	-0.029602
-0.960083	0.545349	0.983276	-0.072632
-0.876465	1.050110	0.817871	-0.138245
-0.791626	1.531372	0.657654	-0.217590
-0.726624	1.979370	0.508118	-0.309753
-0.687866	2.371216	0.368347	-0.434875
-0.644531	2.687378	0.233765	-0.576782
-0.582886	2.911987	0.099487	-0.694885
-0.513611	3.084106	-0.040588	-0.794373
-0.461121	3.244324	-0.184326	-0.878906
-0.430603	3.370667	-0.320740	-0.950012
-0.388184	3.414001	-0.459595	-1.011963
-0.325317	3.388367	-0.604858	-1.047058
-0.249329	3.313904	-0.755310	-1.056213
-0.178223	3.214722	-0.905151	-1.032410
-0.132751	3.107910	-1.056213	-0.971985
-0.101624	2.983704	-1.212158	-0.886230
-0.066223	2.836304	-1.348267	-0.789185
-0.022583	2.664490	-1.489563	-0.673828
0.037231	2.465820	-1.642761	-0.515442
0.099487	2.237244	-1.789246	-0.316467
0.132141	2.005310	-1.939697	-0.111084
0.152588	1.822510	-2.101440	0.061340
0.202026	1.689758	-2.265625	0.211792
0.268250	1.586609	-2.425537	0.361938
0.328369	1.495056	-2.570496	0.523071
0.367737	1.422424	-2.705078	0.686340
0.382690	1.403809	-2.849426	0.852051
0.374146	1.439209	-2.987671	1.029968
0.359497	1.504517	-3.100281	1.213379
0.353088	1.585083	-3.192139	1.372375
0.337524	1.683044	-3.257141	1.506042
0.312195	1.796265	-3.293457	1.614685
0.277710	1.925659	-3.289795	1.706238
0.238037	2.059326	-3.227844	1.784058
0.193481	2.166443	-3.105469	1.826172
0.153503	2.226868	-2.923584	1.828613
0.131226	2.258301	-2.707214	1.761169
0.115662	2.272339	-2.465820	1.642151
0.099182	2.258911	-2.188110	1.495361
0.077209	2.220154	-1.875305	1.299438
0.057983	2.135925	-1.513062	1.072083
0.048218	2.011108	-1.107788	0.832520
0.046082	1.853027	-0.676575	0.569763
0.052795	1.654053	-0.222168	0.289001
0.066833	1.434021	0.238037	-0.002441
0.084534	1.198730	0.706177	-0.308533
0.104065	0.948792	1.194458	-0.631714
0.122986	0.711975	1.703186	-0.966492
0.140076	0.500488	2.237244	-1.291504
0.153809	0.292664	2.764893	-1.579895
0.157471	0.075989	3.261719	-1.831665
0.158081	-0.122681	3.693237	-2.042542
0.162048	-0.309143	4.089966	-2.238770
0.163879	-0.486145	4.452515	-2.425232
0.162659	-0.660706	4.779663	-2.579346
0.162659	-0.824280	5.062561	-2.682800
0.162354	-0.960388	5.288391	-2.719727
0.153198	-1.058350	5.456543	-2.697449
0.138245	-1.138916	5.571594	-2.628479
0.101624	-1.213684	5.648193	-2.519226
0.043945	-1.276855	5.668640	-2.383728
-0.022278	-1.320496	5.613098	-2.200623
-0.093079	-1.334534	5.479126	-1.937256
-0.172119	-1.318359	5.281982	-1.608582
-0.256348	-1.251526	5.050659	-1.245728
-0.347595	-1.134338	4.786377	-0.862122
-0.433655	-0.986633	4.481506	-0.502625
-0.524902	-0.814819	4.106445	-0.133972
-0.599670	-0.647888	3.682556	0.248718
-0.664673	-0.487976	3.244019	0.632935
-0.715027	-0.339355	2.803955	0.992126
-0.755615	-0.211182	2.357483	1.302490
-0.780334	-0.111694	1.905518	1.573181
-0.784607	-0.049133	1.456909	1.820374
-0.773010	-0.019531	0.995789	2.036743
-0.744629	-0.011902	0.533752	2.204285
-0.711670	-0.032959	0.085754	2.307434
-0.677185	-0.075378	-0.323792	2.353516
-0.638123	-0.126648	-0.690308	2.368469
-0.590820	-0.176392	-1.031799	2.366943
-0.530396	-0.220337	-1.347961	2.360229
-0.461731	-0.254517	-1.651001	2.343140
-0.393677	-0.274353	-1.925049	2.305908
-0.315857	-0.291138	-2.148132	2.257690
-0.226135	-0.300903	-2.331238	2.198792
-0.135498	-0.310059	-2.480774	2.121277
-0.048218	-0.323181	-2.586365	2.034912
0.029297	-0.330200	-2.638855	1.947021
0.096436	-0.337830	-2.647400	1.851501
0.161133	-0.338135	-2.615662	1.730042
0.224915	-0.320129	-2.555542	1.581726
0.281982	-0.287781	-2.483521	1.413269
0.319214	-0.252991	-2.402954	1.233826
0.342102	-0.222778	-2.304993	1.059265
0.367432	-0.189514	-2.196655	0.887756
0.385132	-0.145569	-2.096863	0.704956
0.391541	-0.084229	-2.018738	0.504456
0.388184	0.011597	-1.954956	0.305786
0.371094	0.146484	-1.893005	0.130005
0.345764	0.314331	-1.851196	-0.022278
0.322266	0.504456	-1.838989	-0.169678
0.300293	0.706787	-1.845093	-0.313416
0.269775	0.921326	-1.851196	-0.437927
0.235291	1.146545	-1.838684	-0.546875
0.189514	1.384277	-1.809998	-0.646973
0.142822	1.628418	-1.785278	-0.759888
0.104065	1.858215	-1.770630	-0.895386
0.062561	2.052612	-1.742859	-1.050415
0.010986	2.210693	-1.692200	-1.213379
-0.047913	2.341309	-1.612854	-1.376953
-0.111694	2.466431	-1.514282	-1.549988
-0.162964	2.585144	-1.416321	-1.726379
-0.204163	2.676697	-1.311951	-1.888123
-0.240784	2.723083	-1.178589	-2.031250
-0.267944	2.698059	-1.005554	-2.166748
-0.290527	2.615356	-0.809326	-2.282410
-0.303650	2.488403	-0.594482	-2.381897
-0.289612	2.323914	-0.372925	-2.469482
-0.247192	2.122803	-0.142517	-2.534790
-0.184631	1.894226	0.105591	-2.578125
-0.102539	1.640015	0.372009	-2.610168
-0.009155	1.376953	0.651550	-2.637634
0.080566	1.105957	0.939636	-2.666931
0.174866	0.813599	1.232910	-2.686768
0.286560	0.489197	1.515808	-2.681580
0.411377	0.135803	1.788635	-2.651672
0.542297	-0.235901	2.043762	-2.600403
0.653992	-0.613098	2.267761	-2.537231
0.730591	-0.984192	2.462769	-2.451172
0.798340	-1.349182	2.619019	-2.326660
0.858765	-1.714172	2.729187	-2.153015
0.901794	-2.089233	2.788391	-1.941223
0.920105	-2.473450	2.801819	-1.686096
0.908203	-2.850952	2.766113	-1.392517
0.878296	-3.199463	2.674561	-1.077576
0.835571	-3.506775	2.525024	-0.736694
0.779724	-3.792114	2.323914	-0.360107
0.716248	-4.064636	2.093506	0.038147
0.633240	-4.310913	1.850891	0.452271
0.529175	-4.496155	1.600647	0.874329
0.419922	-4.611816	1.344299	1.296082
0.318909	-4.686279	1.074219	1.710815
0.229797	-4.728088	0.781250	2.102051
0.155029	-4.707336	0.489807	2.464905
0.091553	-4.602661	0.216675	2.795105
0.028076	-4.434509	-0.044861	3.088379
-0.052490	-4.214783	-0.310364	3.343201
-0.139465	-3.943176	-0.564270	3.565063
-0.214844	-3.628540	-0.784302	3.745422
-0.281982	-3.275757	-0.970459	3.870850
-0.347595	-2.891235	-1.138611	3.930054
-0.408020	-2.495422	-1.293945	3.924866
-0.467224	-2.090759	-1.431274	3.890686
-0.527649	-1.673584	-1.550903	3.844299
-0.565491	-1.251526	-1.631165	3.754272
-0.578918	-0.827026	-1.651611	3.594971
-0.577698	-0.400085	-1.624451	3.394470
-0.578918	-0.001526	-1.557312	3.173218
-0.578308	0.370178	-1.455688	2.929688
-0.570068	0.718994	-1.321106	2.672729
-0.550232	1.040649	-1.142883	2.416077
-0.523071	1.329651	-0.925903	2.155762
-0.495300	1.578369	-0.673218	1.886902
-0.465698	1.798401	-0.399780	1.600952
-0.425720	2.003479	-0.127869	1.298218
-0.380554	2.195740	0.137024	0.991821
-0.353699	2.372437	0.395508	0.686951
-0.351563	2.522278	0.648193	0.393982
-0.348206	2.633972	0.873413	0.121765
-0.334167	2.722473	1.040649	-0.142517
-0.319214	2.807312	1.149292	-0.411987
-0.303650	2.876282	1.219788	-0.677490
-0.286255	2.917175	1.266174	-0.927734
-0.269165	2.926636	1.268616	-1.147461
-0.254211	2.905273	1.219177	-1.334534
-0.233154	2.876892	1.124573	-1.482239
-0.205383	2.852783	0.984192	-1.577148
-0.172424	2.821655	0.806274	-1.624756
-0.131226	2.778320	0.608521	-1.651917
-0.078125	2.724609	0.400085	-1.666870
-0.007019	2.663269	0.173035	-1.647949
0.067749	2.595825	-0.060425	-1.589355
0.131226	2.516785	-0.289612	-1.493530
0.182495	2.431030	-0.505981	-1.375122
0.225220	2.343445	-0.709229	-1.248169
0.273438	2.247009	-0.904236	-1.105652
0.326538	2.136841	-1.090088	-0.956116
0.371094	2.016602	-1.268616	-0.796204
0.397339	1.881714	-1.421509	-0.645447
0.404968	1.720276	-1.553345	-0.496216
0.406189	1.541748	-1.651917	-0.366211
0.407715	1.336975	-1.715698	-0.260315
0.404358	1.095581	-1.747131	-0.178528
0.402832	0.819397	-1.748962	-0.126038
0.409546	0.526123	-1.721191	-0.109558
0.431519	0.228271	-1.659851	-0.133667
0.460815	-0.075684	-1.563721	-0.203552
0.498657	-0.401611	-1.435242	-0.305176
0.541992	-0.741882	-1.286316	-0.425415
0.590515	-1.081848	-1.126709	-0.565491
0.646667	-1.411133	-0.959167	-0.719604
0.704041	-1.715698	-0.778809	-0.884399
0.754395	-1.998901	-0.585632	-1.065369
0.792847	-2.278748	-0.390320	-1.252441
0.823364	-2.555847	-0.198975	-1.421204
0.843811	-2.815552	-0.022888	-1.558533
0.842896	-3.042297	0.133057	-1.675720
0.813904	-3.236694	0.270081	-1.776123
0.765076	-3.406677	0.389099	-1.861267
0.702515	-3.541260	0.490417	-1.922302
0.628357	-3.633423	0.578613	-1.948853
0.547791	-3.685608	0.653992	-1.939697
0.453796	-3.696594	0.716248	-1.892090
0.338440	-3.650208	0.769958	-1.805115
0.216675	-3.535767	0.818481	-1.687317
0.100098	-3.353577	0.862122	-1.540527
-0.018311	-3.122864	0.891724	-1.358948
-0.137634	-2.856445	0.917053	-1.146851
-0.260620	-2.548523	0.954285	-0.918274
-0.390015	-2.198792	1.000977	-0.670776
-0.516663	-1.820679	1.049805	-0.411682
-0.632019	-1.411438	1.086426	-0.151978
-0.733032	-0.971680	1.107178	0.101929
-0.819397	-0.510864	1.101074	0.343628
-0.897827	-0.035095	1.068726	0.557861
-0.975342	0.445251	1.020508	0.737000
-1.049805	0.917664	0.966797	0.891418
-1.117249	1.366577	0.907288	1.020203
-1.169434	1.780701	0.842590	1.113586
-1.192627	2.161255	0.771790	1.174011
-1.191101	2.505188	0.696411	1.209717
-1.171875	2.803955	0.622559	1.226196
-1.139526	3.044434	0.554199	1.223450
-1.099854	3.226929	0.492859	1.191711
-1.057129	3.345337	0.442200	1.132202
-1.007080	3.397522	0.402222	1.062317
-0.949402	3.401489	0.367126	0.996399
-0.885010	3.377075	0.343018	0.935974
-0.811462	3.314209	0.328369	0.876770
-0.729370	3.227539	0.311279	0.813904
-0.641479	3.129883	0.288391	0.751343
-0.550842	3.015747	0.270081	0.703430
-0.456543	2.872620	0.259399	0.672607
-0.362244	2.704773	0.241699	0.660400
-0.266418	2.514648	0.213623	0.664368
-0.171509	2.311401	0.181274	0.674744
-0.086670	2.104492	0.150757	0.698853
-0.002136	1.887817	0.115051	0.735779
0.088501	1.652527	0.062561	0.788574
0.178223	1.402588	-0.013428	0.859375
0.263977	1.150208	-0.106506	0.954895
0.347595	0.906372	-0.197754	1.056519
0.425720	0.675659	-0.278015	1.149597
0.504761	0.461426	-0.352173	1.239014
0.578308	0.270691	-0.431213	1.327209
0.639038	0.118103	-0.522766	1.422729
0.687256	0.005188	-0.624390	1.530457
0.722656	-0.078735	-0.729370	1.633911
0.749512	-0.129089	-0.836182	1.716919
0.767517	-0.151062	-0.947876	1.784973
0.768738	-0.154419	-1.070251	1.840515
0.754089	-0.144958	-1.201782	1.890259
0.732117	-0.127563	-1.332092	1.920166
0.697632	-0.101624	-1.442261	1.912842
0.644836	-0.060730	-1.526489	1.856995
0.587769	-0.008545	-1.578674	1.753845
0.530396	0.056152	-1.604309	1.605835
0.474548	0.128479	-1.607666	1.413574
0.426941	0.189209	-1.579895	1.169434
0.385132	0.239258	-1.506958	0.871582
0.339355	0.286255	-1.387939	0.535889
0.288696	0.333252	-1.217041	0.180359
0.236816	0.372620	-0.993042	-0.188293
0.193481	0.398865	-0.726013	-0.558472
0.173035	0.409851	-0.426941	-0.926819
0.166321	0.408020	-0.102234	-1.291504
0.162659	0.397339	0.243530	-1.646118
0.158081	0.382690	0.600281	-1.986084
0.150757	0.367432	0.958252	-2.306213
0.144958	0.344849	1.305847	-2.593079
0.144958	0.322876	1.626892	-2.833557
0.148010	0.305481	1.912231	-3.029175
0.145264	0.289307	2.162170	-3.186035
0.142212	0.279846	2.376709	-3.297729
0.138855	0.280151	2.543640	-3.362122
0.132141	0.278320	2.656555	-3.377991
0.122070	0.275879	2.720337	-3.339539
0.106812	0.270996	2.747498	-3.252869
0.083923	0.256653	2.741394	-3.117676
0.053101	0.231934	2.699585	-2.933044
0.016785	0.205994	2.625427	-2.706909
-0.021057	0.182800	2.513428	-2.439270
-0.058289	0.160828	2.352600	-2.141418
-0.091248	0.139465	2.147522	-1.826172
-0.124207	0.122986	1.907349	-1.489868
-0.177002	0.115662	1.639099	-1.140747
-0.240784	0.118103	1.335144	-0.791626
-0.303040	0.138550	1.003723	-0.436096
-0.355530	0.171814	0.663452	-0.079956
-0.390930	0.197449	0.327148	0.258789
-0.413513	0.207825	-0.004578	0.586853
-0.432129	0.198669	-0.330811	0.909729
-0.457458	0.173645	-0.653381	1.214600
-0.482788	0.140381	-0.976257	1.481018
-0.501404	0.094910	-1.291809	1.711426
-0.507202	0.027771	-1.585388	1.911926
-0.500488	-0.055847	-1.864014	2.088623
-0.485840	-0.142212	-2.110596	2.229614
-0.461121	-0.233459	-2.319031	2.340698
-0.433960	-0.336609	-2.485657	2.432251
-0.411377	-0.446472	-2.606201	2.484741
-0.375977	-0.558167	-2.685242	2.517395
-0.336609	-0.665283	-2.727051	2.538147
-0.296631	-0.768738	-2.730713	2.531128
-0.260010	-0.867310	-2.687988	2.491150
-0.224304	-0.968933	-2.594604	2.414856
-0.187073	-1.069641	-2.455444	2.311401
-0.144653	-1.169739	-2.278442	2.199097
-0.098877	-1.272583	-2.074585	2.071533
-0.051575	-1.379700	-1.850891	1.919250
-0.012207	-1.487122	-1.609497	1.748962
0.024109	-1.593933	-1.356201	1.563721
0.056763	-1.692505	-1.095276	1.363831
0.082397	-1.776428	-0.845337	1.148987
0.112000	-1.846313	-0.608826	0.929260
0.144653	-1.897583	-0.382080	0.712585
0.167236	-1.918030	-0.172729	0.501709
0.171814	-1.911316	0.005798	0.301819
0.164490	-1.882019	0.148621	0.111694
0.156555	-1.828308	0.266113	-0.071411
0.145569	-1.758118	0.357666	-0.243835
0.130005	-1.672668	0.427551	-0.403748
0.108337	-1.565857	0.477600	-0.543823
0.084229	-1.433411	0.514526	-0.654297
0.059204	-1.271057	0.541992	-0.741272
0.037842	-1.098328	0.562439	-0.809631
0.018311	-0.931396	0.572815	-0.859375
-0.006409	-0.766602	0.574646	-0.893250
-0.031128	-0.599060	0.571289	-0.923157
-0.052490	-0.425110	0.573425	-0.956726
-0.063782	-0.243530	0.588684	-0.990601
-0.068970	-0.061951	0.616150	-1.019592
-0.072632	0.112000	0.657654	-1.050110
-0.076904	0.274963	0.708008	-1.082153
-0.073242	0.424805	0.769653	-1.114502
-0.058899	0.559082	0.844116	-1.156616
-0.043640	0.678101	0.936279	-1.217346
-0.021667	0.769043	1.045227	-1.288452
0.006714	0.832520	1.165466	-1.366882
0.041809	0.873718	1.290894	-1.443176
0.090027	0.896606	1.408691	-1.513367
0.146790	0.906677	1.510925	-1.591492
0.210876	0.902710	1.603088	-1.673584
0.279846	0.871887	1.681824	-1.749573
0.350647	0.816956	1.752930	-1.813354
0.418091	0.741577	1.809387	-1.866760
0.487366	0.646057	1.846313	-1.908264
0.548401	0.543823	1.860046	-1.930847
0.591125	0.432129	1.851807	-1.923523
0.623779	0.300598	1.817627	-1.878967
0.654907	0.152283	1.754150	-1.792908
0.681763	-0.000916	1.659241	-1.665344
0.700073	-0.162354	1.526489	-1.503906
0.708008	-0.330505	1.360168	-1.323242
0.697327	-0.509033	1.167908	-1.120911
0.672607	-0.698547	0.950623	-0.898132
0.638123	-0.889282	0.712280	-0.658264
0.604248	-1.066284	0.451660	-0.406189
0.567017	-1.225281	0.165710	-0.127258
0.522766	-1.365356	-0.110779	0.173950
0.468750	-1.481018	-0.365601	0.483093
0.408325	-1.572571	-0.639954	0.781860
0.333862	-1.630249	-0.946350	1.070251
0.258789	-1.654663	-1.204224	1.352234
0.170288	-1.625977	-1.430054	1.627197
0.075073	-1.559448	-1.651917	1.875000
-0.006714	-1.462708	-1.839294	2.098999
-0.075684	-1.309814	-1.990967	2.304993
-0.159302	-1.114502	-2.128906	2.478333
-0.252991	-0.889893	-2.241516	2.618713
-0.314331	-0.653076	-2.283630	2.719727
-0.361328	-0.432434	-2.315674	2.771606
-0.448914	-0.180664	-2.361450	2.797546
-0.530396	0.086365	-2.362976	2.783508
-0.574951	0.345154	-2.299500	2.703552
-0.618286	0.584106	-2.214966	2.582703
-0.648804	0.789795	-2.131653	2.442932
-0.646362	0.959778	-1.998901	2.270813
-0.675659	1.159058	-1.826172	2.070618
-0.719299	1.335754	-1.621094	1.845398
-0.711975	1.435852	-1.383972	1.572876
-0.698853	1.505432	-1.130676	1.275024
-0.733337	1.586914	-0.877686	0.963745
-0.733032	1.649475	-0.609131	0.671387
-0.708313	1.625671	-0.339355	0.348511
-0.740051	1.596985	-0.066528	0.028992
-0.738525	1.583557	0.218506	-0.267639
-0.700378	1.555481	0.511475	-0.564880
-0.695496	1.479492	0.767212	-0.848083
-0.704651	1.387024	0.997009	-1.084595
-0.657349	1.319275	1.234131	-1.319275
-0.590210	1.245117	1.442871	-1.555786
-0.574646	1.168518	1.596375	-1.731262
-0.538940	1.074524	1.735229	-1.853333
-0.478210	0.946960	1.863098	-1.965942
-0.450134	0.816650	1.914673	-2.053528
-0.428162	0.680847	1.893616	-2.077332
-0.376587	0.535889	1.854248	-2.057800
-0.333557	0.413208	1.783752	-1.991577
-0.286255	0.309753	1.618042	-1.877747
-0.201111	0.182800	1.445007	-1.745605
-0.137939	0.063477	1.286011	-1.577454
-0.088806	-0.046997	1.087036	-1.364136
-0.000610	-0.173035	0.836792	-1.166382
0.090027	-0.299988	0.609741	-0.989380
0.149841	-0.423584	0.430603	-0.790405
0.204468	-0.530396	0.238647	-0.588074
0.275574	-0.642395	0.023193	-0.391846
0.327759	-0.766907	-0.179138	-0.201721
0.366821	-0.875549	-0.344238	-0.049133
0.404358	-0.971680	-0.490417	0.067139
0.423279	-1.113892	-0.640869	0.168762
0.426941	-1.228943	-0.767822	0.251465
0.455627	-1.292725	-0.847473	0.293274
0.459900	-1.399841	-0.892029	0.274048
0.444946	-1.510010	-0.948486	0.218201
0.469360	-1.588135	-1.001282	0.155945
0.499268	-1.660767	-1.001587	0.061646
0.477295	-1.754761	-0.978394	-0.094299
0.458679	-1.854858	-0.991516	-0.245056
0.473633	-1.945496	-0.992737	-0.374756
0.466614	-1.988831	-0.944519	-0.531921
0.451050	-2.024231	-0.899353	-0.695190
0.437012	-2.092285	-0.845032	-0.857849
0.424805	-2.128601	-0.744934	-1.000977
0.440063	-2.121277	-0.640564	-1.149902
0.462952	-2.098999	-0.556641	-1.277161
0.445862	-2.068787	-0.455017	-1.365967
0.426636	-2.020264	-0.347290	-1.423645
0.426941	-1.920166	-0.265198	-1.464539
0.397339	-1.762695	-0.195313	-1.482239
0.336914	-1.586609	-0.133667	-1.484680
0.295105	-1.366882	-0.086365	-1.452637
0.258179	-1.112976	-0.046997	-1.375427
0.204773	-0.880127	-0.014648	-1.280823
0.147095	-0.602417	-0.007935	-1.185303
0.086975	-0.272217	-0.011902	-1.053162
0.028381	0.053101	-0.028687	-0.888977
-0.039368	0.362854	-0.069275	-0.753174
-0.104065	0.681152	-0.108032	-0.607300
-0.165100	1.013184	-0.130310	-0.416565
-0.235291	1.357117	-0.176086	-0.238647
-0.304565	1.691895	-0.238953	-0.091553
-0.369873	2.016907	-0.286560	0.068970
-0.440063	2.362976	-0.315857	0.243225
-0.494080	2.678223	-0.353394	0.393066
-0.545959	2.954407	-0.410767	0.538940
-0.577698	3.226929	-0.440979	0.686646
-0.599060	3.475037	-0.420532	0.812378
-0.630493	3.667603	-0.399170	0.926819
-0.658264	3.793335	-0.384521	1.028442
-0.660400	3.861084	-0.360718	1.091614
-0.643616	3.903503	-0.335999	1.120605
-0.644226	3.930969	-0.310364	1.140137
-0.642700	3.876343	-0.269775	1.134949
-0.616455	3.778992	-0.240784	1.105957
-0.578918	3.678894	-0.217590	1.056824
-0.538940	3.548584	-0.169067	1.002808
-0.496826	3.376770	-0.113525	0.938416
-0.429382	3.169861	-0.067444	0.857544
-0.353699	2.933044	-0.007324	0.787354
-0.289307	2.685852	0.068970	0.722351
-0.221558	2.431030	0.126953	0.645142
-0.158081	2.145996	0.202637	0.579834
-0.096741	1.851807	0.299377	0.550537
-0.024414	1.547546	0.379639	0.536499
0.045166	1.238708	0.454102	0.549316
0.111694	0.935364	0.537415	0.593262
0.184326	0.617676	0.613098	0.638733
0.222778	0.296021	0.672302	0.691528
0.248718	-0.031738	0.719299	0.762024
0.285339	-0.378113	0.751038	0.829163
0.309448	-0.730286	0.769653	0.905457
0.314941	-1.073914	0.770264	1.005554
0.325012	-1.403809	0.750732	1.088867
0.329895	-1.713562	0.698547	1.170654
0.318298	-2.001343	0.619202	1.288147
0.323181	-2.277832	0.523071	1.409607
0.324097	-2.521667	0.391846	1.509399
0.316162	-2.733459	0.246887	1.589966
0.304871	-2.924805	0.102234	1.651306
0.293274	-3.077087	-0.049438	1.687622
0.294800	-3.198242	-0.219727	1.693115
0.305481	-3.280029	-0.392151	1.667175
0.316162	-3.321838	-0.538025	1.598511
0.303040	-3.333435	-0.649414	1.493835
0.281067	-3.297424	-0.749512	1.369019
0.250854	-3.227539	-0.839539	1.222534
0.214844	-3.137817	-0.892639	1.043091
0.180969	-3.005066	-0.897217	0.847778
0.162659	-2.837524	-0.866699	0.629883
0.145569	-2.670898	-0.809631	0.374146
0.106812	-2.483826	-0.704346	0.104370
0.071106	-2.280579	-0.555420	-0.166321
0.030823	-2.096863	-0.390015	-0.451355
-0.002747	-1.912537	-0.222168	-0.735168
-0.020447	-1.700134	-0.034790	-1.016235
-0.043945	-1.492615	0.187988	-1.291199
-0.074158	-1.307373	0.419312	-1.542358
-0.088501	-1.116943	0.644226	-1.772766
-0.084229	-0.916748	0.872192	-1.991577
-0.086365	-0.714111	1.094971	-2.170105
-0.086365	-0.529175	1.293030	-2.303162
-0.079346	-0.359497	1.464844	-2.407227
-0.066223	-0.182800	1.609192	-2.491455
-0.054321	-0.007935	1.709900	-2.547302
-0.041504	0.156860	1.774902	-2.563782
-0.030823	0.305786	1.795654	-2.559509
-0.025024	0.452271	1.750183	-2.532349
-0.018005	0.599060	1.654968	-2.457886
-0.010376	0.725098	1.520081	-2.337036
-0.013123	0.833130	1.339417	-2.207031
-0.023804	0.954285	1.120911	-2.066345
-0.021362	1.054688	0.871582	-1.903992
-0.023193	1.119080	0.598145	-1.731567
-0.041809	1.180725	0.305481	-1.535034
-0.051880	1.237793	0.006714	-1.310425
-0.060730	1.277466	-0.296936	-1.070251
-0.071411	1.290588	-0.611877	-0.825500
-0.072632	1.289368	-0.930481	-0.578308
-0.069580	1.275330	-1.245117	-0.328979
-0.079346	1.237793	-1.533203	-0.051880
-0.084229	1.167297	-1.795349	0.238953
-0.092468	1.076660	-2.037659	0.518799
-0.102539	0.981140	-2.244263	0.796204
-0.096741	0.863342	-2.399292	1.085815
-0.092773	0.733643	-2.526550	1.365051
-0.095215	0.589905	-2.627563	1.613159
-0.087891	0.443115	-2.688293	1.830139
-0.077820	0.303650	-2.706909	2.015076
-0.074463	0.161438	-2.688904	2.159119
-0.068665	0.006714	-2.621460	2.254944
-0.049744	-0.148621	-2.498169	2.313232
-0.027161	-0.301819	-2.354126	2.341309
-0.011292	-0.457764	-2.202454	2.336121
0.012512	-0.601501	-2.024841	2.290649
0.044250	-0.725098	-1.802673	2.206421
0.069275	-0.838928	-1.559753	2.102966
0.094910	-0.957947	-1.313782	1.975403
0.118408	-1.071472	-1.053467	1.817017
0.132751	-1.148987	-0.788574	1.630859
0.153503	-1.212769	-0.529175	1.429443
0.184937	-1.287842	-0.273132	1.213379
0.189819	-1.351929	-0.015564	0.993958
0.177917	-1.378784	0.236816	0.792236
0.179749	-1.402588	0.487671	0.609436
0.170288	-1.437988	0.722046	0.439148
0.138550	-1.461182	0.941772	0.279541
0.107117	-1.471252	1.159363	0.138855
0.068970	-1.474915	1.361389	0.028076
0.023499	-1.483154	1.524353	-0.053711
-0.016785	-1.482239	1.675110	-0.117493
-0.055542	-1.470642	1.821899	-0.171814
-0.104675	-1.443787	1.929626	-0.202637
-0.161743	-1.394043	2.007141	-0.215759
-0.213013	-1.333618	2.079163	-0.216064
-0.249939	-1.266785	2.146301	-0.211487
-0.285034	-1.184387	2.181091	-0.192261
-0.315857	-1.093445	2.187195	-0.150452
-0.329285	-0.994263	2.194824	-0.102234
-0.334473	-0.878601	2.192993	-0.058594
-0.331726	-0.747681	2.169495	-0.016479
-0.317993	-0.615234	2.138367	0.021362
-0.308228	-0.471497	2.111206	0.046997
-0.291748	-0.308838	2.076111	0.055237
-0.250549	-0.144043	2.023315	0.035400
-0.204468	0.005188	1.967773	0.003052
-0.174561	0.148315	1.920776	-0.039673
-0.146484	0.288696	1.867065	-0.106506
-0.110779	0.411377	1.805115	-0.180359
-0.069275	0.509949	1.747131	-0.260010
-0.030518	0.604553	1.696167	-0.361023
-0.007019	0.683899	1.648254	-0.480652
0.002747	0.729370	1.596985	-0.591125
0.025635	0.758667	1.541748	-0.690002
0.050354	0.784302	1.471252	-0.798340
0.063782	0.779114	1.394653	-0.901794
0.084229	0.742493	1.313477	-0.975342
0.103455	0.690918	1.227722	-1.016235
0.112000	0.630493	1.137085	-1.038818
0.110779	0.564270	1.036072	-1.047974
0.119324	0.483704	0.914307	-1.038513
0.139160	0.389099	0.775452	-0.998230
0.157776	0.296936	0.617065	-0.922852
0.169373	0.209961	0.434875	-0.821228
0.172119	0.122986	0.238647	-0.689087
0.180054	0.052490	0.031128	-0.537415
0.203857	-0.000610	-0.196228	-0.392761
0.220642	-0.049744	-0.442810	-0.254822
0.214233	-0.081177	-0.692444	-0.101318
0.205383	-0.089111	-0.930481	0.056458
0.205688	-0.081787	-1.166077	0.195007
0.197449	-0.061340	-1.410217	0.319214
0.182190	-0.003052	-1.644897	0.442200
0.173950	0.086670	-1.852722	0.560608
0.158081	0.185242	-2.050171	0.667725
0.126343	0.293884	-2.228699	0.758667
0.104065	0.424805	-2.374573	0.835266
0.089417	0.574646	-2.489624	0.897827
0.054932	0.735168	-2.579956	0.935364
0.006104	0.897522	-2.639771	0.957642
-0.032654	1.054688	-2.654419	0.969543
-0.063782	1.204224	-2.636719	0.970154
-0.095215	1.352234	-2.592163	0.951538
-0.128479	1.494751	-2.511902	0.905151
-0.160522	1.621704	-2.386475	0.835571
-0.198669	1.730042	-2.226868	0.747986
-0.235596	1.818542	-2.045898	0.626831
-0.273132	1.893921	-1.849670	0.475464
-0.304260	1.970520	-1.639709	0.303345
-0.328369	2.036743	-1.421814	0.112610
-0.354614	2.074280	-1.180420	-0.104065
-0.381775	2.096863	-0.915222	-0.343323
-0.403748	2.117615	-0.653381	-0.587463
-0.417175	2.135315	-0.396423	-0.836182
-0.426636	2.145386	-0.141296	-1.084595
-0.431519	2.137756	0.129395	-1.331482
-0.429688	2.129822	0.384827	-1.550598
-0.422668	2.129211	0.627441	-1.762085
-0.407410	2.128601	0.846252	-1.952820
-0.382385	2.115784	1.046143	-2.112122
-0.352478	2.088013	1.228943	-2.236633
-0.327148	2.041321	1.391602	-2.315369
-0.301819	1.984863	1.522522	-2.356873
-0.270386	1.924744	1.620789	-2.355957
-0.235596	1.850281	1.690979	-2.309570
-0.207214	1.753235	1.734619	-2.220154
-0.175171	1.637573	1.748352	-2.089844
-0.133057	1.507263	1.736755	-1.923828
-0.090637	1.356812	1.699524	-1.726379
-0.062561	1.195374	1.632690	-1.496582
-0.047302	1.020203	1.535339	-1.232910
-0.034485	0.825500	1.423645	-0.937195
-0.010986	0.624695	1.295471	-0.617676
0.016174	0.411377	1.152039	-0.285339
0.042419	0.180054	1.000366	0.038452
0.075073	-0.046692	0.848083	0.342102
0.114136	-0.270691	0.698547	0.632935
0.151672	-0.508728	0.556641	0.899658
0.183411	-0.762634	0.421143	1.127930
0.220947	-1.011047	0.288391	1.310730
0.267639	-1.247864	0.167542	1.456909
0.307007	-1.476440	0.056152	1.568909
0.340271	-1.700439	-0.049744	1.646423
0.378418	-1.917114	-0.147095	1.685486
0.420227	-2.130737	-0.232239	1.686707
0.450745	-2.336121	-0.307007	1.660767
0.472412	-2.522888	-0.365906	1.613770
0.490417	-2.691345	-0.402832	1.535645
0.500183	-2.837524	-0.422668	1.426392
0.502625	-2.957458	-0.423279	1.299133
0.502014	-3.051758	-0.403137	1.166077
0.502625	-3.120728	-0.367432	1.019592
0.490723	-3.163452	-0.318909	0.863037
0.465393	-3.179016	-0.252991	0.716248
0.441895	-3.153381	-0.177307	0.580444
0.419312	-3.085022	-0.097961	0.446777
0.389404	-2.972717	-0.018921	0.324707
0.354309	-2.816162	0.063171	0.220642
0.317078	-2.626343	0.153809	0.129700
0.279541	-2.408752	0.247498	0.058594
0.239563	-2.164612	0.341797	0.008850
0.202637	-1.890869	0.428467	-0.031128
0.167236	-1.592712	0.493469	-0.065308
0.126343	-1.268921	0.533447	-0.085449
0.082092	-0.928955	0.561829	-0.095520
0.034485	-0.588379	0.563965	-0.099792
-0.006714	-0.226440	0.529175	-0.095215
-0.043640	0.158386	0.472412	-0.080566
-0.088196	0.542908	0.397644	-0.065308
-0.144043	0.916443	0.307007	-0.054932
-0.181885	1.281433	0.202637	-0.031128
-0.208435	1.631775	0.079346	-0.004578
-0.249634	1.971130	-0.030518	0.014954
-0.291443	2.300720	-0.130920	0.041809
-0.316772	2.597656	-0.242004	0.072327
-0.345154	2.852783	-0.349426	0.093384
-0.374451	3.083496	-0.431213	0.110474
-0.387878	3.280945	-0.507813	0.118408
-0.395203	3.419495	-0.600586	0.124817
-0.411682	3.520813	-0.685120	0.132141
-0.412598	3.577576	-0.740356	0.130310
-0.400696	3.594666	-0.800171	0.122681
-0.385132	3.568726	-0.859070	0.117798
-0.343323	3.504333	-0.902710	0.097961
-0.312195	3.414612	-0.921936	0.061951
-0.294800	3.297119	-0.935364	0.014648
-0.241089	3.150024	-0.935059	-0.037842
-0.169067	2.972107	-0.915222	-0.087280
-0.127869	2.770081	-0.897217	-0.132446
-0.086975	2.538452	-0.871887	-0.175476
-0.016174	2.294617	-0.838318	-0.209045
0.033569	2.037048	-0.792542	-0.241394
0.068054	1.770325	-0.741882	-0.269470
0.144958	1.482239	-0.686340	-0.292358
0.217896	1.178284	-0.631104	-0.308228
0.259705	0.871887	-0.582275	-0.290833
0.302429	0.568542	-0.542297	-0.265198
0.344543	0.271606	-0.493774	-0.246887
0.367432	-0.037842	-0.448608	-0.206299
0.378723	-0.333252	-0.409546	-0.137634
0.399475	-0.617065	-0.384521	-0.066528
0.397949	-0.900269	-0.377502	0.010681
0.383301	-1.166077	-0.388489	0.112000
0.385742	-1.423035	-0.416260	0.227356
0.365906	-1.669312	-0.446472	0.346680
0.331726	-1.899719	-0.502014	0.479736
0.317993	-2.122803	-0.580139	0.612488
0.304565	-2.336426	-0.657959	0.728760
0.269775	-2.528381	-0.726624	0.852966
0.245972	-2.695313	-0.810547	0.958862
0.231323	-2.828064	-0.883484	1.028748
0.202942	-2.923584	-0.941772	1.087646
0.171204	-2.980957	-0.995789	1.137085
0.164490	-3.001709	-1.029968	1.151733
0.148621	-2.991638	-1.037292	1.141357
0.132751	-2.947083	-1.037598	1.094360
0.122375	-2.854614	-1.010132	1.016235
0.096741	-2.748108	-0.933228	0.924377
0.057068	-2.634583	-0.830688	0.813293
0.033875	-2.493896	-0.696411	0.681763
0.025024	-2.348022	-0.522461	0.530396
0.004883	-2.191772	-0.341187	0.356750
-0.017700	-1.996155	-0.158386	0.172729
-0.038147	-1.806641	0.047607	0.000000
-0.060425	-1.647339	0.274048	-0.182190
-0.078430	-1.463318	0.499878	-0.372314
-0.089111	-1.267700	0.731812	-0.541077
-0.104065	-1.076660	0.988464	-0.697021
-0.125732	-0.875854	1.230469	-0.865479
-0.137634	-0.681152	1.453247	-1.017761
-0.158081	-0.503845	1.678772	-1.147766
-0.187378	-0.313721	1.891479	-1.270142
-0.207520	-0.121765	2.067261	-1.375427
-0.221863	0.055847	2.223816	-1.456909
-0.237122	0.226746	2.355347	-1.523743
-0.249634	0.396118	2.434692	-1.579590
-0.269775	0.569763	2.472534	-1.604614
-0.296936	0.733643	2.471924	-1.613464
-0.307922	0.878296	2.416382	-1.604004
-0.317993	1.027832	2.318420	-1.570740
-0.325928	1.161499	2.189026	-1.510620
-0.326843	1.278381	2.009888	-1.435547
-0.314941	1.391296	1.788635	-1.344299
-0.297546	1.493835	1.547852	-1.238403
-0.273743	1.575317	1.294556	-1.120300
-0.254517	1.636963	1.028442	-0.978394
-0.238037	1.665649	0.749512	-0.795593
-0.216064	1.688232	0.454407	-0.594482
-0.194702	1.710510	0.156250	-0.395508
-0.164795	1.703186	-0.139160	-0.171509
-0.127869	1.671448	-0.426636	0.070190
-0.090027	1.632385	-0.701904	0.317993
-0.050659	1.575317	-0.955200	0.574036
-0.007629	1.511536	-1.194763	0.825195
0.032349	1.445618	-1.399231	1.059875
0.065308	1.361084	-1.567993	1.273499
0.088806	1.272278	-1.721802	1.468201
0.112305	1.184998	-1.838379	1.632996
0.138855	1.085510	-1.914673	1.768188
0.163574	0.996094	-1.969299	1.872864
0.185547	0.914307	-1.987915	1.940002
0.206604	0.812378	-1.965942	1.964111
0.225830	0.711060	-1.927795	1.944885
0.240479	0.603333	-1.867676	1.895447
0.256653	0.474854	-1.772766	1.815491
0.272827	0.350037	-1.664734	1.692200
0.299683	0.231018	-1.540833	1.538696
0.325928	0.112915	-1.386719	1.367188
0.344849	0.008240	-1.231384	1.183472
0.355530	-0.083618	-1.079102	0.984497
0.354004	-0.170288	-0.908508	0.776672
0.343018	-0.245361	-0.733643	0.557251
0.326233	-0.308533	-0.566406	0.340271
0.295410	-0.353088	-0.383606	0.136108
0.260010	-0.379333	-0.204773	-0.069580
0.222473	-0.394287	-0.033875	-0.273743
0.173645	-0.396118	0.147705	-0.452881
0.122375	-0.386353	0.331726	-0.611572
0.068970	-0.376282	0.493469	-0.762634
-0.004883	-0.355530	0.645752	-0.887451
-0.076294	-0.317688	0.794983	-0.990295
-0.137634	-0.270996	0.918884	-1.086731
-0.206909	-0.212402	1.014099	-1.156311
-0.274048	-0.149231	1.105957	-1.195374
-0.321655	-0.080261	1.197510	-1.221008
-0.361023	0.009766	1.268311	-1.231995
-0.394287	0.108032	1.327820	-1.221008
-0.417175	0.209351	1.388245	-1.195068
-0.443420	0.315857	1.445313	-1.159973
-0.458374	0.412292	1.483459	-1.119080
-0.452881	0.495300	1.502991	-1.078491
-0.444641	0.566711	1.529846	-1.040039
-0.442505	0.628967	1.560669	-1.001282
-0.431519	0.682678	1.582336	-0.956116
-0.406494	0.708313	1.581421	-0.910950
-0.379639	0.717468	1.564636	-0.867615
-0.354309	0.735168	1.535645	-0.831909
-0.330505	0.737000	1.503906	-0.819702
-0.306396	0.703735	1.469727	-0.818176
-0.278931	0.654907	1.421814	-0.810547
-0.247498	0.593872	1.370544	-0.810242
-0.213318	0.520325	1.322632	-0.820007
-0.180054	0.446167	1.260376	-0.819092
-0.151672	0.350647	1.188049	-0.814514
-0.131531	0.219727	1.117554	-0.810547
-0.122986	0.083008	1.031799	-0.795898
-0.117493	-0.053406	0.934143	-0.764771
-0.104370	-0.207825	0.830383	-0.715332
-0.080566	-0.370483	0.720520	-0.653381
-0.055542	-0.526123	0.601501	-0.588074
-0.028076	-0.672302	0.477600	-0.505371
0.001221	-0.819397	0.343933	-0.408020
0.027771	-0.966187	0.199585	-0.301819
0.051575	-1.104126	0.056152	-0.187378
0.072937	-1.224365	-0.091553	-0.065613
0.086975	-1.322632	-0.254211	0.060120
0.091858	-1.395569	-0.419922	0.205688
0.102234	-1.461182	-0.588989	0.358276
0.110779	-1.510315	-0.759277	0.497131
0.112610	-1.522217	-0.927734	0.635376
0.112610	-1.508484	-1.095886	0.775452
0.105286	-1.473694	-1.264648	0.900574
0.096741	-1.417847	-1.427002	1.008301
0.091553	-1.351013	-1.579590	1.103516
0.076294	-1.260986	-1.716309	1.183167
0.054932	-1.152039	-1.839905	1.263733
0.048523	-1.025696	-1.958008	1.333618
0.048218	-0.867920	-2.065430	1.385193
0.039673	-0.690308	-2.146912	1.426697
0.027771	-0.515442	-2.206421	1.454163
0.011902	-0.338440	-2.247925	1.457825
-0.005188	-0.161133	-2.253418	1.435242
-0.020752	0.001526	-2.216187	1.376648
-0.041199	0.151367	-2.140503	1.288757
-0.059814	0.292053	-2.036133	1.188660
-0.075073	0.418396	-1.907654	1.066895
-0.088806	0.531921	-1.747742	0.919495
-0.107117	0.624084	-1.550903	0.747681
-0.126648	0.693970	-1.331482	0.549316
-0.141907	0.761719	-1.099548	0.336304
-0.149536	0.818481	-0.848694	0.116577
-0.161438	0.856018	-0.583801	-0.114746
-0.164490	0.887756	-0.313721	-0.354004
-0.149536	0.911255	-0.031738	-0.589600
-0.130310	0.929260	0.261841	-0.811157
-0.114746	0.939636	0.550842	-1.019592
-0.105896	0.928650	0.825195	-1.213379
-0.100098	0.913086	1.083984	-1.386414
-0.087891	0.907288	1.321106	-1.534119
-0.069275	0.893860	1.532898	-1.657715
-0.057068	0.874939	1.724243	-1.748657
-0.040894	0.846252	1.890869	-1.803589
-0.012207	0.816650	2.015991	-1.825562
0.017700	0.788879	2.099304	-1.815491
0.042114	0.746155	2.148743	-1.779480
0.061340	0.690613	2.169189	-1.714783
0.081482	0.626221	2.154846	-1.620483
0.104370	0.541687	2.108459	-1.500549
0.120239	0.439758	2.030029	-1.352539
0.126953	0.331421	1.922913	-1.173401
0.140076	0.219727	1.802368	-0.980225
0.148315	0.093689	1.659546	-0.769653
0.147095	-0.040283	1.498413	-0.541992
0.150146	-0.187073	1.332703	-0.303650
0.155334	-0.335388	1.159058	-0.067444
0.158691	-0.485535	0.972290	0.166626
0.165710	-0.642090	0.778503	0.391235
0.172729	-0.798950	0.584412	0.610962
0.183105	-0.951233	0.393372	0.824890
0.202026	-1.110535	0.197754	1.022644
0.219727	-1.264038	-0.001221	1.204224
0.238647	-1.403809	-0.192261	1.376343
0.255737	-1.542053	-0.368347	1.523743
0.258179	-1.678772	-0.534363	1.643677
0.261536	-1.817322	-0.689087	1.738586
0.268250	-1.944885	-0.820007	1.812134
0.268250	-2.053223	-0.921631	1.865234
0.270081	-2.149658	-1.001892	1.890869
0.280151	-2.236938	-1.061096	1.887817
0.282593	-2.300720	-1.101074	1.862488
0.273743	-2.336731	-1.121521	1.819153
0.260620	-2.354126	-1.117249	1.754761
0.245361	-2.350159	-1.091003	1.668701
0.230103	-2.314148	-1.043396	1.571350
0.213013	-2.236633	-0.974426	1.473083
0.195007	-2.125244	-0.888672	1.363220
0.179749	-1.993408	-0.794067	1.250305
0.161133	-1.838989	-0.697632	1.135864
0.139160	-1.665649	-0.599365	1.019287
0.118713	-1.477051	-0.495911	0.907898
0.083618	-1.275940	-0.393066	0.793152
0.036621	-1.065674	-0.298462	0.671692
-0.018616	-0.847473	-0.214844	0.553894
-0.081177	-0.612793	-0.149231	0.450134
-0.141296	-0.372009	-0.097961	0.350037
-0.198669	-0.132141	-0.057983	0.253296
-0.255127	0.115356	-0.031128	0.169067
-0.310974	0.356445	-0.014648	0.093689
-0.367737	0.578613	-0.015259	0.017395
-0.422363	0.797424	-0.024719	-0.052185
-0.468140	1.008301	-0.033264	-0.115967
-0.502625	1.204224	-0.046082	-0.172119
-0.529175	1.389160	-0.064392	-0.218201
-0.547180	1.559753	-0.076904	-0.257874
-0.559692	1.708374	-0.094910	-0.290527
-0.571289	1.838989	-0.133057	-0.312805
-0.570984	1.948242	-0.175476	-0.331726
-0.563049	2.035217	-0.213318	-0.360718
-0.550842	2.100830	-0.248718	-0.401001
-0.522461	2.143250	-0.281677	-0.439758
-0.474548	2.157288	-0.310669	-0.475159
-0.423279	2.138977	-0.337219	-0.519409
-0.372314	2.095642	-0.354614	-0.570984
-0.313110	2.031250	-0.364990	-0.627136
-0.251465	1.939392	-0.382080	-0.688782
-0.197144	1.828003	-0.397644	-0.751953
-0.141296	1.706543	-0.401917	-0.802612
-0.075989	1.571655	-0.395813	-0.836487
0.000000	1.422729	-0.379028	-0.851440
