2020/1/9 9:25:26 40us
CH1			CH2			CH3			CH4
-0.012207	-0.019531	-0.001831	-0.007629
-0.012207	-0.019226	-0.002136	-0.007324
-0.012207	-0.019226	-0.002136	-0.007324
-0.011902	-0.019531	-0.001831	-0.007019
-0.012512	-0.018921	-0.001526	-0.007629
-0.012512	-0.019226	-0.001831	-0.007019
-0.012512	-0.018921	-0.002136	-0.007019
-0.012207	-0.018921	-0.001831	-0.007324
-0.012512	-0.018921	-0.001831	-0.007019
-0.012512	-0.018616	-0.001831	-0.007019
-0.012512	-0.019226	-0.001831	-0.007324
-0.012512	-0.019226	-0.002441	-0.006714
-0.012512	-0.018921	-0.002136	-0.007324
-0.012207	-0.018311	-0.002441	-0.007019
-0.012817	-0.018005	-0.002136	-0.007019
-0.012512	-0.018005	-0.002747	-0.007324
-0.012512	-0.017700	-0.003052	-0.007324
-0.012512	-0.017700	-0.003052	-0.006714
-0.012817	-0.018005	-0.003052	-0.006714
-0.012512	-0.018005	-0.003052	-0.006409
-0.012817	-0.017700	-0.003052	-0.006714
-0.012512	-0.017700	-0.003052	-0.006714
-0.011902	-0.018005	-0.003662	-0.007324
-0.012207	-0.018005	-0.003052	-0.007324
-0.012512	-0.017700	-0.003357	-0.007324
-0.012817	-0.017700	-0.003357	-0.007019
-0.012512	-0.017700	-0.003357	-0.007629
-0.012207	-0.017700	-0.003967	-0.007324
-0.012512	-0.017700	-0.003967	-0.007324
-0.012512	-0.017395	-0.003967	-0.007629
-0.012512	-0.017700	-0.003967	-0.007935
-0.012512	-0.017395	-0.003662	-0.007935
-0.012207	-0.018005	-0.003357	-0.007935
-0.012817	-0.018311	-0.003357	-0.007629
-0.012207	-0.018311	-0.003357	-0.007935
-0.012512	-0.018005	-0.003357	-0.007935
-0.012817	-0.018005	-0.003357	-0.007935
-0.012512	-0.018005	-0.003052	-0.008240
-0.012512	-0.018005	-0.003357	-0.007935
-0.012512	-0.017395	-0.003052	-0.008240
-0.012207	-0.017395	-0.003357	-0.007935
-0.012512	-0.017090	-0.003052	-0.007629
-0.012512	-0.017395	-0.002747	-0.007935
-0.012512	-0.017395	-0.003052	-0.007629
-0.012207	-0.016785	-0.003357	-0.007629
-0.012512	-0.053101	-0.003052	-0.007324
-0.013123	0.197144	-0.003052	-0.008240
-0.011902	0.512695	0.000000	-0.006714
-0.012512	0.755005	-0.018311	-0.006104
-0.017700	0.996399	0.065613	-0.006409
-0.000305	1.030884	0.016479	-0.003662
-0.050964	0.827332	-0.129395	-0.021057
-0.021667	0.520630	-0.172729	0.022888
0.030212	0.153503	-0.190735	0.001831
0.086060	-0.285034	-0.164795	-0.070801
0.077820	-0.759277	-0.093079	-0.061951
0.004883	-1.226196	-0.062866	0.026550
-0.081787	-1.656799	0.018005	0.067139
-0.156250	-2.024536	0.086975	0.093384
-0.160217	-2.457581	0.073242	0.092163
-0.225525	-2.823181	0.096741	0.165710
-0.361938	-3.144836	0.150757	0.209961
-0.458984	-3.493958	0.182800	0.171814
-0.407104	-3.803406	0.311279	0.034485
-0.318909	-4.044800	0.528870	-0.147705
-0.195618	-4.321594	0.879211	-0.358887
-0.060425	-4.571228	1.251526	-0.574341
0.074158	-4.736328	1.463318	-0.779724
0.306396	-4.980774	1.665039	-0.966187
0.539246	-5.202332	1.945496	-1.126099
0.733337	-5.510864	2.285156	-1.224365
0.888062	-5.853577	2.606201	-1.139526
0.943298	-6.044617	2.864990	-0.987854
0.984497	-6.148071	3.054810	-0.709534
1.044922	-6.178894	3.237000	-0.352478
1.026917	-6.188965	3.427429	0.101318
1.005859	-6.223145	3.539429	0.587463
0.921631	-6.216125	3.527832	1.017761
0.769653	-6.072388	3.435364	1.454773
0.591431	-5.758057	3.306274	1.836243
0.386353	-5.323792	3.152161	2.140198
0.182800	-4.751587	2.991638	2.380371
-0.012207	-4.160767	2.807617	2.498474
-0.163879	-3.612061	2.532959	2.504272
-0.292969	-3.036499	2.287598	2.435913
-0.405884	-2.476196	2.034912	2.369385
-0.515442	-1.976318	1.712341	2.160339
-0.602722	-1.533508	1.351318	1.741638
-0.610046	-1.112671	0.889282	1.294250
-0.558777	-0.709534	0.490417	0.856934
-0.480957	-0.316772	0.106506	0.418701
-0.465088	0.098267	-0.357971	-0.045471
-0.448608	0.624390	-0.917969	-0.460815
-0.433960	1.265869	-1.567383	-0.848694
-0.399475	1.845093	-2.280884	-1.199036
-0.353699	2.406006	-2.966309	-1.434326
-0.342102	2.897644	-3.618469	-1.536865
-0.437012	3.316956	-4.287415	-1.533813
-0.533142	3.812256	-4.750366	-1.459351
-0.558167	4.293518	-4.945374	-1.311340
-0.588989	4.690552	-5.011902	-1.114502
-0.605164	4.950867	-4.985657	-0.898132
-0.665283	5.162354	-4.947815	-0.621338
-0.728149	5.387268	-4.870911	-0.315247
-0.714722	5.621643	-4.727173	-0.050354
-0.681763	5.904541	-4.543457	0.139160
-0.615540	6.186218	-4.323730	0.291138
-0.567932	6.456909	-4.101563	0.429993
-0.452881	6.626587	-3.935242	0.518494
-0.334167	6.786499	-3.811035	0.654297
-0.225525	6.910706	-3.688965	0.764465
-0.146179	6.929626	-3.615723	0.832520
-0.058289	6.890259	-3.638916	0.867310
0.047607	6.802063	-3.793335	0.921936
0.190125	6.661682	-3.963013	1.017456
0.358276	6.380005	-4.078674	1.086426
0.491943	6.050720	-4.231567	1.104126
0.617065	5.656128	-4.414978	1.019592
0.679626	5.228271	-4.633484	0.874634
0.729980	4.767151	-4.813538	0.621948
0.802917	4.251709	-4.904480	0.330811
0.882263	3.701782	-4.885559	0.011902
0.908508	3.127747	-4.775696	-0.354309
0.866699	2.547302	-4.602661	-0.734558
0.752869	1.916504	-4.270630	-1.098022
0.615540	1.290283	-3.786621	-1.401978
0.478516	0.649109	-3.268738	-1.620178
0.308228	-0.043640	-2.736511	-1.724854
0.141296	-0.770874	-2.156372	-1.718140
-0.028076	-1.481934	-1.557007	-1.648865
-0.170593	-2.131653	-0.946045	-1.511841
-0.263977	-2.708740	-0.308533	-1.364136
-0.325623	-3.251038	0.261230	-1.228333
-0.362854	-3.692627	0.735779	-1.080933
-0.340881	-4.077454	1.156311	-0.910645
-0.238647	-4.436646	1.572266	-0.696716
-0.104065	-4.781799	2.027283	-0.552673
0.015869	-5.053101	2.484741	-0.510864
0.158386	-5.211182	2.917175	-0.548401
0.323792	-5.291138	3.330688	-0.598755
0.484314	-5.339661	3.788452	-0.661926
0.638123	-5.294495	4.305725	-0.792847
0.710144	-5.156860	4.802246	-0.983582
0.690918	-4.923096	5.233459	-1.212769
0.614319	-4.564819	5.557556	-1.442566
0.532227	-4.171753	5.804443	-1.634827
0.444031	-3.753357	5.994263	-1.782532
0.354614	-3.390808	6.070862	-1.926575
0.211792	-3.109131	6.021118	-2.083130
-0.024719	-2.821350	5.902405	-2.165222
-0.256653	-2.551575	5.746155	-2.167664
-0.456238	-2.345886	5.501404	-2.071228
-0.653992	-2.240295	5.183105	-1.870728
-0.817261	-2.268982	4.870605	-1.610413
-0.948181	-2.355957	4.587708	-1.300354
-1.063232	-2.445374	4.313049	-0.928650
-1.141052	-2.533264	4.051819	-0.549316
-1.134033	-2.637634	3.827209	-0.206909
-1.125793	-2.725220	3.576050	0.140076
-1.116943	-2.767029	3.304138	0.500183
-1.046753	-2.722778	3.070068	0.860596
-0.972290	-2.604980	2.847290	1.133118
-0.950012	-2.411804	2.607117	1.309814
-0.898743	-2.107239	2.322083	1.463623
-0.833130	-1.719360	1.999817	1.580811
-0.821838	-1.224060	1.649475	1.670532
-0.779114	-0.633545	1.315918	1.742859
-0.690308	0.014038	0.947266	1.756897
-0.610962	0.714111	0.563660	1.718140
-0.574646	1.463928	0.185852	1.662598
-0.468445	2.171326	-0.184937	1.600952
-0.288391	2.804260	-0.545349	1.528015
-0.144958	3.395081	-0.916748	1.471252
0.000305	3.865356	-1.235657	1.419678
0.129089	4.262390	-1.505432	1.420288
0.212097	4.611206	-1.785889	1.513672
0.319214	4.890442	-2.047729	1.652832
0.426331	5.067749	-2.265930	1.774597
0.431213	5.177917	-2.489319	1.911316
0.419312	5.236816	-2.692566	2.101440
0.409241	5.256042	-2.858582	2.272949
0.319824	5.262451	-2.969360	2.375183
0.206299	5.245667	-3.061218	2.420959
0.111389	5.182495	-3.166809	2.364502
-0.020142	5.093689	-3.273926	2.229919
-0.166626	4.989319	-3.374329	2.062073
-0.259705	4.887390	-3.449402	1.781006
-0.348511	4.761353	-3.470459	1.416626
-0.490417	4.594727	-3.467407	1.043091
-0.584106	4.462585	-3.486633	0.649109
-0.578918	4.321899	-3.501282	0.208740
-0.546875	4.163513	-3.529968	-0.244446
-0.451660	4.046021	-3.534546	-0.672302
-0.281677	3.941040	-3.492126	-1.098022
-0.100403	3.807678	-3.399658	-1.516418
0.084839	3.687439	-3.273315	-1.874084
0.344543	3.583984	-3.124695	-2.143250
0.607300	3.450317	-2.930603	-2.321472
0.787964	3.327637	-2.714844	-2.420959
0.948181	3.224792	-2.470398	-2.464294
1.029053	3.139954	-2.130737	-2.431335
1.039124	3.077087	-1.715088	-2.317200
1.064453	2.984314	-1.287842	-2.157898
1.062012	2.839050	-0.814514	-1.986389
0.946655	2.640076	-0.291138	-1.825256
0.796814	2.432556	0.230713	-1.697083
0.706177	2.241821	0.768738	-1.641541
0.610657	2.013245	1.323853	-1.626892
0.499573	1.710815	1.879883	-1.654663
0.432434	1.402893	2.399292	-1.688843
0.380249	1.047974	2.891846	-1.732178
0.318604	0.683594	3.315430	-1.802979
0.266113	0.361938	3.688049	-1.874695
0.250854	-0.011292	4.035339	-1.952515
0.223999	-0.429993	4.297180	-2.051392
0.205994	-0.833130	4.466553	-2.140503
0.211792	-1.249084	4.584351	-2.187805
0.189514	-1.684265	4.628601	-2.214661
0.141296	-2.098389	4.562683	-2.252502
0.098572	-2.538147	4.423218	-2.265625
0.048218	-2.988892	4.216614	-2.242737
-0.010681	-3.371887	3.902588	-2.209473
-0.058899	-3.726807	3.519592	-2.153320
-0.144958	-4.035950	3.121033	-2.033081
-0.259399	-4.297485	2.732849	-1.896973
-0.349426	-4.556580	2.373962	-1.745605
-0.429688	-4.809570	2.066650	-1.532593
-0.517273	-5.057373	1.824341	-1.259766
-0.563965	-5.278931	1.625061	-0.941162
-0.589294	-5.458679	1.480103	-0.575867
-0.614929	-5.568237	1.373291	-0.163574
-0.602722	-5.592957	1.292419	0.257874
-0.579834	-5.506897	1.229553	0.713806
-0.556030	-5.326233	1.178284	1.203308
-0.532837	-5.091553	1.091614	1.689148
-0.477295	-4.780273	0.935059	2.184143
-0.385437	-4.393921	0.730896	2.671204
-0.299072	-3.953247	0.521851	3.122559
-0.217590	-3.481445	0.309753	3.542786
-0.137329	-3.069153	0.075073	3.906860
-0.081177	-2.674561	-0.171814	4.211731
-0.024719	-2.277222	-0.416565	4.451599
0.036621	-1.917419	-0.665588	4.635010
0.059204	-1.573792	-0.873718	4.718323
0.045776	-1.268311	-1.045227	4.655762
0.020752	-0.993652	-1.202087	4.456787
-0.036621	-0.701294	-1.343689	4.184265
-0.120239	-0.414124	-1.464539	3.880005
-0.202637	-0.146484	-1.574402	3.549194
-0.313110	0.139465	-1.686707	3.182068
-0.422363	0.424500	-1.787109	2.764282
-0.498657	0.713501	-1.880798	2.331543
-0.551758	1.029358	-1.990662	1.944275
-0.583496	1.311035	-2.099304	1.621399
-0.610962	1.508179	-2.200623	1.341248
-0.633545	1.689453	-2.306824	1.097107
-0.630493	1.878967	-2.394714	0.920105
-0.592651	2.069702	-2.478943	0.792236
-0.522461	2.274475	-2.585754	0.658569
-0.422058	2.454224	-2.693481	0.515747
-0.314331	2.611694	-2.789001	0.365601
-0.207214	2.779236	-2.879028	0.181885
-0.108948	2.952881	-2.909546	-0.025635
-0.030212	3.136902	-2.868958	-0.236816
0.043030	3.302002	-2.775879	-0.477905
0.130005	3.430481	-2.648926	-0.730591
0.220032	3.559875	-2.466736	-0.950623
0.318909	3.687134	-2.208862	-1.163635
0.415344	3.791504	-1.906433	-1.385803
0.502014	3.884583	-1.553040	-1.552124
0.592041	3.947144	-1.180115	-1.676331
0.678406	3.970947	-0.814209	-1.777039
0.741272	3.984985	-0.453796	-1.817627
0.813904	3.974609	-0.108337	-1.846619
0.888977	3.901672	0.195618	-1.890259
0.938416	3.752441	0.433350	-1.907349
0.979309	3.547974	0.623779	-1.885986
1.018982	3.293152	0.752258	-1.822815
1.039124	2.955933	0.805664	-1.748657
1.054382	2.526550	0.796509	-1.685486
1.075134	2.020569	0.749512	-1.638489
1.068726	1.452332	0.668335	-1.596680
1.039734	0.844421	0.559998	-1.550903
1.014099	0.221252	0.445557	-1.520691
0.989990	-0.397949	0.339661	-1.521301
0.944824	-1.001892	0.250549	-1.547852
0.880737	-1.569519	0.173645	-1.592712
0.823364	-2.078552	0.117188	-1.664429
0.762024	-2.517395	0.097961	-1.746826
0.693970	-2.855530	0.117493	-1.830139
0.622559	-3.137512	0.190735	-1.931458
0.559387	-3.379822	0.325012	-2.010498
0.516968	-3.577271	0.514832	-2.030334
0.492249	-3.745117	0.758362	-1.994934
0.458679	-3.890991	1.019592	-1.908569
0.437927	-3.998718	1.259155	-1.761780
0.439148	-4.080811	1.465149	-1.540222
0.445862	-4.144287	1.653748	-1.248779
0.455017	-4.161072	1.813965	-0.889282
0.478821	-4.152832	1.936646	-0.496521
0.483093	-4.136658	2.019958	-0.091248
0.458374	-4.099121	2.048340	0.324707
0.414124	-4.023743	2.033386	0.733032
0.349731	-3.910828	1.983032	1.134644
0.275574	-3.773804	1.888123	1.507874
0.173340	-3.592834	1.768799	1.814880
0.036621	-3.368225	1.653442	2.058411
-0.140381	-3.095703	1.547852	2.249756
-0.325317	-2.775574	1.445923	2.385254
-0.501404	-2.427368	1.333618	2.457886
-0.658264	-2.060242	1.195984	2.478638
-0.794067	-1.672363	1.039124	2.449341
-0.899658	-1.274109	0.889587	2.375183
-0.984192	-0.899048	0.762024	2.252197
-1.056519	-0.563354	0.641479	2.086792
-1.102600	-0.276794	0.516663	1.899414
-1.142578	-0.041199	0.385437	1.689453
-1.195068	0.166016	0.243225	1.483154
-1.232300	0.341797	0.089111	1.310730
-1.260071	0.484009	-0.073853	1.165466
-1.293640	0.593567	-0.244446	1.044922
-1.316833	0.671692	-0.418396	0.949707
-1.314697	0.727234	-0.586243	0.886841
-1.289063	0.802917	-0.740356	0.856934
-1.252441	0.911865	-0.863953	0.844727
-1.206360	1.051331	-0.952454	0.839539
-1.150208	1.219177	-1.015320	0.860901
-1.072083	1.413879	-1.060486	0.907593
-0.979919	1.658630	-1.067200	0.957947
-0.889893	1.932678	-1.031189	1.008606
-0.797424	2.201538	-0.957642	1.065674
-0.709229	2.488098	-0.857239	1.117554
-0.622559	2.811890	-0.736389	1.173096
-0.531311	3.152771	-0.610962	1.200562
-0.418701	3.486633	-0.494385	1.181641
-0.292969	3.775940	-0.397034	1.125793
-0.166321	4.024963	-0.325012	1.040344
-0.046692	4.203491	-0.291748	0.925293
0.084839	4.301758	-0.305481	0.788879
0.216675	4.315186	-0.355530	0.632324
0.336304	4.251099	-0.435486	0.457153
0.437012	4.116516	-0.551453	0.277405
0.518494	3.925781	-0.703125	0.115662
0.584412	3.699341	-0.881042	-0.017700
0.630493	3.446960	-1.059265	-0.151062
0.649719	3.148499	-1.228943	-0.296631
0.645447	2.803650	-1.382141	-0.453491
0.620117	2.422485	-1.509705	-0.634460
0.578918	2.031860	-1.600037	-0.840759
0.527344	1.661072	-1.653748	-1.055603
0.481567	1.306458	-1.671753	-1.269226
0.444031	0.967407	-1.647034	-1.480103
0.398560	0.643005	-1.592407	-1.675110
0.373535	0.324097	-1.524048	-1.840820
0.372009	0.033875	-1.445007	-1.967163
0.386047	-0.241699	-1.355591	-2.064209
0.420532	-0.504456	-1.244812	-2.124939
0.474243	-0.734863	-1.101074	-2.142944
0.555725	-0.947266	-0.946045	-2.124023
0.662537	-1.127319	-0.778503	-2.076416
0.780029	-1.278687	-0.588989	-2.014465
0.892029	-1.413269	-0.395813	-1.951599
0.989075	-1.501770	-0.206604	-1.883545
1.069946	-1.526794	-0.022583	-1.824036
1.134949	-1.485596	0.177612	-1.781311
1.174622	-1.396790	0.402222	-1.747131
1.178589	-1.272278	0.659180	-1.714783
1.147156	-1.108704	0.959778	-1.674805
1.090393	-0.915527	1.281738	-1.634827
1.004028	-0.691833	1.619568	-1.605225
0.908508	-0.453186	1.969299	-1.578064
0.805969	-0.239258	2.301025	-1.565247
0.660706	-0.050964	2.602539	-1.555176
0.480347	0.121155	2.865601	-1.524963
0.274658	0.276489	3.075867	-1.486206
0.056763	0.415649	3.214722	-1.445313
-0.153809	0.518799	3.280640	-1.392212
-0.350952	0.590210	3.274841	-1.308899
-0.538635	0.651550	3.197021	-1.186829
-0.698853	0.694580	3.062744	-1.019592
-0.814209	0.703430	2.876892	-0.830688
-0.892029	0.665588	2.631226	-0.645752
-0.949402	0.584106	2.352905	-0.438538
-0.986633	0.476685	2.062378	-0.200500
-1.005249	0.359497	1.756897	0.054932
-1.001587	0.258179	1.448059	0.319519
-0.980225	0.207520	1.151428	0.570679
-0.956726	0.210266	0.863647	0.798645
-0.940857	0.244141	0.572205	1.011963
-0.935059	0.322266	0.298767	1.231995
-0.925903	0.437317	0.072632	1.436462
-0.925598	0.582581	-0.105896	1.605530
-0.940247	0.758972	-0.238953	1.745300
-0.936584	0.955200	-0.324402	1.862488
-0.923767	1.152649	-0.368347	1.967468
-0.919495	1.348572	-0.374451	2.081604
-0.896606	1.541138	-0.346680	2.224121
-0.845947	1.705933	-0.296936	2.395020
-0.783997	1.816711	-0.238647	2.596741
-0.710144	1.882324	-0.180054	2.822266
-0.612488	1.896362	-0.133057	3.056335
-0.504456	1.856995	-0.128479	3.272705
-0.381470	1.774292	-0.164490	3.479004
-0.249939	1.669312	-0.221558	3.679199
-0.135498	1.551514	-0.281982	3.852844
-0.042114	1.406250	-0.361023	3.977356
0.033264	1.230469	-0.467834	4.041443
0.076294	1.026001	-0.594177	4.032593
0.087585	0.809631	-0.752563	3.941956
0.073853	0.608215	-0.927429	3.765564
0.046997	0.422668	-1.087341	3.520203
0.010681	0.248718	-1.218262	3.219910
-0.040894	0.094299	-1.331482	2.864380
-0.097351	-0.036926	-1.424255	2.463684
-0.132446	-0.149841	-1.504517	2.019958
-0.145569	-0.245056	-1.583252	1.535339
-0.139771	-0.344238	-1.638794	1.032104
-0.127258	-0.452881	-1.654663	0.536499
-0.107422	-0.570984	-1.637268	0.054626
-0.075073	-0.703735	-1.582947	-0.393066
-0.022888	-0.840149	-1.492004	-0.783081
0.037842	-0.966187	-1.382751	-1.109314
0.095520	-1.091614	-1.260986	-1.370850
0.166321	-1.204224	-1.118164	-1.553345
0.255737	-1.276855	-0.949707	-1.652832
0.347900	-1.307373	-0.754395	-1.695251
0.437012	-1.302185	-0.552673	-1.700439
0.525818	-1.276550	-0.346680	-1.676941
0.607910	-1.238708	-0.140381	-1.636353
0.674133	-1.172180	0.054932	-1.612244
0.720825	-1.071167	0.246277	-1.628418
0.748901	-0.942383	0.442810	-1.676331
0.763550	-0.797424	0.640869	-1.746521
0.762634	-0.656128	0.816650	-1.845703
0.756836	-0.527649	0.968018	-1.976318
0.750732	-0.413818	1.100464	-2.135010
0.741272	-0.328674	1.221924	-2.319336
0.726013	-0.275574	1.348877	-2.526245
0.702820	-0.242004	1.470032	-2.742004
0.687256	-0.234680	1.563416	-2.959595
0.686646	-0.244751	1.611938	-3.161926
0.690613	-0.271912	1.621094	-3.334351
0.679626	-0.317078	1.598511	-3.455811
0.653076	-0.396729	1.546326	-3.521118
0.622864	-0.521240	1.464539	-3.531494
0.585327	-0.679016	1.360779	-3.483887
0.534058	-0.858765	1.230469	-3.383484
0.474548	-1.054993	1.075439	-3.241882
0.402527	-1.255798	0.910339	-3.075256
0.321350	-1.444092	0.748596	-2.888489
0.237732	-1.609497	0.594788	-2.674255
0.152588	-1.740417	0.447998	-2.431946
0.063171	-1.829529	0.301819	-2.175293
-0.023193	-1.882935	0.148621	-1.924744
-0.098572	-1.887817	0.000305	-1.679688
-0.164185	-1.845398	-0.130310	-1.428833
-0.215759	-1.758728	-0.249634	-1.141357
-0.242920	-1.627502	-0.346375	-0.811157
-0.236511	-1.450195	-0.429688	-0.438232
-0.205688	-1.251221	-0.518799	-0.037842
-0.159607	-1.032715	-0.613403	0.386658
-0.102539	-0.796814	-0.709229	0.827026
-0.044861	-0.564270	-0.810852	1.255798
0.006104	-0.342102	-0.925903	1.663513
0.045471	-0.131531	-1.043701	2.052917
0.073242	0.046082	-1.147461	2.410278
0.097351	0.189514	-1.235962	2.738037
0.110474	0.301514	-1.306763	3.028870
0.106812	0.388794	-1.366577	3.257751
0.080872	0.455017	-1.410828	3.426208
0.034180	0.486450	-1.430359	3.540649
-0.036926	0.473938	-1.427917	3.599243
-0.140381	0.411377	-1.431885	3.598022
-0.266418	0.324402	-1.411743	3.536987
-0.407410	0.221558	-1.373596	3.427429
-0.559387	0.103149	-1.345825	3.266907
-0.701599	-0.030212	-1.302795	3.072815
-0.819397	-0.155334	-1.261292	2.866516
-0.919495	-0.260925	-1.214905	2.648621
-0.993042	-0.365295	-1.165771	2.431946
-1.024780	-0.445862	-1.130981	2.215576
-1.020813	-0.509644	-1.095886	2.001648
-0.999756	-0.541992	-1.048889	1.800232
-0.944214	-0.554810	-0.966187	1.619873
-0.833740	-0.593872	-0.901794	1.444092
-0.718689	-0.621948	-0.848999	1.284485
-0.612488	-0.627441	-0.746460	1.149902
-0.497437	-0.606384	-0.596619	1.010742
-0.395203	-0.588379	-0.442810	0.858154
-0.285645	-0.576477	-0.302124	0.716858
-0.172119	-0.572510	-0.136108	0.567322
-0.094604	-0.520935	0.050964	0.402527
-0.037537	-0.420532	0.262451	0.237122
0.040588	-0.310364	0.498047	0.061340
0.097046	-0.188599	0.740662	-0.130005
0.097351	-0.026550	0.999756	-0.323486
0.101624	0.187988	1.290283	-0.491028
0.128479	0.375061	1.579285	-0.643311
0.119324	0.527954	1.840515	-0.776367
0.109558	0.640259	2.065430	-0.879517
0.122070	0.758057	2.271423	-0.968628
0.140381	0.863953	2.427979	-1.023865
0.169678	0.901489	2.505188	-1.040344
0.225220	0.881042	2.541809	-1.068420
0.282593	0.812073	2.521057	-1.124878
0.314026	0.713806	2.430115	-1.166687
0.371704	0.556335	2.268677	-1.210327
0.427856	0.321045	2.054443	-1.293030
0.460205	0.056763	1.788635	-1.421204
0.499573	-0.217896	1.484680	-1.560059
0.544434	-0.524292	1.156616	-1.701660
0.551758	-0.842285	0.842590	-1.837158
0.548706	-1.151123	0.534668	-1.989136
0.559082	-1.420898	0.264282	-2.171021
0.550842	-1.660767	0.036621	-2.334595
0.518799	-1.867371	-0.172729	-2.451172
0.511475	-2.028809	-0.355530	-2.572937
0.518799	-2.129211	-0.520935	-2.709351
0.505676	-2.183838	-0.643005	-2.788086
0.483398	-2.229004	-0.726624	-2.828369
0.464172	-2.214966	-0.764465	-2.831421
0.462036	-2.158508	-0.793457	-2.784119
0.491943	-2.063293	-0.805359	-2.695007
0.509949	-1.945496	-0.771179	-2.557983
0.498047	-1.845703	-0.713196	-2.346802
0.503235	-1.751709	-0.665894	-2.074890
0.533752	-1.611328	-0.635681	-1.755676
0.553284	-1.467285	-0.606689	-1.430054
0.548401	-1.301880	-0.574951	-1.105957
0.539856	-1.100769	-0.599670	-0.779724
0.516968	-0.870361	-0.664368	-0.455322
0.454102	-0.594177	-0.737305	-0.180054
0.352783	-0.307312	-0.832520	0.041199
0.237732	-0.043945	-0.948486	0.248108
0.110168	0.215759	-1.086121	0.420227
-0.013733	0.502014	-1.215820	0.553589
-0.157776	0.778503	-1.328735	0.625610
-0.318604	1.032104	-1.433105	0.661316
-0.436096	1.282043	-1.524048	0.639954
-0.515137	1.527710	-1.577759	0.587463
-0.625916	1.747742	-1.582336	0.505371
-0.732422	1.909485	-1.593933	0.387878
-0.799561	2.030334	-1.621399	0.271606
-0.844116	2.125549	-1.632385	0.181885
-0.887146	2.179565	-1.628113	0.085754
-0.925293	2.189636	-1.631470	-0.010071
-0.956726	2.182922	-1.641235	-0.039978
-0.978394	2.156372	-1.647949	-0.005493
-0.984802	2.129517	-1.633911	0.054321
-1.003723	2.083740	-1.594238	0.129089
-1.031189	2.015381	-1.548462	0.252380
-1.025696	1.955566	-1.511536	0.389099
-0.994873	1.898804	-1.450500	0.520630
-0.983582	1.852722	-1.337891	0.648499
-0.955505	1.849060	-1.203613	0.753174
-0.905762	1.889038	-1.034241	0.832520
-0.834961	1.928406	-0.818787	0.892639
-0.776978	1.982727	-0.572205	0.944519
-0.727539	2.039185	-0.297852	0.984802
-0.652466	2.084351	-0.017700	1.032104
-0.567017	2.130432	0.245667	1.066589
-0.469055	2.154541	0.514221	1.073914
-0.380859	2.125549	0.792542	1.078186
-0.296326	2.063293	1.038513	1.080933
-0.200806	1.971130	1.238403	1.076355
-0.107727	1.819763	1.390991	1.054382
-0.041199	1.649475	1.495056	1.029053
0.014648	1.448059	1.554871	1.012878
0.072021	1.203308	1.560974	0.988159
0.130310	0.919800	1.502991	0.964661
0.166016	0.608826	1.430054	0.941467
0.186157	0.287476	1.354675	0.912781
0.191345	-0.059814	1.258545	0.870056
0.178833	-0.441589	1.150818	0.784302
0.150757	-0.830078	1.050720	0.683899
0.107422	-1.183777	0.960999	0.573120
0.061951	-1.520996	0.867920	0.442810
0.015564	-1.846619	0.787964	0.302124
-0.009460	-2.149963	0.704956	0.151062
-0.021362	-2.399292	0.627441	0.006104
-0.023804	-2.595520	0.571289	-0.129700
-0.000610	-2.761230	0.520630	-0.265198
0.040283	-2.884827	0.475159	-0.383301
0.106812	-2.935791	0.458679	-0.464783
0.197754	-2.941895	0.443420	-0.518188
0.286255	-2.941589	0.435486	-0.548401
0.374451	-2.944336	0.447998	-0.551758
0.476990	-2.933044	0.465393	-0.537109
0.594482	-2.888489	0.496521	-0.500488
0.697021	-2.810059	0.544128	-0.444031
0.791321	-2.719116	0.600891	-0.395508
0.870056	-2.604065	0.640869	-0.373230
0.911560	-2.438965	0.676270	-0.366821
0.927124	-2.250366	0.726318	-0.372620
0.918274	-2.041016	0.786133	-0.392151
0.897217	-1.806335	0.862732	-0.418091
0.873413	-1.572266	0.942688	-0.456543
0.827026	-1.309509	1.015320	-0.528870
0.743408	-1.028137	1.074829	-0.630188
0.624695	-0.740967	1.118774	-0.746460
0.487671	-0.463257	1.129456	-0.863953
0.349121	-0.203552	1.113586	-0.977173
0.208435	0.057983	1.088257	-1.069641
0.083618	0.325928	1.046753	-1.140442
-0.032043	0.569458	0.946655	-1.204834
-0.130920	0.791931	0.786743	-1.255493
-0.205383	0.994873	0.578918	-1.295471
-0.278931	1.175537	0.343323	-1.322937
-0.345154	1.336975	0.076904	-1.312256
-0.384521	1.467896	-0.228882	-1.277771
-0.401917	1.574707	-0.525818	-1.233826
-0.414124	1.652222	-0.790405	-1.160889
-0.429688	1.713562	-1.029053	-1.055298
-0.420227	1.747131	-1.251526	-0.939026
-0.396118	1.761475	-1.455383	-0.805054
-0.375366	1.791382	-1.617737	-0.649109
-0.364075	1.830750	-1.735535	-0.489807
-0.362549	1.888733	-1.825867	-0.338440
-0.358276	1.972351	-1.889954	-0.192566
-0.360107	2.073975	-1.911621	-0.056152
-0.364075	2.189941	-1.894531	0.077820
-0.360413	2.312622	-1.858826	0.226440
-0.344238	2.434082	-1.812134	0.397034
-0.317383	2.548523	-1.745605	0.596924
-0.302429	2.632446	-1.667175	0.817566
-0.283508	2.691345	-1.582642	1.057739
-0.248413	2.708740	-1.500244	1.309814
-0.205383	2.668762	-1.423950	1.558228
-0.166626	2.581482	-1.341858	1.797791
-0.115356	2.434692	-1.265869	2.032471
-0.053711	2.250366	-1.206055	2.242737
-0.006104	2.019348	-1.167297	2.411499
0.022583	1.734619	-1.142883	2.524414
0.030212	1.398315	-1.139526	2.570496
0.015869	1.027222	-1.145325	2.567749
0.000916	0.643921	-1.154480	2.514038
-0.018921	0.251770	-1.157837	2.408752
-0.055847	-0.145264	-1.146545	2.268066
-0.094299	-0.534363	-1.112976	2.095642
-0.136719	-0.909119	-1.066284	1.903076
-0.188293	-1.278381	-1.018982	1.697998
-0.247192	-1.648865	-0.961914	1.478271
-0.293274	-2.002563	-0.883484	1.239624
-0.319519	-2.316895	-0.788574	0.999756
-0.321350	-2.607422	-0.688782	0.780640
-0.315552	-2.879333	-0.582581	0.583496
-0.303345	-3.125610	-0.465393	0.413513
-0.267334	-3.350220	-0.322876	0.278625
-0.210876	-3.558655	-0.176086	0.182800
-0.140381	-3.738708	-0.025940	0.123901
-0.068359	-3.860779	0.130310	0.095825
0.007324	-3.931580	0.294800	0.086975
0.079041	-3.959045	0.465393	0.102539
0.132751	-3.935547	0.642395	0.136719
0.179749	-3.846436	0.830688	0.184326
0.224915	-3.704834	1.022339	0.230713
0.256653	-3.536072	1.206665	0.274048
0.281982	-3.358154	1.375122	0.301819
0.306396	-3.151855	1.550903	0.302124
0.316467	-2.926331	1.721191	0.264587
0.310974	-2.700195	1.875610	0.184631
0.293579	-2.480774	2.013855	0.061951
0.270996	-2.253418	2.138367	-0.093384
0.256348	-2.015381	2.249146	-0.272522
0.254211	-1.797180	2.341919	-0.469971
0.245972	-1.616211	2.416687	-0.678711
0.225220	-1.481323	2.453613	-0.887451
0.206604	-1.368713	2.457275	-1.099243
0.197449	-1.278992	2.426453	-1.296692
0.194397	-1.229553	2.358704	-1.463013
0.197449	-1.201172	2.254944	-1.603394
0.197754	-1.173401	2.111816	-1.701355
0.204773	-1.140442	1.933899	-1.755981
0.212708	-1.113281	1.716309	-1.773071
0.202026	-1.081848	1.470032	-1.765442
0.169678	-1.040955	1.206665	-1.741943
0.126038	-0.979004	0.922852	-1.696167
0.083923	-0.887146	0.632324	-1.633301
0.047302	-0.765076	0.358582	-1.567383
0.010376	-0.615845	0.105896	-1.502991
-0.024719	-0.438843	-0.122986	-1.431580
-0.040588	-0.251465	-0.322266	-1.355286
-0.043640	-0.045471	-0.479431	-1.270752
-0.036621	0.184937	-0.600281	-1.161804
-0.027771	0.423279	-0.706177	-1.020203
-0.006409	0.665894	-0.803528	-0.849609
0.027161	0.915222	-0.884094	-0.642395
0.072632	1.175537	-0.937195	-0.399780
0.128784	1.425476	-0.989075	-0.138855
0.195923	1.651001	-1.071472	0.132141
0.261230	1.856384	-1.163940	0.419617
0.308228	2.037354	-1.256104	0.713501
0.344238	2.185669	-1.348877	0.999756
0.368958	2.304688	-1.451416	1.260986
0.374146	2.390137	-1.560059	1.483459
0.359802	2.440186	-1.662903	1.665039
0.325623	2.479858	-1.759033	1.816101
0.284119	2.495422	-1.849060	1.919861
0.221252	2.480164	-1.934814	1.959534
0.128479	2.433472	-2.003784	1.949158
0.020447	2.365723	-2.054138	1.895142
-0.084839	2.285767	-2.093506	1.806946
-0.193481	2.190552	-2.119446	1.679993
-0.298767	2.084351	-2.114563	1.519165
-0.381470	1.958008	-2.085876	1.324463
-0.447083	1.829834	-2.035522	1.120300
-0.502014	1.705322	-1.965332	0.926514
-0.543518	1.580505	-1.868896	0.758362
-0.564880	1.456299	-1.754456	0.595093
-0.569153	1.335754	-1.626282	0.438232
-0.552368	1.223755	-1.476440	0.296326
-0.527954	1.112976	-1.295776	0.174561
-0.495911	0.987244	-1.087036	0.077209
-0.450134	0.849609	-0.862732	0.001526
-0.387573	0.700684	-0.621033	-0.053711
-0.314331	0.555115	-0.355835	-0.086975
-0.253296	0.428162	-0.073242	-0.102539
-0.200806	0.316467	0.213318	-0.130310
-0.161743	0.222778	0.500793	-0.173950
-0.134277	0.152893	0.791626	-0.216370
-0.109863	0.097656	1.091614	-0.247803
-0.097961	0.068665	1.387024	-0.276489
-0.101013	0.058594	1.672058	-0.307312
-0.110779	0.082397	1.939697	-0.345764
-0.127258	0.132141	2.193909	-0.381165
-0.146484	0.187988	2.432556	-0.408630
-0.175476	0.240784	2.637329	-0.435181
-0.198975	0.277100	2.807922	-0.471191
-0.204468	0.285950	2.943726	-0.507507
-0.196228	0.261536	3.039856	-0.539551
-0.187988	0.205383	3.079834	-0.568848
-0.184631	0.111389	3.063965	-0.596313
-0.174561	-0.028992	2.995605	-0.638428
-0.160217	-0.208740	2.877197	-0.692139
-0.148010	-0.407104	2.724915	-0.746765
-0.143738	-0.620728	2.541199	-0.804443
-0.150452	-0.846863	2.332153	-0.872803
-0.157776	-1.072998	2.113342	-0.946045
-0.156555	-1.302185	1.901245	-1.026306
-0.150757	-1.516113	1.700439	-1.109619
-0.142822	-1.717224	1.505127	-1.184387
-0.137634	-1.892395	1.320801	-1.250305
-0.126343	-2.016907	1.160583	-1.301575
-0.112915	-2.088623	1.018982	-1.341248
-0.098267	-2.111206	0.895386	-1.363831
-0.073853	-2.094421	0.798340	-1.369934
-0.041809	-2.047119	0.717773	-1.358337
0.007935	-1.964111	0.640564	-1.322327
0.073853	-1.846924	0.561218	-1.251831
0.143433	-1.698608	0.477600	-1.150208
0.210266	-1.518250	0.395203	-1.015930
0.277405	-1.317139	0.312195	-0.861511
0.349426	-1.101685	0.227051	-0.684814
0.411987	-0.874634	0.135193	-0.495911
0.465088	-0.638428	0.041809	-0.302734
0.508118	-0.389404	-0.061951	-0.105286
0.531006	-0.135803	-0.178528	0.083923
0.537415	0.115051	-0.301208	0.255127
0.525208	0.359192	-0.416260	0.394592
0.487061	0.603943	-0.531921	0.495300
0.435791	0.846558	-0.659790	0.559387
0.375977	1.080627	-0.789795	0.582275
0.308228	1.318970	-0.912781	0.555420
0.238342	1.555481	-1.034241	0.487976
0.161743	1.774902	-1.159363	0.390015
0.085449	1.968689	-1.280518	0.278320
0.007935	2.135925	-1.389771	0.147400
-0.068359	2.274170	-1.487732	0.009766
-0.134583	2.395325	-1.581421	-0.119934
-0.188293	2.497253	-1.671143	-0.238953
-0.233765	2.584839	-1.758728	-0.339661
-0.270081	2.669067	-1.838379	-0.421753
-0.293274	2.738037	-1.906128	-0.480042
-0.308228	2.804260	-1.975708	-0.512390
-0.313110	2.862854	-2.032166	-0.520325
-0.306396	2.904358	-2.068176	-0.508118
-0.298157	2.942505	-2.084351	-0.477905
-0.286255	2.987061	-2.072144	-0.435181
-0.267944	3.027039	-2.013855	-0.385132
-0.243530	3.054504	-1.909790	-0.333862
-0.210876	3.072205	-1.771240	-0.274353
-0.178528	3.097229	-1.585083	-0.205688
-0.146484	3.126831	-1.355591	-0.134277
-0.114746	3.145447	-1.097412	-0.063477
-0.086060	3.156738	-0.808716	0.006409
-0.059509	3.169250	-0.498352	0.061340
-0.034180	3.175659	-0.174561	0.098877
-0.007629	3.159790	0.165100	0.127563
0.027771	3.109436	0.485840	0.150452
0.070496	3.031616	0.783386	0.170898
0.111694	2.932434	1.043396	0.197449
0.151978	2.799377	1.264038	0.238647
0.185547	2.606201	1.448364	0.280762
0.213928	2.360229	1.590271	0.325317
0.237122	2.080994	1.683960	0.374451
0.255432	1.764221	1.726074	0.429688
0.261841	1.415100	1.723328	0.492554
0.264282	1.039124	1.690369	0.552368
0.256653	0.640869	1.630554	0.595703
0.237122	0.227356	1.545105	0.628357
0.209045	-0.193176	1.434631	0.652161
0.173645	-0.606689	1.305542	0.661926
0.127869	-1.005859	1.170044	0.652771
0.081177	-1.384277	1.042786	0.627747
0.039063	-1.734619	0.939941	0.600281
-0.006104	-2.060242	0.857544	0.575867
-0.046082	-2.368774	0.788879	0.549316
-0.072937	-2.648315	0.732422	0.518494
-0.083923	-2.896423	0.689392	0.495911
-0.077515	-3.107910	0.662231	0.492859
-0.057068	-3.274536	0.647888	0.511169
-0.024719	-3.403625	0.646362	0.549316
0.025940	-3.507996	0.668945	0.603943
0.094604	-3.590088	0.705566	0.678406
0.171509	-3.642883	0.740356	0.771790
0.246277	-3.656311	0.762939	0.873718
0.314636	-3.629150	0.776672	0.972595
0.375977	-3.563538	0.791931	1.058960
0.427856	-3.458557	0.803223	1.131592
0.468445	-3.311462	0.808411	1.185913
0.490417	-3.129578	0.801392	1.220398
0.491638	-2.925110	0.783997	1.234131
0.482788	-2.704468	0.759888	1.225281
0.466309	-2.464294	0.725708	1.181946
0.430908	-2.210388	0.687256	1.106262
0.379639	-1.952515	0.651550	1.004333
0.317078	-1.691589	0.614014	0.874023
0.243530	-1.427917	0.562744	0.720215
0.166016	-1.164856	0.492859	0.551758
0.086975	-0.907593	0.410461	0.371704
0.013123	-0.659180	0.318298	0.194092
-0.057983	-0.428467	0.210571	0.026855
-0.119324	-0.218811	0.089417	-0.134277
-0.169678	-0.023804	-0.040283	-0.284424
-0.214539	0.149841	-0.177307	-0.421448
-0.250244	0.301514	-0.329895	-0.543823
-0.274963	0.436707	-0.492554	-0.648804
-0.286255	0.559082	-0.653687	-0.731506
-0.280151	0.672607	-0.807800	-0.791321
-0.258789	0.776367	-0.956116	-0.822449
-0.235291	0.882874	-1.104431	-0.821228
-0.219727	1.007690	-1.243591	-0.798035
-0.202026	1.148682	-1.359253	-0.765991
-0.182190	1.301270	-1.457520	-0.727539
-0.169678	1.466675	-1.539612	-0.679626
-0.151978	1.647644	-1.601868	-0.625916
-0.128479	1.839294	-1.641846	-0.574646
-0.097656	2.030334	-1.668396	-0.527649
-0.054932	2.216492	-1.685181	-0.476074
-0.011902	2.393799	-1.682739	-0.419617
0.018921	2.557983	-1.662598	-0.350647
0.044861	2.695923	-1.629333	-0.265198
0.077209	2.787476	-1.588135	-0.173035
0.124512	2.839661	-1.539917	-0.078430
0.177002	2.858582	-1.491699	0.021362
0.230408	2.829590	-1.447449	0.124817
0.278015	2.741699	-1.409302	0.227966
0.316162	2.601318	-1.383667	0.325623
0.350342	2.420349	-1.366577	0.404053
0.372925	2.199707	-1.340942	0.456238
0.371704	1.935425	-1.309204	0.482483
0.348511	1.640320	-1.280823	0.487061
0.309143	1.330566	-1.250610	0.459595
0.258484	1.006470	-1.221008	0.401917
0.204773	0.671387	-1.195679	0.327759
0.151672	0.330811	-1.160583	0.240784
0.094299	-0.003357	-1.109009	0.140381
0.033875	-0.320435	-1.046143	0.030212
-0.019226	-0.619812	-0.977173	-0.083618
-0.058594	-0.896301	-0.892334	-0.198059
-0.078430	-1.146851	-0.793457	-0.293274
-0.085754	-1.373291	-0.688782	-0.358582
-0.078125	-1.577759	-0.573120	-0.396729
-0.052185	-1.764526	-0.449219	-0.412903
-0.018921	-1.929932	-0.316162	-0.402222
0.020752	-2.071533	-0.177002	-0.362549
0.061646	-2.196655	-0.031433	-0.299377
0.100403	-2.298279	0.125122	-0.209045
0.133362	-2.370300	0.295410	-0.091248
0.164795	-2.418213	0.483398	0.043640
0.195923	-2.436829	0.675659	0.186462
0.215759	-2.417908	0.865173	0.332947
0.225830	-2.364807	1.046143	0.473328
0.228271	-2.286987	1.218872	0.594482
0.213928	-2.187500	1.394653	0.683594
0.182800	-2.065735	1.576538	0.738831
0.135193	-1.933899	1.760559	0.755615
0.078430	-1.789246	1.939392	0.740662
0.014038	-1.634827	2.101746	0.694275
-0.054016	-1.484375	2.240601	0.617676
-0.118408	-1.347961	2.350464	0.514526
-0.179749	-1.225891	2.425537	0.399780
-0.234985	-1.112976	2.462463	0.278015
-0.287170	-1.009216	2.473450	0.142822
-0.333557	-0.915222	2.458496	0.006409
-0.370483	-0.831909	2.416992	-0.127258
-0.399780	-0.768433	2.345581	-0.251160
-0.421143	-0.723267	2.234497	-0.358276
-0.433044	-0.690002	2.086182	-0.446472
-0.443420	-0.668335	1.911926	-0.509338
-0.452881	-0.651855	1.722412	-0.549927
-0.463867	-0.631409	1.524048	-0.574951
-0.477600	-0.600891	1.325378	-0.594788
-0.490112	-0.560608	1.131287	-0.606079
-0.496826	-0.502319	0.946045	-0.613403
-0.497437	-0.422668	0.777283	-0.619507
-0.492859	-0.320129	0.628052	-0.621338
-0.479431	-0.197449	0.498352	-0.614929
-0.458679	-0.057373	0.386963	-0.596313
-0.426331	0.106506	0.293579	-0.567322
-0.385132	0.292969	0.222778	-0.535889
-0.335999	0.497742	0.174866	-0.489807
-0.277100	0.721741	0.137024	-0.417786
-0.216064	0.950928	0.097351	-0.322876
-0.158691	1.174316	0.045471	-0.204773
-0.093994	1.393738	-0.020752	-0.058289
-0.021667	1.592102	-0.101929	0.101624
0.046692	1.769714	-0.202026	0.265503
0.109863	1.925049	-0.322876	0.426636
0.162964	2.055054	-0.462341	0.576477
0.204163	2.149963	-0.615234	0.710754
0.234070	2.206421	-0.775757	0.824890
0.251160	2.229004	-0.940552	0.913086
0.255127	2.218933	-1.109924	0.970154
0.245667	2.182617	-1.279297	0.989380
0.225220	2.127991	-1.446228	0.973816
0.194702	2.056274	-1.600342	0.924683
0.149841	1.968994	-1.731567	0.839233
0.094910	1.878967	-1.842957	0.721130
0.031738	1.787720	-1.942139	0.577087
-0.029297	1.685181	-2.015686	0.412903
-0.086365	1.568298	-2.060852	0.237732
-0.141907	1.438599	-2.084961	0.056152
-0.182800	1.297913	-2.091064	-0.133667
-0.208740	1.160583	-2.077942	-0.322876
-0.223999	1.026001	-2.046204	-0.500488
-0.227661	0.902710	-1.987610	-0.659180
-0.216675	0.794067	-1.891479	-0.797729
-0.192261	0.685425	-1.780090	-0.912170
-0.159302	0.590210	-1.653442	-0.992432
-0.115662	0.500793	-1.492310	-1.049194
-0.060120	0.411377	-1.306458	-1.093750
-0.009155	0.323792	-1.104736	-1.123352
0.039368	0.229492	-0.885620	-1.133423
0.085144	0.135803	-0.642700	-1.137085
0.117188	0.059204	-0.388794	-1.138916
0.136719	0.002136	-0.133362	-1.135864
0.150757	-0.046692	0.129700	-1.128845
0.145874	-0.077820	0.396423	-1.114502
0.122986	-0.085449	0.655518	-1.091614
0.103760	-0.084839	0.902710	-1.063538
0.079956	-0.088196	1.133423	-1.042786
0.041809	-0.086670	1.341858	-1.033020
0.003662	-0.094910	1.523438	-1.027222
-0.030212	-0.127563	1.683960	-1.020508
-0.071411	-0.186157	1.813354	-1.012878
-0.098572	-0.272217	1.914368	-1.001892
-0.112000	-0.387573	1.988831	-0.994873
-0.125427	-0.533142	2.029114	-0.991211
-0.137024	-0.704346	2.031250	-0.969849
-0.139771	-0.899658	2.005005	-0.939636
-0.142517	-1.121826	1.955872	-0.914001
-0.155029	-1.349182	1.880188	-0.882568
-0.164795	-1.576843	1.783752	-0.839233
-0.178528	-1.806946	1.674500	-0.787354
-0.202026	-2.023621	1.553955	-0.721741
-0.225830	-2.214050	1.419678	-0.636597
-0.246582	-2.374268	1.289063	-0.547485
-0.268555	-2.496948	1.165161	-0.451965
-0.288696	-2.579956	1.043701	-0.342712
-0.292358	-2.630005	0.929565	-0.234070
-0.290527	-2.640686	0.827332	-0.120850
-0.282898	-2.615356	0.737000	0.005798
-0.260620	-2.564392	0.652466	0.136414
-0.227661	-2.499695	0.578613	0.269470
-0.190430	-2.420349	0.516052	0.416260
-0.142517	-2.322083	0.456543	0.580139
-0.092468	-2.213440	0.408630	0.749512
-0.044250	-2.106628	0.357056	0.922241
0.012817	-1.977234	0.296631	1.091614
0.078125	-1.827087	0.229492	1.247864
0.140686	-1.673584	0.153503	1.405334
0.201721	-1.515503	0.067139	1.558533
0.258179	-1.346130	-0.025635	1.695557
0.289001	-1.172180	-0.131836	1.801147
0.296021	-0.986633	-0.253906	1.869507
0.288391	-0.793152	-0.390320	1.905518
0.257263	-0.614624	-0.529785	1.909485
0.199890	-0.443726	-0.673523	1.877136
0.133972	-0.277710	-0.828552	1.814270
0.065613	-0.123596	-0.981140	1.734009
-0.003967	0.031433	-1.116943	1.637268
-0.065613	0.187073	-1.245117	1.505127
-0.116577	0.327454	-1.369324	1.347046
-0.168457	0.458374	-1.481018	1.175537
-0.212097	0.585938	-1.584473	0.997620
-0.237427	0.713806	-1.679382	0.824585
-0.252075	0.832520	-1.764221	0.665283
-0.253296	0.940552	-1.844482	0.522766
-0.234985	1.042175	-1.919861	0.406799
-0.210571	1.132202	-1.982727	0.321960
-0.183716	1.210327	-2.034607	0.258789
-0.151367	1.285400	-2.075500	0.209656
-0.122986	1.354980	-2.089233	0.177612
-0.094299	1.425781	-2.062378	0.162659
-0.061340	1.498108	-2.008972	0.148010
-0.025940	1.569824	-1.932983	0.127563
0.011902	1.636658	-1.822815	0.100403
0.057068	1.699524	-1.707458	0.061340
0.099792	1.766357	-1.578369	0.014038
0.140381	1.835632	-1.408386	-0.036011
0.172729	1.898193	-1.207581	-0.109253
0.198669	1.942444	-0.997620	-0.200806
0.219727	1.980591	-0.781860	-0.285950
0.246582	2.006226	-0.553284	-0.368042
0.280151	2.006836	-0.311279	-0.459900
0.312805	1.971741	-0.098572	-0.540771
0.348816	1.893005	0.087891	-0.611572
0.378113	1.783142	0.267334	-0.670776
0.391541	1.649170	0.415955	-0.725403
0.397949	1.479492	0.514221	-0.772705
0.408020	1.256409	0.586243	-0.820618
0.402832	1.002502	0.634766	-0.859985
0.387878	0.739136	0.642395	-0.886536
0.375061	0.446777	0.615540	-0.899963
0.350952	0.127869	0.563049	-0.900879
0.323486	-0.195618	0.498962	-0.886841
0.298767	-0.527344	0.429688	-0.873108
0.268555	-0.873718	0.366516	-0.861816
0.233459	-1.213684	0.312805	-0.837097
0.193176	-1.542358	0.276489	-0.815735
0.155334	-1.853943	0.254211	-0.808411
0.126648	-2.133789	0.233459	-0.799561
0.097656	-2.377930	0.221252	-0.762939
0.072632	-2.584839	0.226135	-0.713806
0.049744	-2.752686	0.227661	-0.667419
0.036926	-2.883911	0.233765	-0.601196
0.038757	-2.981873	0.264587	-0.502319
0.050964	-3.044739	0.307312	-0.383911
0.076599	-3.072205	0.343933	-0.249329
0.110779	-3.081665	0.377197	-0.097961
0.145569	-3.066406	0.410156	0.065613
0.175171	-3.009338	0.441895	0.247803
0.204773	-2.919617	0.464172	0.429077
0.225525	-2.815857	0.469971	0.584717
0.233765	-2.694702	0.465698	0.731812
0.228577	-2.552795	0.462341	0.876160
0.210571	-2.402954	0.461426	0.998535
0.179749	-2.246704	0.454102	1.096802
0.140076	-2.080078	0.443726	1.162415
