2020/1/9 9:25:27 40us
CH1			CH2			CH3			CH4
-0.010376	0.002441	0.007629	-0.003357
-0.010071	0.001831	0.007935	-0.003967
-0.009766	0.001526	0.007324	-0.003967
-0.010681	0.001221	0.007324	-0.003967
-0.010376	0.001221	0.007019	-0.003967
-0.010071	0.000916	0.007019	-0.003967
-0.010376	0.000000	0.006409	-0.004272
-0.010681	-0.000916	0.006104	-0.003967
-0.010376	-0.000916	0.006104	-0.004272
-0.010376	-0.001221	0.006104	-0.004578
-0.010681	-0.001831	0.005798	-0.004272
-0.010376	-0.002441	0.006104	-0.004272
-0.010681	-0.003052	0.005188	-0.004883
-0.010986	-0.003662	0.005493	-0.004272
-0.010681	-0.003662	0.004883	-0.004578
-0.010376	-0.003967	0.004883	-0.004272
-0.010681	-0.004578	0.004578	-0.004272
-0.010986	-0.005493	0.004272	-0.004578
-0.010986	-0.005188	0.004272	-0.004883
-0.010986	-0.005188	0.004272	-0.004578
-0.010986	-0.005798	0.003967	-0.004883
-0.010986	-0.006409	0.003662	-0.004883
-0.010376	-0.006409	0.003662	-0.005188
-0.010986	-0.006714	0.003357	-0.004578
-0.010986	-0.007324	0.003357	-0.004883
-0.010986	-0.008240	0.003052	-0.004883
-0.010986	-0.008545	0.003052	-0.005493
-0.010986	-0.009155	0.002441	-0.005493
-0.011292	-0.009460	0.002441	-0.005493
-0.011292	-0.009460	0.002136	-0.005798
-0.011597	-0.010071	0.002136	-0.005798
-0.011597	-0.010376	0.001831	-0.005493
-0.011902	-0.010376	0.001221	-0.005798
-0.011597	-0.010986	0.000916	-0.005798
-0.011597	-0.011597	0.001221	-0.006104
-0.011902	-0.011902	0.000610	-0.006104
-0.011902	-0.012207	0.000916	-0.005798
-0.011597	-0.012817	0.000610	-0.006409
-0.011902	-0.013123	0.000305	-0.006104
-0.011902	-0.014648	0.000000	-0.006409
-0.011902	0.061035	0.000000	-0.006714
-0.011902	0.212708	-0.000305	-0.006714
-0.012207	0.300903	0.000916	-0.006104
-0.011597	0.354309	-0.007629	-0.006104
-0.010376	0.323486	0.013428	-0.006104
-0.011597	0.144653	0.030212	-0.007629
-0.026550	-0.094299	-0.010986	-0.012207
-0.019836	-0.362244	-0.049133	-0.002747
0.017395	-0.663757	-0.070190	0.006104
0.035095	-0.985107	-0.085754	-0.021057
0.033875	-1.305847	-0.107727	-0.035706
0.010071	-1.613464	-0.106201	-0.027161
-0.044861	-1.901245	-0.086365	0.004578
-0.089111	-2.149353	-0.097046	0.021057
-0.110779	-2.425232	-0.114746	0.043335
-0.164185	-2.674255	-0.116272	0.096130
-0.211487	-2.906799	-0.103760	0.119019
-0.221252	-3.128662	-0.065613	0.104675
-0.193176	-3.334961	-0.004272	0.064087
-0.146790	-3.529968	0.068970	0.000916
-0.090332	-3.722534	0.197754	-0.070496
-0.036316	-3.881531	0.331421	-0.150452
0.034485	-3.984070	0.438843	-0.249634
0.133667	-4.080811	0.552368	-0.379639
0.247498	-4.182739	0.693970	-0.506897
0.364990	-4.319153	0.881653	-0.617065
0.433655	-4.472656	1.115723	-0.653076
0.460510	-4.581909	1.347656	-0.640259
0.468750	-4.589844	1.559753	-0.569763
0.472107	-4.528809	1.763306	-0.433655
0.458679	-4.445496	1.963196	-0.239868
0.464783	-4.313354	2.144165	-0.019226
0.452576	-4.100342	2.287903	0.177002
0.412292	-3.816833	2.397766	0.385132
0.345459	-3.468933	2.476807	0.572205
0.261536	-3.072510	2.511597	0.723572
0.182800	-2.645874	2.543640	0.862732
0.109863	-2.235413	2.574768	0.946655
0.046997	-1.831970	2.580872	0.966492
-0.017700	-1.417847	2.557678	0.958252
-0.077515	-1.002197	2.487488	0.932007
-0.119629	-0.623779	2.361755	0.880737
-0.155029	-0.285950	2.187195	0.790710
-0.179138	0.032654	1.973267	0.680237
-0.181274	0.337830	1.745300	0.534668
-0.177917	0.623779	1.467285	0.400391
-0.187683	0.903625	1.114197	0.276794
-0.182495	1.193848	0.691833	0.145264
-0.173950	1.505127	0.197449	0.035706
-0.171814	1.834717	-0.327759	-0.036621
-0.157166	2.158508	-0.847473	-0.057373
-0.162964	2.471008	-1.385803	-0.029297
-0.205994	2.713928	-1.902161	0.022278
-0.250244	2.931213	-2.356262	0.076904
-0.281372	3.135986	-2.729492	0.152283
-0.322266	3.276672	-2.998657	0.236511
-0.355835	3.366394	-3.234253	0.280151
-0.366516	3.413086	-3.434753	0.316162
-0.383911	3.436890	-3.580017	0.368652
-0.393677	3.463135	-3.688354	0.382385
-0.411072	3.513489	-3.766174	0.383301
-0.419006	3.589172	-3.840637	0.368042
-0.409851	3.663330	-3.893433	0.336914
-0.386047	3.726501	-3.944092	0.313110
-0.361023	3.801880	-3.977661	0.321045
-0.350037	3.858032	-3.955078	0.353394
-0.329895	3.909912	-3.938599	0.347900
-0.290222	3.954163	-3.931580	0.319214
-0.232544	3.960876	-3.920288	0.291748
-0.165100	3.957520	-3.897095	0.287476
-0.097961	3.924561	-3.839417	0.275269
-0.024109	3.852844	-3.754272	0.215759
0.052490	3.760986	-3.657837	0.108643
0.128479	3.635254	-3.541870	-0.034180
0.205078	3.471985	-3.395386	-0.198059
0.272522	3.277588	-3.217163	-0.357056
0.337524	3.079224	-3.002930	-0.516357
0.380554	2.870483	-2.759094	-0.678406
0.397339	2.643738	-2.490845	-0.836792
0.394592	2.379761	-2.179565	-0.966797
0.365906	2.074585	-1.840210	-1.050720
0.330811	1.747437	-1.501465	-1.088562
0.285339	1.411133	-1.157837	-1.093445
0.225830	1.064148	-0.797424	-1.056519
0.162964	0.717773	-0.434265	-0.996094
0.105286	0.379944	-0.105896	-0.923462
0.068054	0.048828	0.188293	-0.825500
0.054321	-0.270691	0.469360	-0.721130
0.050659	-0.567017	0.712891	-0.617676
0.061646	-0.872498	0.946350	-0.509033
0.102234	-1.190796	1.182556	-0.401917
0.165405	-1.511230	1.403809	-0.328369
0.235901	-1.832275	1.617737	-0.303040
0.309448	-2.153320	1.828613	-0.305786
0.376282	-2.474365	2.033691	-0.314331
0.422668	-2.786255	2.230530	-0.343018
0.449219	-3.063354	2.428894	-0.397339
0.454407	-3.275757	2.607117	-0.460205
0.442505	-3.434143	2.752991	-0.545044
0.392456	-3.530579	2.864685	-0.624084
0.322876	-3.589783	2.948608	-0.686035
0.246582	-3.621216	2.994080	-0.752869
0.151367	-3.630981	2.990112	-0.831299
0.046692	-3.627014	2.965088	-0.903625
-0.053101	-3.607483	2.946472	-0.963135
-0.164490	-3.581543	2.916260	-1.004333
-0.278931	-3.550415	2.848816	-1.026001
-0.374451	-3.518372	2.777710	-1.012573
-0.466003	-3.478699	2.714539	-0.964966
-0.556335	-3.418884	2.656250	-0.883179
-0.603333	-3.335876	2.602234	-0.777893
-0.623169	-3.232727	2.561951	-0.669556
-0.632629	-3.114624	2.520447	-0.554504
-0.635071	-2.973328	2.468567	-0.435486
-0.635376	-2.784424	2.417603	-0.314331
-0.632019	-2.540588	2.371216	-0.186768
-0.631714	-2.246399	2.304077	-0.072632
-0.638428	-1.914368	2.218628	0.026245
-0.641479	-1.550598	2.121887	0.138855
-0.636597	-1.141968	1.988525	0.277405
-0.616760	-0.700989	1.813660	0.420227
-0.574951	-0.242004	1.622314	0.542908
-0.531311	0.218506	1.434326	0.647888
-0.485229	0.683289	1.225281	0.744324
-0.430298	1.142273	1.010437	0.841675
-0.364990	1.586609	0.795593	0.954285
-0.287476	2.005005	0.572510	1.062012
-0.201721	2.379150	0.340881	1.149597
-0.117798	2.695618	0.115051	1.240845
-0.042725	2.966919	-0.099487	1.357117
0.015564	3.199463	-0.318298	1.481934
0.069580	3.379211	-0.552368	1.611938
0.127258	3.496094	-0.793457	1.730957
0.153198	3.582764	-1.029968	1.836853
0.143433	3.644714	-1.263123	1.929932
0.117798	3.678894	-1.504211	1.990356
0.090027	3.708191	-1.756592	2.014465
0.055237	3.708801	-2.011719	2.004089
0.001526	3.667908	-2.257690	1.940308
-0.060425	3.602295	-2.485046	1.825562
-0.113831	3.504333	-2.684937	1.667480
-0.152283	3.391724	-2.843933	1.457825
-0.180054	3.284302	-2.962341	1.195374
-0.195313	3.162231	-3.035583	0.902405
-0.201111	3.022461	-3.070374	0.599365
-0.196228	2.889099	-3.078308	0.284119
-0.169067	2.767639	-3.063354	-0.045776
-0.126343	2.655640	-3.017273	-0.379333
-0.078125	2.565613	-2.930603	-0.689392
-0.014954	2.486267	-2.807922	-0.965576
0.064392	2.415466	-2.664185	-1.210938
0.143738	2.365417	-2.500916	-1.425781
0.226746	2.304993	-2.315063	-1.600342
0.297241	2.234192	-2.100220	-1.716003
0.344238	2.170105	-1.862183	-1.777649
0.376587	2.106628	-1.605530	-1.806030
0.395813	2.041321	-1.328125	-1.806641
0.400085	1.970825	-1.022034	-1.773987
0.395203	1.884460	-0.698853	-1.723328
0.380249	1.783447	-0.367432	-1.666870
0.363464	1.675720	-0.018616	-1.609497
0.358582	1.569519	0.336914	-1.562195
0.365601	1.447449	0.690918	-1.523743
0.377502	1.297607	1.040955	-1.487427
0.393066	1.134338	1.376953	-1.452026
0.416260	0.973511	1.691895	-1.419678
0.439758	0.809326	1.983643	-1.390991
0.447693	0.644836	2.241516	-1.358032
0.451355	0.466919	2.467957	-1.316223
0.455933	0.253601	2.652283	-1.268616
0.453186	0.008545	2.774048	-1.212769
0.443726	-0.258789	2.837219	-1.148682
0.421143	-0.538025	2.847900	-1.080627
0.379333	-0.825195	2.806396	-1.017761
0.325317	-1.123352	2.716370	-0.962830
0.272827	-1.429138	2.583923	-0.908508
0.217285	-1.720886	2.422485	-0.850525
0.155334	-2.007751	2.251282	-0.790710
0.085449	-2.302246	2.077942	-0.733337
0.010986	-2.593384	1.900940	-0.679016
-0.055542	-2.876282	1.738586	-0.616150
-0.120850	-3.152161	1.601257	-0.540466
-0.191345	-3.412170	1.487427	-0.446472
-0.264587	-3.640442	1.396790	-0.337219
-0.332031	-3.829956	1.329956	-0.214539
-0.393677	-3.970947	1.274414	-0.074158
-0.444031	-4.057617	1.224670	0.073853
-0.488281	-4.097595	1.177979	0.241089
-0.520935	-4.083557	1.116943	0.415955
-0.535889	-4.007874	1.031799	0.585632
-0.539246	-3.863525	0.922546	0.746765
-0.536194	-3.658752	0.792236	0.899963
-0.530090	-3.419495	0.643311	1.048889
-0.521851	-3.155212	0.478821	1.193542
-0.503845	-2.864990	0.311584	1.333618
-0.475769	-2.556458	0.146790	1.462708
-0.444336	-2.237244	-0.016174	1.586609
-0.409241	-1.926270	-0.167542	1.695251
-0.370178	-1.625671	-0.305176	1.767578
-0.331726	-1.326599	-0.433044	1.819153
-0.294189	-1.024475	-0.550537	1.851501
-0.257263	-0.724792	-0.653076	1.859436
-0.231628	-0.429993	-0.740051	1.856995
-0.218201	-0.134277	-0.819702	1.848450
-0.217590	0.167542	-0.906677	1.833191
-0.224304	0.469055	-1.003418	1.813660
-0.234070	0.758667	-1.103210	1.796265
-0.238342	1.022644	-1.196289	1.787109
-0.235901	1.255493	-1.281433	1.786499
-0.231628	1.458740	-1.354065	1.791992
-0.219421	1.635437	-1.416626	1.792908
-0.193787	1.785278	-1.473694	1.778870
-0.158997	1.907959	-1.532898	1.752014
-0.117493	2.008972	-1.595154	1.710815
-0.070801	2.095032	-1.661377	1.643982
-0.019226	2.167053	-1.728516	1.544495
0.033875	2.230835	-1.782227	1.412354
0.085144	2.291565	-1.819458	1.244812
0.136719	2.338257	-1.835938	1.038818
0.186768	2.370911	-1.826477	0.812988
0.233459	2.394104	-1.795349	0.563660
0.269775	2.412415	-1.741943	0.304565
0.295715	2.430725	-1.655273	0.043640
0.316467	2.445679	-1.540833	-0.214233
0.333557	2.449341	-1.415100	-0.465393
0.352173	2.440186	-1.287537	-0.708618
0.368652	2.417908	-1.149292	-0.937805
0.383911	2.378540	-0.999451	-1.148682
0.396729	2.317200	-0.853271	-1.341858
0.411072	2.226257	-0.716248	-1.518860
0.428772	2.100525	-0.584717	-1.671753
0.447693	1.938782	-0.455933	-1.793518
0.462952	1.741943	-0.329895	-1.877747
0.478210	1.511536	-0.215759	-1.937256
0.491943	1.252747	-0.113220	-1.980286
0.507202	0.970764	-0.015869	-2.004395
0.519714	0.672302	0.082703	-2.001953
0.527954	0.365906	0.177002	-1.975403
0.524292	0.063782	0.260620	-1.937256
0.515747	-0.228577	0.333252	-1.888733
0.507202	-0.506897	0.400391	-1.834106
0.498047	-0.762634	0.461426	-1.780090
0.490112	-0.985718	0.519104	-1.719666
0.477905	-1.182251	0.582581	-1.649475
0.465698	-1.353455	0.653992	-1.569824
0.459290	-1.502075	0.728455	-1.476135
0.456543	-1.634827	0.803223	-1.370239
0.457458	-1.753235	0.883179	-1.250305
0.473022	-1.860962	0.972900	-1.119690
0.492249	-1.965942	1.070251	-0.974731
0.514832	-2.062378	1.163940	-0.818481
0.541687	-2.147522	1.250000	-0.639343
0.563965	-2.214050	1.323242	-0.447083
0.573425	-2.265015	1.380615	-0.246887
0.570374	-2.304993	1.416626	-0.038147
0.558472	-2.338867	1.434326	0.173340
0.532532	-2.359619	1.432495	0.389404
0.492859	-2.370605	1.412048	0.604553
0.437622	-2.372437	1.371155	0.816650
0.361938	-2.360229	1.312866	1.010742
0.263977	-2.328491	1.243286	1.180725
0.151672	-2.272339	1.166992	1.316833
0.027466	-2.189636	1.087036	1.417542
-0.105286	-2.080078	1.000977	1.483459
-0.236206	-1.944580	0.913696	1.511536
-0.358276	-1.788330	0.832214	1.502991
-0.469360	-1.625977	0.760803	1.462402
-0.568848	-1.460266	0.693970	1.393127
-0.653076	-1.293945	0.629578	1.302795
-0.724792	-1.127625	0.565186	1.197815
-0.789795	-0.962524	0.495911	1.084595
-0.848999	-0.805664	0.418701	0.965881
-0.906677	-0.654297	0.334473	0.852051
-0.956726	-0.505981	0.238342	0.745544
-0.994568	-0.359802	0.127563	0.648499
-1.019897	-0.217590	0.008545	0.572815
-1.028442	-0.079956	-0.115662	0.522156
-1.020813	0.061035	-0.245667	0.493164
-0.999451	0.217896	-0.383911	0.480957
-0.966492	0.390015	-0.519409	0.483704
-0.924988	0.572510	-0.646667	0.499878
-0.877686	0.761414	-0.764771	0.527954
-0.823975	0.956116	-0.864563	0.570068
-0.762329	1.159058	-0.938416	0.627441
-0.697021	1.365662	-0.986023	0.694885
-0.628357	1.568298	-1.008911	0.769348
-0.554810	1.762085	-1.006470	0.846863
-0.479736	1.949158	-0.985107	0.920105
-0.401306	2.127686	-0.950623	0.982971
-0.320740	2.290955	-0.906372	1.029968
-0.239868	2.439880	-0.858154	1.060486
-0.159912	2.568970	-0.810242	1.072693
-0.077209	2.670288	-0.768433	1.068115
0.008545	2.738342	-0.734558	1.046753
0.091248	2.768860	-0.711670	1.009216
0.166016	2.760925	-0.698547	0.952759
0.233459	2.717590	-0.687561	0.877075
0.290527	2.637939	-0.676880	0.787964
0.333862	2.529602	-0.668640	0.686340
0.364380	2.400208	-0.664978	0.564880
0.383911	2.253113	-0.662537	0.424805
0.397034	2.092896	-0.661011	0.268860
0.403137	1.923523	-0.659180	0.092773
0.407410	1.747437	-0.655212	-0.104675
0.411072	1.562500	-0.648804	-0.321350
0.405579	1.371765	-0.641479	-0.553284
0.393372	1.177368	-0.628357	-0.795898
0.376892	0.982361	-0.612488	-1.039734
0.364380	0.792847	-0.598450	-1.269226
0.358276	0.610352	-0.579224	-1.471863
0.353699	0.428162	-0.546265	-1.645508
0.352173	0.246277	-0.498657	-1.787415
0.356445	0.077820	-0.440979	-1.892700
0.366516	-0.083923	-0.375977	-1.969604
0.380249	-0.230713	-0.307312	-2.023621
0.399780	-0.365906	-0.234070	-2.062378
0.427551	-0.492249	-0.153503	-2.080688
0.458984	-0.599670	-0.059204	-2.079773
0.489807	-0.686646	0.047302	-2.062988
0.515442	-0.753479	0.158691	-2.027283
0.535583	-0.800171	0.279541	-1.967773
0.551758	-0.834656	0.413818	-1.889038
0.557251	-0.852051	0.563049	-1.797485
0.544739	-0.847168	0.722656	-1.697998
0.520935	-0.823669	0.890503	-1.593018
0.490417	-0.788269	1.058044	-1.482239
0.455322	-0.742493	1.217651	-1.362305
0.418091	-0.685425	1.365051	-1.239319
0.376282	-0.621033	1.496887	-1.114502
0.325317	-0.549927	1.604004	-0.987244
0.264893	-0.466614	1.679688	-0.856628
0.198059	-0.377502	1.723022	-0.725708
0.129700	-0.285034	1.736145	-0.589905
0.062256	-0.190125	1.720886	-0.447998
0.000610	-0.101013	1.682434	-0.301208
-0.057068	-0.022888	1.631470	-0.146484
-0.109558	0.044861	1.565552	0.017395
-0.154724	0.104370	1.484070	0.185547
-0.191040	0.157776	1.396179	0.349426
-0.226746	0.201721	1.301575	0.501099
-0.270996	0.240479	1.197510	0.640259
-0.318604	0.276489	1.094971	0.758362
-0.368042	0.316162	0.993347	0.859070
-0.417786	0.363770	0.892029	0.942688
-0.469971	0.418396	0.792236	1.015320
-0.527954	0.482788	0.697021	1.079102
-0.591736	0.560913	0.607300	1.134338
-0.655823	0.650330	0.519714	1.185303
-0.716248	0.744934	0.439758	1.232605
-0.771790	0.838928	0.370483	1.276550
-0.820313	0.928040	0.310974	1.321716
-0.851746	1.011047	0.260010	1.379089
-0.860291	1.082153	0.211487	1.447144
-0.843201	1.139526	0.158691	1.521301
-0.804443	1.181641	0.096436	1.600037
-0.751343	1.206360	0.023804	1.685486
-0.690002	1.214905	-0.060730	1.776123
-0.626831	1.207275	-0.160217	1.861572
-0.563354	1.179810	-0.270996	1.931152
-0.497131	1.131592	-0.391846	1.986694
-0.434265	1.065979	-0.524902	2.030029
-0.374451	0.987854	-0.666199	2.059631
-0.317078	0.904236	-0.804443	2.072754
-0.266724	0.810852	-0.929260	2.066650
-0.223083	0.711060	-1.039429	2.035828
-0.186462	0.611572	-1.135254	1.976929
-0.157471	0.516968	-1.215820	1.890564
-0.133667	0.430298	-1.276550	1.778564
-0.106812	0.348511	-1.317749	1.642456
-0.074158	0.275879	-1.333618	1.488037
-0.036621	0.212708	-1.323242	1.321716
0.006104	0.151367	-1.289673	1.147156
0.050659	0.083923	-1.234436	0.964661
0.092773	0.006104	-1.154480	0.776367
0.133667	-0.084534	-1.052246	0.584412
0.172119	-0.181885	-0.928040	0.392761
0.212402	-0.276489	-0.788879	0.212402
0.254517	-0.365601	-0.636597	0.045166
0.296326	-0.442200	-0.482178	-0.101013
0.340576	-0.502319	-0.327148	-0.228271
0.383301	-0.549927	-0.176697	-0.342407
0.420227	-0.584717	-0.035706	-0.449829
0.451050	-0.607300	0.093689	-0.556641
0.478821	-0.613098	0.208435	-0.668945
0.502014	-0.601501	0.313721	-0.788269
0.516052	-0.574341	0.412903	-0.914612
0.524597	-0.539551	0.503845	-1.051025
0.528870	-0.501709	0.583496	-1.195679
0.527954	-0.461731	0.657654	-1.344604
0.520630	-0.425720	0.728760	-1.495667
0.507507	-0.395508	0.793762	-1.650696
0.488586	-0.369568	0.850830	-1.808777
0.467224	-0.349426	0.899658	-1.967163
0.446777	-0.339966	0.936584	-2.121277
0.429688	-0.343323	0.956726	-2.261963
0.415344	-0.358276	0.960999	-2.383423
0.400085	-0.385437	0.948486	-2.484436
0.381775	-0.426941	0.921021	-2.558594
0.357361	-0.483093	0.877075	-2.598572
0.327759	-0.561523	0.817871	-2.602539
0.295715	-0.665283	0.746765	-2.572632
0.260620	-0.788879	0.665894	-2.508850
0.225220	-0.919495	0.576477	-2.412109
0.192871	-1.048584	0.481262	-2.283630
0.163879	-1.164856	0.383301	-2.130127
0.137634	-1.263123	0.281677	-1.958618
0.114441	-1.343079	0.173035	-1.774902
0.094604	-1.398926	0.068054	-1.582642
0.076904	-1.427307	-0.025330	-1.387024
0.062561	-1.428528	-0.111389	-1.187134
0.054016	-1.403809	-0.192261	-0.980835
0.057373	-1.359253	-0.254822	-0.765076
0.070801	-1.295471	-0.302734	-0.540466
0.086670	-1.213684	-0.343933	-0.308533
0.105286	-1.116943	-0.377502	-0.072021
0.119629	-1.002197	-0.409546	0.170898
0.126953	-0.865784	-0.449219	0.419006
0.128479	-0.713501	-0.491333	0.663757
0.128479	-0.550842	-0.527649	0.897827
0.125122	-0.388794	-0.560913	1.112671
0.114136	-0.223083	-0.597534	1.313171
0.094299	-0.054321	-0.631104	1.500244
0.067139	0.106201	-0.653381	1.663208
0.033875	0.253906	-0.668945	1.804810
-0.008850	0.377502	-0.675964	1.927185
-0.060425	0.469360	-0.663147	2.023010
-0.125732	0.548096	-0.640259	2.090454
-0.204468	0.605774	-0.611572	2.132568
-0.281372	0.625610	-0.576477	2.145691
-0.357971	0.625610	-0.540466	2.134705
-0.433350	0.614319	-0.512390	2.102051
-0.499268	0.595093	-0.491028	2.049561
-0.555115	0.561829	-0.481873	1.977844
-0.607910	0.521240	-0.486145	1.889343
-0.645142	0.478516	-0.498657	1.791687
-0.661316	0.432434	-0.519104	1.681519
-0.673218	0.386963	-0.550842	1.569214
-0.681763	0.340271	-0.590820	1.466980
-0.673218	0.287781	-0.627747	1.369019
-0.649414	0.228882	-0.662537	1.267700
-0.616455	0.172729	-0.691833	1.175232
-0.567322	0.111389	-0.710144	1.082153
-0.503235	0.045776	-0.712585	0.984192
-0.430908	-0.014038	-0.704651	0.878906
-0.356445	-0.074768	-0.676575	0.769348
-0.279236	-0.142822	-0.621033	0.656433
-0.209351	-0.202332	-0.534363	0.536499
-0.149231	-0.254822	-0.431519	0.409546
-0.092468	-0.311584	-0.305176	0.273743
-0.045776	-0.352478	-0.151672	0.143127
-0.008545	-0.374146	0.012512	0.030823
0.030823	-0.383301	0.176697	-0.067444
0.067749	-0.371094	0.351868	-0.152893
0.093689	-0.347900	0.539551	-0.218201
0.115356	-0.323181	0.722046	-0.276184
0.140076	-0.292969	0.888367	-0.333862
0.168457	-0.266724	1.040344	-0.385437
0.201416	-0.248413	1.177979	-0.438843
0.240173	-0.236511	1.293945	-0.495605
0.285645	-0.242004	1.379700	-0.549622
0.333862	-0.265503	1.436157	-0.610657
0.381165	-0.296631	1.457214	-0.679321
0.415344	-0.348206	1.445618	-0.756226
0.437317	-0.415955	1.402283	-0.845337
0.449524	-0.487061	1.336060	-0.940247
0.455627	-0.556030	1.259460	-1.038208
0.453491	-0.621033	1.181946	-1.142883
0.447998	-0.682068	1.091003	-1.246643
0.443115	-0.736389	0.990601	-1.346130
0.437012	-0.775757	0.892334	-1.445923
0.430603	-0.805054	0.785828	-1.546631
0.409546	-0.836182	0.667419	-1.645203
0.374756	-0.862732	0.552673	-1.733704
0.341797	-0.879822	0.442200	-1.812744
0.311279	-0.891418	0.329590	-1.874084
0.275879	-0.892944	0.222168	-1.907654
0.249023	-0.889282	0.124512	-1.909180
0.237427	-0.884399	0.034485	-1.877747
0.231323	-0.877686	-0.047913	-1.816711
0.224304	-0.871582	-0.128479	-1.731262
0.220337	-0.862732	-0.208740	-1.629639
0.216064	-0.849609	-0.289001	-1.511230
0.204163	-0.841370	-0.368958	-1.379089
0.189819	-0.819397	-0.451355	-1.232910
0.178528	-0.776062	-0.537109	-1.071777
0.169678	-0.713501	-0.629883	-0.900574
0.158081	-0.631714	-0.729675	-0.730591
0.137939	-0.537109	-0.833740	-0.566101
0.105591	-0.436096	-0.940552	-0.407410
0.062866	-0.325623	-1.046143	-0.263672
0.014038	-0.208435	-1.140137	-0.144043
-0.034180	-0.088196	-1.215820	-0.043945
-0.086060	0.044250	-1.270447	0.042114
-0.135498	0.181580	-1.302795	0.112305
-0.181580	0.314331	-1.317139	0.168152
-0.224304	0.449524	-1.320496	0.203247
-0.264587	0.586853	-1.314392	0.219421
-0.307922	0.723572	-1.302185	0.223083
-0.354309	0.858154	-1.283264	0.219116
-0.400085	0.984192	-1.250916	0.215759
-0.439453	1.101685	-1.213074	0.219727
-0.473938	1.218262	-1.169739	0.237732
-0.505066	1.322021	-1.115723	0.270386
-0.532837	1.411438	-1.058044	0.320740
-0.561829	1.494141	-1.004333	0.385742
-0.590515	1.569519	-0.946350	0.464783
-0.621033	1.632996	-0.885925	0.544739
-0.647888	1.690063	-0.825500	0.617676
-0.665588	1.742554	-0.760193	0.686035
-0.672913	1.788940	-0.683289	0.748596
-0.666809	1.832886	-0.598450	0.805359
-0.649719	1.871033	-0.504456	0.852966
-0.622253	1.904907	-0.396729	0.892944
-0.587463	1.931152	-0.286255	0.918579
-0.552979	1.931458	-0.178528	0.925903
-0.522156	1.907043	-0.065002	0.918579
-0.486145	1.858826	0.053406	0.896606
-0.447083	1.788025	0.163574	0.869446
-0.404663	1.692505	0.263672	0.844116
-0.351257	1.573181	0.352783	0.821533
-0.288696	1.435547	0.428772	0.798950
-0.230408	1.281738	0.487366	0.776978
-0.178528	1.109009	0.521545	0.746460
-0.135193	0.922241	0.535278	0.700073
-0.104065	0.720825	0.538635	0.648499
-0.076294	0.501709	0.538330	0.589905
-0.043945	0.266724	0.534058	0.526428
-0.013123	0.020447	0.532837	0.455627
0.010681	-0.240479	0.535583	0.382996
0.027466	-0.504150	0.536804	0.310669
0.039978	-0.767822	0.538025	0.241089
0.046997	-1.033325	0.543213	0.169067
0.051270	-1.286316	0.556030	0.090637
0.056458	-1.517029	0.577087	0.007935
0.070496	-1.719055	0.603333	-0.075378
0.090942	-1.892700	0.626221	-0.157166
0.119934	-2.032471	0.651550	-0.227966
0.158081	-2.146301	0.684814	-0.284729
0.198364	-2.229309	0.715942	-0.327759
0.240173	-2.281494	0.741882	-0.364685
0.282288	-2.308044	0.768127	-0.393982
0.321045	-2.305908	0.794983	-0.417175
0.355530	-2.278137	0.821838	-0.436401
0.389404	-2.230835	0.851135	-0.449524
0.428467	-2.158508	0.880432	-0.455933
0.469055	-2.059326	0.910339	-0.458069
0.501709	-1.938782	0.934448	-0.458374
0.526123	-1.796875	0.949402	-0.458069
0.538940	-1.637878	0.955200	-0.462646
0.537109	-1.464539	0.955200	-0.474548
0.524597	-1.277161	0.952759	-0.495300
0.498962	-1.083374	0.949402	-0.525513
0.461731	-0.883789	0.946655	-0.556641
0.418091	-0.681458	0.935059	-0.582275
0.368652	-0.483704	0.913086	-0.600891
0.315552	-0.292053	0.879211	-0.614624
0.258179	-0.105286	0.832825	-0.630188
0.195618	0.068970	0.773926	-0.645447
0.132141	0.231323	0.703430	-0.658264
0.072327	0.380554	0.611877	-0.670166
0.018921	0.517883	0.494995	-0.679932
-0.025940	0.639954	0.355835	-0.681763
-0.062256	0.737610	0.195618	-0.675354
-0.091858	0.813904	0.017090	-0.655518
-0.115051	0.870972	-0.169067	-0.624390
-0.134583	0.905151	-0.357666	-0.587769
-0.151672	0.918579	-0.547180	-0.546875
-0.165405	0.917969	-0.727844	-0.500183
-0.174561	0.912476	-0.889282	-0.451965
-0.183411	0.907898	-1.035767	-0.396118
-0.188293	0.908508	-1.166992	-0.334473
-0.190430	0.917664	-1.281433	-0.272522
-0.191956	0.944214	-1.378479	-0.208435
-0.195007	0.984802	-1.453247	-0.146179
-0.202942	1.033325	-1.506348	-0.083618
-0.213928	1.087036	-1.541443	-0.018616
-0.223999	1.151123	-1.553040	0.056458
-0.231628	1.222229	-1.543274	0.144958
-0.236816	1.293640	-1.519470	0.250854
-0.233459	1.361694	-1.481628	0.372620
-0.221863	1.425476	-1.432495	0.506287
-0.206604	1.480713	-1.376648	0.645447
-0.191345	1.516724	-1.312866	0.783691
-0.180054	1.528931	-1.242065	0.916138
-0.173340	1.520081	-1.168518	1.038208
-0.171204	1.490173	-1.093445	1.149292
-0.167542	1.437378	-1.021423	1.251221
-0.160217	1.364136	-0.957031	1.340637
-0.151367	1.269836	-0.899353	1.411133
-0.144348	1.151428	-0.845642	1.462402
-0.142822	1.009216	-0.794373	1.490479
-0.150146	0.845337	-0.742188	1.493530
-0.161743	0.666199	-0.688477	1.471863
-0.175171	0.476379	-0.630493	1.425781
-0.189209	0.282593	-0.576477	1.360474
-0.201111	0.086670	-0.523682	1.281738
-0.206604	-0.110474	-0.467834	1.193542
-0.206909	-0.308228	-0.408325	1.098938
-0.202026	-0.509033	-0.349731	0.999756
-0.194092	-0.709839	-0.290527	0.892944
-0.185242	-0.909119	-0.226440	0.778809
-0.173645	-1.110535	-0.158997	0.664368
-0.154114	-1.309509	-0.087280	0.548401
-0.124207	-1.505127	-0.007629	0.436096
-0.085754	-1.699829	0.080566	0.336609
-0.041199	-1.891785	0.169373	0.252075
0.003662	-2.077026	0.254517	0.182800
0.043335	-2.250977	0.341187	0.125427
0.075989	-2.406616	0.429688	0.075073
0.102844	-2.539978	0.517883	0.029907
0.129395	-2.650146	0.608215	-0.009766
0.154724	-2.730408	0.700378	-0.047302
0.175476	-2.780151	0.794067	-0.083313
0.194702	-2.799683	0.888367	-0.119019
0.211487	-2.793274	0.980835	-0.157166
0.221252	-2.762146	1.065369	-0.202637
0.223999	-2.705994	1.144714	-0.262146
0.220337	-2.628784	1.220398	-0.335388
0.212708	-2.533569	1.291199	-0.416870
0.201416	-2.423706	1.354065	-0.502319
0.190735	-2.306519	1.408386	-0.587463
0.187073	-2.184448	1.448364	-0.667114
0.191345	-2.059021	1.473083	-0.737610
0.198975	-1.931152	1.480713	-0.801392
0.205078	-1.798401	1.470947	-0.862732
0.206299	-1.659546	1.434631	-0.920715
0.197754	-1.514282	1.371460	-0.963745
0.182495	-1.360474	1.293335	-0.990906
0.162354	-1.199341	1.209106	-1.008301
0.140991	-1.034546	1.099548	-1.013489
0.122070	-0.864868	0.965576	-0.999451
0.105286	-0.687561	0.833740	-0.966187
0.082092	-0.504456	0.698547	-0.925598
0.060120	-0.318909	0.556335	-0.881653
0.045166	-0.141602	0.423279	-0.830688
0.025635	0.031433	0.301208	-0.773010
0.005798	0.203552	0.181885	-0.710754
-0.002747	0.373535	0.071411	-0.636902
0.008545	0.528564	-0.021667	-0.554199
0.025330	0.667114	-0.125427	-0.466919
0.036621	0.809326	-0.238953	-0.367432
0.050659	0.947266	-0.341492	-0.260620
0.069885	1.067810	-0.429993	-0.152283
0.079346	1.173096	-0.524902	-0.042114
0.088501	1.256714	-0.620728	0.075989
0.099792	1.327820	-0.710449	0.198975
0.103760	1.402893	-0.809021	0.326538
0.112915	1.459351	-0.910950	0.454102
0.129700	1.488953	-1.010437	0.569153
0.136414	1.506653	-1.107788	0.665588
0.126343	1.519470	-1.207581	0.749512
0.115967	1.514587	-1.297302	0.820618
0.096130	1.486816	-1.380920	0.855408
0.060730	1.463623	-1.455994	0.864868
0.036621	1.440735	-1.510315	0.862122
0.010071	1.408997	-1.545105	0.843201
-0.032043	1.373291	-1.574097	0.820618
-0.079651	1.333618	-1.589050	0.798950
-0.118408	1.290283	-1.579590	0.753784
-0.163574	1.246033	-1.556091	0.688171
-0.220947	1.207275	-1.524963	0.625610
-0.266418	1.163940	-1.472168	0.557556
-0.302124	1.123962	-1.402588	0.481262
-0.339050	1.093750	-1.329956	0.410156
-0.361633	1.058655	-1.244812	0.357666
-0.364990	1.015625	-1.135559	0.322571
-0.366211	0.975647	-1.023560	0.298462
-0.355835	0.937500	-0.913391	0.278625
-0.333557	0.889893	-0.778809	0.257874
-0.317383	0.844116	-0.620728	0.244446
-0.297241	0.796509	-0.462341	0.235901
-0.267639	0.745850	-0.295105	0.216064
-0.236816	0.689392	-0.100708	0.197144
-0.208435	0.634460	0.110168	0.187378
-0.178223	0.582886	0.310059	0.170898
-0.145569	0.530701	0.506592	0.148621
-0.119629	0.482788	0.708923	0.120850
-0.101318	0.444641	0.903320	0.077820
-0.086670	0.412292	1.083679	0.027466
-0.075073	0.372620	1.251526	-0.022888
-0.064087	0.337219	1.411743	-0.072632
-0.051575	0.298767	1.560974	-0.118103
-0.041199	0.232239	1.685181	-0.159607
-0.026550	0.146179	1.777954	-0.201111
-0.006409	0.050354	1.845398	-0.245972
0.006409	-0.054321	1.892090	-0.292969
0.008850	-0.178833	1.908875	-0.347290
0.007629	-0.316772	1.893616	-0.404663
0.006714	-0.462036	1.865234	-0.461731
0.007019	-0.611877	1.826782	-0.521851
0.007935	-0.774841	1.763000	-0.581055
0.001221	-0.945435	1.676941	-0.631409
-0.005188	-1.098022	1.585999	-0.675659
-0.006714	-1.245117	1.490173	-0.721741
-0.018005	-1.392212	1.384888	-0.765991
-0.041809	-1.529541	1.280823	-0.804138
-0.058289	-1.641235	1.188660	-0.841980
-0.065918	-1.732178	1.097412	-0.875549
-0.077515	-1.799011	1.004333	-0.903320
-0.081787	-1.834717	0.916138	-0.924072
-0.072327	-1.835632	0.832214	-0.931702
-0.061340	-1.811829	0.746460	-0.922546
-0.058594	-1.765137	0.657654	-0.907898
-0.053406	-1.678162	0.574951	-0.886841
-0.040283	-1.553040	0.497131	-0.853882
-0.021667	-1.399841	0.414124	-0.810547
-0.002441	-1.219482	0.327759	-0.764160
0.024109	-1.015320	0.246277	-0.695801
0.057068	-0.794373	0.166321	-0.607300
0.088501	-0.566711	0.077820	-0.513916
0.118713	-0.338745	-0.012512	-0.415955
0.139465	-0.104980	-0.101013	-0.308838
0.155334	0.135498	-0.186462	-0.199890
0.168457	0.364685	-0.267944	-0.101624
0.174255	0.581055	-0.352173	-0.016785
0.175781	0.796814	-0.429993	0.058289
0.172119	1.005249	-0.502930	0.123291
0.157776	1.192322	-0.582275	0.172119
0.138855	1.350708	-0.657043	0.204773
0.121155	1.483459	-0.716858	0.218506
0.102844	1.602173	-0.769653	0.216370
0.080872	1.710205	-0.819092	0.200500
0.057068	1.791382	-0.859070	0.172119
0.033875	1.860657	-0.898438	0.142212
0.016785	1.927185	-0.942688	0.114441
0.002747	1.977844	-0.989380	0.087585
-0.014343	2.010498	-1.033936	0.065613
-0.027771	2.031250	-1.083374	0.050964
-0.037842	2.047119	-1.130676	0.037231
-0.044250	2.060547	-1.176147	0.024109
-0.051575	2.068787	-1.219482	0.009766
-0.055847	2.077942	-1.249695	-0.007935
-0.054321	2.088928	-1.267700	-0.024109
-0.055237	2.093811	-1.276855	-0.040283
-0.062561	2.092590	-1.272583	-0.046997
-0.066528	2.089233	-1.247864	-0.047607
-0.068054	2.086792	-1.206665	-0.049744
-0.078125	2.087097	-1.148071	-0.049438
-0.087891	2.075195	-1.061401	-0.046997
-0.090027	2.056274	-0.949707	-0.042725
-0.093384	2.034607	-0.823364	-0.032654
-0.095520	2.000427	-0.690613	-0.017090
-0.087280	1.955566	-0.544128	-0.004272
-0.075073	1.905823	-0.387268	0.006714
-0.066528	1.840515	-0.224915	0.021667
-0.055847	1.752319	-0.064392	0.043030
-0.041809	1.655579	0.088501	0.068359
-0.021667	1.550903	0.242310	0.095520
-0.007629	1.427612	0.393677	0.123596
0.000916	1.284180	0.531006	0.156860
0.013428	1.126709	0.647888	0.193481
0.031433	0.955811	0.745544	0.228577
0.044861	0.767822	0.825806	0.255737
0.054932	0.564575	0.892334	0.281067
0.068970	0.357361	0.942993	0.304565
0.077515	0.145264	0.982666	0.320435
0.080872	-0.071106	1.015015	0.332336
0.083923	-0.284729	1.033630	0.342712
0.089722	-0.494385	1.040649	0.347595
0.097351	-0.702820	1.038208	0.344238
0.102844	-0.899963	1.036072	0.337524
0.109863	-1.091919	1.034241	0.328674
0.112000	-1.271667	1.031189	0.318298
0.119324	-1.434021	1.031189	0.311890
0.130615	-1.582031	1.037598	0.311279
0.141907	-1.719055	1.051331	0.320435
0.157471	-1.844788	1.066284	0.338745
0.179443	-1.954651	1.078491	0.359802
0.202332	-2.049255	1.081848	0.384827
0.223083	-2.132874	1.076965	0.415955
0.244141	-2.202759	1.065674	0.449219
0.259399	-2.253723	1.048279	0.483398
0.266724	-2.286682	1.022034	0.519409
0.268555	-2.301025	0.986633	0.549316
0.265808	-2.292480	0.944824	0.575562
0.255432	-2.261963	0.892639	0.593872
0.237732	-2.209778	0.827637	0.600891
0.214844	-2.137146	0.758362	0.599670
0.188293	-2.045288	0.687256	0.589905
0.154724	-1.928711	0.610046	0.562134
0.117188	-1.790771	0.531616	0.523071
0.079956	-1.634216	0.444946	0.474854
0.041504	-1.462708	0.353699	0.413513
0.003967	-1.275330	0.258484	0.345459
-0.030823	-1.081238	0.160522	0.275574
-0.062561	-0.885315	0.060425	0.205383
-0.088501	-0.695801	-0.042419	0.130615
-0.111389	-0.505066	-0.143127	0.054626
-0.131226	-0.312195	-0.242615	-0.019531
-0.142212	-0.128174	-0.341492	-0.086975
-0.145569	0.039978	-0.443726	-0.148926
-0.150452	0.198669	-0.541687	-0.204468
-0.151367	0.341492	-0.630798	-0.248718
-0.145569	0.459900	-0.716248	-0.280762
-0.141296	0.567322	-0.803528	-0.301819
-0.134583	0.666809	-0.882568	-0.313416
-0.120239	0.757141	-0.947571	-0.314941
-0.106506	0.836182	-1.003113	-0.306702
-0.092773	0.908203	-1.049194	-0.287476
-0.078430	0.980835	-1.080017	-0.264587
-0.063782	1.052246	-1.094055	-0.233765
-0.049438	1.121521	-1.100464	-0.191345
-0.032654	1.178284	-1.096497	-0.145874
-0.013428	1.231384	-1.077576	-0.104980
0.010986	1.282349	-1.050110	-0.065918
0.038147	1.325989	-1.021729	-0.026550
0.065002	1.355286	-0.988464	0.008240
0.090027	1.369324	-0.951233	0.036926
0.116882	1.365662	-0.916748	0.060120
0.148926	1.336365	-0.887146	0.083923
0.176697	1.283569	-0.859070	0.103455
0.197144	1.213379	-0.833740	0.117493
0.215149	1.121521	-0.807800	0.128479
0.227356	1.002502	-0.782776	0.135193
0.226746	0.865479	-0.761414	0.142822
0.219421	0.709534	-0.738525	0.145874
0.208740	0.538635	-0.714417	0.140381
0.193176	0.356140	-0.691528	0.126343
0.172119	0.167847	-0.665894	0.105896
0.148926	-0.021667	-0.628967	0.081177
0.123901	-0.208130	-0.582581	0.050659
0.096741	-0.389709	-0.533752	0.016174
0.068359	-0.558167	-0.470276	-0.026550
0.040283	-0.720520	-0.391541	-0.070801
0.016174	-0.874329	-0.302429	-0.107727
-0.007019	-1.017151	-0.207520	-0.136108
-0.024109	-1.144714	-0.108643	-0.159912
-0.032654	-1.260986	-0.003662	-0.180054
-0.035706	-1.366577	0.104675	-0.195618
-0.031738	-1.453857	0.210571	-0.198975
-0.024109	-1.529236	0.312805	-0.198059
-0.015869	-1.591797	0.408936	-0.191040
-0.005798	-1.637268	0.499878	-0.173035
0.014038	-1.667480	0.586243	-0.144958
0.037537	-1.674194	0.665588	-0.110474
0.060730	-1.657715	0.737915	-0.068054
0.082092	-1.625671	0.806885	-0.019226
0.099792	-1.582642	0.878296	0.037231
0.112000	-1.523132	0.948486	0.093079
0.118103	-1.449890	1.014099	0.147095
0.119629	-1.366882	1.078796	0.193481
0.115051	-1.277771	1.143799	0.234985
0.106506	-1.177368	1.203308	0.270996
0.091858	-1.070862	1.255493	0.293579
0.073547	-0.968628	1.295776	0.301514
0.053406	-0.863342	1.321716	0.303345
0.028687	-0.755920	1.331787	0.298767
0.000610	-0.647278	1.323853	0.285645
-0.030212	-0.538635	1.297607	0.267639
-0.064087	-0.437927	1.253357	0.245056
-0.099792	-0.347290	1.188660	0.221558
-0.137024	-0.261841	1.103210	0.198059
-0.173340	-0.184021	1.000977	0.178833
-0.208435	-0.112610	0.885620	0.165100
-0.239868	-0.040588	0.759888	0.150452
-0.267029	0.035706	0.626221	0.135193
-0.291138	0.115662	0.483398	0.122681
-0.313416	0.199280	0.338745	0.109558
-0.328369	0.285645	0.198364	0.090942
-0.339355	0.375366	0.060730	0.064392
-0.351868	0.471191	-0.073547	0.034790
-0.360718	0.570374	-0.199585	0.004272
-0.361938	0.668335	-0.312195	-0.031433
-0.360413	0.770569	-0.413513	-0.071716
-0.354004	0.873413	-0.495300	-0.108948
-0.338135	0.973816	-0.560608	-0.143433
-0.318604	1.078796	-0.615540	-0.172119
-0.301514	1.183472	-0.663452	-0.191650
-0.278015	1.282349	-0.701294	-0.201721
-0.247803	1.372681	-0.733337	-0.203857
-0.216675	1.454163	-0.760193	-0.194702
-0.183105	1.525574	-0.784912	-0.172729
-0.145874	1.585388	-0.809326	-0.140991
-0.108337	1.628418	-0.837402	-0.097656
-0.069580	1.654053	-0.868530	-0.045776
-0.026855	1.661987	-0.895996	0.005188
0.011292	1.652527	-0.921326	0.056152
0.043640	1.629028	-0.946960	0.106506
0.072937	1.593933	-0.968933	0.149536
0.100098	1.548462	-0.978394	0.184326
0.121460	1.489868	-0.981140	0.208130
0.139160	1.423035	-0.981445	0.215454
0.148926	1.347656	-0.970764	0.205688
0.146790	1.262817	-0.948181	0.187073
0.137024	1.171265	-0.921326	0.155334
0.125732	1.074524	-0.889893	0.109558
0.112305	0.972290	-0.853271	0.048523
0.093079	0.868835	-0.814514	-0.025024
0.075989	0.768433	-0.772705	-0.098877
0.063782	0.663147	-0.725403	-0.173340
0.050964	0.553589	-0.673828	-0.247498
0.039368	0.444336	-0.615845	-0.315857
0.031433	0.337219	-0.548706	-0.377808
0.026550	0.228882	-0.476379	-0.435181
0.021973	0.120850	-0.397644	-0.491638
0.022888	0.014648	-0.308838	-0.543823
0.027161	-0.086365	-0.213013	-0.591736
0.032043	-0.177917	-0.113831	-0.635071
0.034485	-0.262756	-0.006714	-0.671082
0.036011	-0.339966	0.108032	-0.700073
0.031128	-0.404968	0.222473	-0.727844
0.021057	-0.457458	0.335083	-0.750427
0.005188	-0.496216	0.444641	-0.765076
-0.017090	-0.526123	0.554504	-0.775757
-0.041809	-0.546570	0.661926	-0.788269
-0.065613	-0.559387	0.764465	-0.799866
-0.091248	-0.563965	0.863342	-0.807190
-0.119324	-0.566406	0.955200	-0.811157
-0.144348	-0.564270	1.034851	-0.813599
-0.161438	-0.561523	1.105652	-0.818176
-0.177002	-0.561829	1.171265	-0.819702
-0.190125	-0.570679	1.228027	-0.814514
-0.196228	-0.586853	1.274414	-0.806274
-0.195923	-0.612183	1.308594	-0.791321
-0.191345	-0.646362	1.329651	-0.766907
-0.181580	-0.686646	1.334229	-0.733643
-0.171204	-0.735779	1.325684	-0.692139
-0.161133	-0.789795	1.298828	-0.641479
-0.152588	-0.841370	1.252441	-0.582581
-0.147705	-0.889587	1.191406	-0.515442
-0.144043	-0.932007	1.121216	-0.438232
-0.144043	-0.963135	1.041260	-0.351257
-0.146484	-0.978088	0.950012	-0.258484
-0.147400	-0.974731	0.847778	-0.162659
-0.146484	-0.956116	0.737305	-0.070190
-0.147400	-0.923462	0.621948	0.027161
-0.147705	-0.877380	0.504456	0.126343
-0.147095	-0.820007	0.386963	0.220947
-0.147705	-0.752563	0.273743	0.311890
-0.147400	-0.679626	0.168457	0.402832
-0.140076	-0.600281	0.069580	0.491333
-0.124512	-0.510864	-0.022888	0.577087
-0.105591	-0.414734	-0.109253	0.661926
-0.086365	-0.317078	-0.192871	0.744934
-0.061951	-0.217285	-0.277405	0.824890
-0.035095	-0.115356	-0.360107	0.902405
-0.011292	-0.012817	-0.436096	0.972595
0.008850	0.083618	-0.509338	1.033936
0.025330	0.178528	-0.579834	1.085510
0.035400	0.274048	-0.646057	1.124268
0.039063	0.363770	-0.708313	1.143494
0.034485	0.443115	-0.764465	1.147461
0.021362	0.509949	-0.818176	1.137695
0.004272	0.567017	-0.869751	1.111755
-0.015869	0.618286	-0.915527	1.067505
-0.036621	0.668030	-0.955811	1.006470
-0.052490	0.713501	-0.992737	0.928040
-0.064697	0.751038	-1.025085	0.830994
-0.073242	0.783081	-1.049194	0.726013
-0.078735	0.808105	-1.067505	0.614624
-0.079346	0.822449	-1.080322	0.498047
-0.075073	0.831909	-1.085510	0.380554
-0.066528	0.835571	-1.080627	0.267029
-0.054932	0.833740	-1.066895	0.160828
-0.040283	0.827942	-1.044617	0.067139
-0.023193	0.819702	-1.013184	-0.011292
-0.003967	0.809021	-0.975952	-0.077209
0.015259	0.790405	-0.930481	-0.128174
0.036316	0.765381	-0.874634	-0.165710
0.055847	0.734863	-0.811768	-0.193787
0.075378	0.697937	-0.744019	-0.216980
0.098267	0.654602	-0.668030	-0.239868
0.122986	0.611267	-0.577393	-0.264282
0.148621	0.568542	-0.475159	-0.288086
0.172729	0.520020	-0.367126	-0.310059
0.193481	0.466614	-0.250549	-0.329285
0.210876	0.410461	-0.122986	-0.345154
0.224609	0.354919	0.012207	-0.356445
0.235901	0.297241	0.152283	-0.364685
0.245056	0.239258	0.289307	-0.370483
0.249329	0.184937	0.417786	-0.372009
0.250549	0.131531	0.535278	-0.372620
0.250854	0.079041	0.639648	-0.368958
0.249634	0.022583	0.726318	-0.363159
0.245361	-0.040894	0.791626	-0.356140
0.238342	-0.105896	0.833130	-0.348206
0.228882	-0.179443	0.853577	-0.335693
0.217590	-0.260925	0.853882	-0.325317
0.203247	-0.356445	0.838928	-0.316772
0.186768	-0.466003	0.811462	-0.310364
0.167236	-0.585632	0.773315	-0.303040
0.145874	-0.714111	0.727844	-0.293884
0.124817	-0.855408	0.679932	-0.286560
0.106201	-1.003418	0.630798	-0.286560
0.086975	-1.152954	0.579834	-0.292358
0.067139	-1.298218	0.529480	-0.298767
0.046997	-1.435852	0.483398	-0.305176
0.025940	-1.564331	0.439148	-0.311279
0.005798	-1.678467	0.396118	-0.316162
-0.008850	-1.777039	0.355530	-0.315552
-0.022888	-1.853027	0.316772	-0.301208
-0.034790	-1.907043	0.274658	-0.270996
-0.041809	-1.944885	0.230713	-0.227051
-0.042725	-1.962585	0.187073	-0.172424
-0.042419	-1.961670	0.142517	-0.101624
-0.041504	-1.943970	0.095520	-0.019226
-0.034790	-1.914978	0.047302	0.070496
-0.025635	-1.871948	-0.003662	0.166016
-0.014648	-1.811829	-0.054932	0.264893
-0.001526	-1.739197	-0.103760	0.365295
0.009766	-1.651306	-0.152283	0.465088
0.016785	-1.546936	-0.202942	0.563354
0.025940	-1.431274	-0.249634	0.652161
0.030823	-1.304321	-0.289307	0.729370
0.025940	-1.168823	-0.327454	0.795288
0.014954	-1.029358	-0.365295	0.847778
0.001831	-0.885315	-0.398865	0.884399
-0.016479	-0.737000	-0.424805	0.904846
-0.039368	-0.592651	-0.443726	0.907593
-0.063171	-0.450134	-0.459900	0.894470
