2020/1/9 9:25:32 40us
CH1			CH2			CH3			CH4
-0.007935	0.027771	0.016174	0.001221
-0.007629	0.027771	0.016174	0.000610
-0.007324	0.028076	0.016479	0.000305
-0.007324	0.027466	0.016479	0.000916
-0.007324	0.027771	0.016174	0.001221
-0.007324	0.028076	0.016785	0.001221
-0.007324	0.028076	0.016479	0.001221
-0.007324	0.028076	0.016479	0.001221
-0.007019	0.028992	0.016479	0.001221
-0.007324	0.028687	0.016785	0.000916
-0.007324	0.029297	0.016174	0.001526
-0.007629	0.029602	0.016479	0.001526
-0.007324	0.029907	0.016785	0.000916
-0.007324	0.029602	0.016785	0.001221
-0.007324	0.029907	0.016785	0.001221
-0.007019	0.029907	0.017090	0.001221
-0.007019	0.029297	0.017090	0.001526
-0.007019	0.029297	0.016785	0.001526
-0.007019	0.029297	0.016785	0.001831
-0.007629	0.029297	0.017090	0.001831
-0.007324	0.029602	0.017090	0.001221
-0.007019	0.029907	0.017090	0.001221
-0.007019	0.030212	0.016785	0.001221
-0.007019	0.029907	0.016785	0.001221
-0.007019	0.029907	0.016785	0.001221
-0.007019	0.029297	0.016785	0.001526
-0.007019	0.029602	0.017090	0.000916
-0.006714	0.029907	0.016785	0.001526
-0.006714	0.029602	0.017090	0.001831
-0.007019	0.029602	0.017090	0.001831
-0.007019	0.029602	0.016479	0.001526
-0.007019	0.029907	0.016785	0.002136
-0.007324	0.029907	0.016785	0.001831
-0.007019	0.029907	0.017395	0.001831
-0.007324	0.029907	0.016479	0.001831
-0.006714	0.029907	0.017090	0.001831
-0.006714	0.030212	0.017090	0.001221
-0.007019	0.030212	0.016785	0.000916
-0.007019	0.030518	0.016785	0.000916
-0.006714	0.029907	0.017395	0.001221
-0.007019	0.030212	0.017090	0.001526
-0.007019	0.029907	0.017090	0.001526
-0.007019	0.033569	0.016479	0.001831
-0.007324	0.175476	0.016785	0.001831
-0.007324	0.326538	0.017395	0.002136
-0.007019	0.353088	0.017090	0.001831
-0.007019	0.264893	0.016785	0.001221
-0.007019	-0.064697	0.020752	0.000916
-0.001831	-0.458984	0.002747	0.001526
-0.003052	-0.879517	0.023499	0.000305
-0.037537	-1.323547	0.034790	0.005798
-0.010986	-1.807251	0.050049	-0.010376
0.019836	-2.319336	0.060730	0.005798
0.063171	-2.817993	0.075378	0.024109
0.119324	-3.305664	0.023804	0.028992
0.037842	-3.789063	-0.118103	-0.062561
-0.070801	-4.255676	-0.216370	-0.079651
-0.168457	-4.684143	-0.268555	-0.014954
-0.219727	-5.067749	-0.303040	0.031128
-0.214844	-5.428772	-0.328369	0.069885
-0.178528	-5.759277	-0.382996	0.115356
-0.174561	-6.014099	-0.459290	0.116882
-0.178528	-6.209717	-0.571899	0.102844
-0.155945	-6.428223	-0.644836	0.117798
-0.118713	-6.554871	-0.669556	0.151062
-0.040588	-6.682434	-0.643005	0.147095
0.050354	-6.799927	-0.508423	0.072937
0.155945	-6.788025	-0.306091	-0.035400
0.225830	-6.700745	-0.074768	-0.183716
0.313110	-6.601563	0.193787	-0.329285
0.384216	-6.461792	0.537109	-0.453796
0.401306	-6.290894	0.978394	-0.500488
0.425720	-6.038513	1.532898	-0.523071
0.418396	-5.621033	2.128601	-0.534668
0.396118	-5.016174	2.644348	-0.487366
0.382996	-4.329529	3.075256	-0.456543
0.389709	-3.603516	3.510742	-0.431213
0.418396	-2.844849	3.968506	-0.393677
0.420837	-2.100220	4.415894	-0.390930
0.380859	-1.382446	4.832764	-0.416260
0.325317	-0.658264	5.137939	-0.411377
0.255737	0.058899	5.288391	-0.378113
0.200195	0.753479	5.371704	-0.358887
0.161133	1.419678	5.349426	-0.408020
0.108643	2.040405	5.316467	-0.424805
0.058289	2.614746	5.220642	-0.317078
0.008240	3.098755	4.982605	-0.115051
-0.044556	3.524170	4.616394	0.112000
-0.090637	3.876343	4.076233	0.306091
-0.118408	4.132080	3.392029	0.453796
-0.116577	4.297485	2.643127	0.609131
-0.106812	4.400635	1.834717	0.806885
-0.083618	4.482117	0.944214	1.101990
-0.046082	4.530945	-0.008850	1.425781
-0.042114	4.536133	-0.959778	1.759644
-0.063782	4.526978	-1.900940	2.110901
-0.077515	4.479370	-2.839355	2.355042
-0.097961	4.367981	-3.750305	2.533264
-0.131836	4.260254	-4.612732	2.629395
-0.163574	4.196777	-5.362244	2.625732
-0.198364	4.113159	-5.955505	2.563477
-0.243530	3.978577	-6.437988	2.404785
-0.312805	3.807678	-6.829529	2.167053
-0.383606	3.597107	-7.185669	1.874084
-0.456238	3.423157	-7.534485	1.568909
-0.533447	3.330688	-7.795105	1.243286
-0.597229	3.301697	-7.947998	0.918884
-0.646973	3.296814	-7.953186	0.580444
-0.640869	3.291931	-7.832947	0.254211
-0.618286	3.264771	-7.616882	-0.019531
-0.604248	3.244629	-7.293091	-0.221252
-0.612488	3.239136	-6.900940	-0.389709
-0.610352	3.237915	-6.443176	-0.578003
-0.572815	3.302917	-5.916138	-0.757446
-0.508118	3.397827	-5.303955	-0.950623
-0.408630	3.498535	-4.636230	-1.125793
-0.332031	3.609619	-3.924255	-1.245728
-0.267334	3.721924	-3.201904	-1.386108
-0.179443	3.829651	-2.473755	-1.537781
-0.088501	3.891602	-1.781921	-1.690063
0.007629	3.890991	-1.150513	-1.855469
0.112000	3.832397	-0.561218	-1.961975
0.182800	3.733826	-0.036316	-2.023621
0.238647	3.622131	0.457458	-2.050476
0.308228	3.464661	0.948181	-2.050476
0.365295	3.280640	1.416321	-2.033081
0.436401	3.059387	1.834106	-1.988525
0.502014	2.831421	2.145691	-1.906433
0.548401	2.602234	2.382813	-1.779480
0.574341	2.355042	2.579041	-1.604309
0.592651	2.065735	2.730408	-1.408081
0.617065	1.726685	2.864685	-1.186523
0.639648	1.340942	2.972412	-0.942078
0.671387	0.912170	3.037109	-0.695496
0.683899	0.452881	3.032227	-0.429382
0.679016	-0.083313	2.971497	-0.173950
0.664368	-0.688171	2.868958	0.058899
0.630493	-1.356506	2.741089	0.263672
0.591431	-2.095032	2.605591	0.429077
0.533447	-2.841187	2.476807	0.574341
0.450439	-3.562012	2.357483	0.686035
0.370178	-4.211426	2.215881	0.764465
0.291443	-4.790039	2.048340	0.776367
0.205994	-5.297241	1.854248	0.704041
0.110168	-5.770569	1.661987	0.548706
-0.006409	-6.195068	1.480408	0.349121
-0.130615	-6.567688	1.327515	0.149231
-0.231323	-6.954651	1.222839	-0.043335
-0.325012	-7.269287	1.164551	-0.252380
-0.395508	-7.434082	1.162109	-0.472412
-0.450134	-7.503662	1.231079	-0.680847
-0.494385	-7.473145	1.342468	-0.891418
-0.530396	-7.261963	1.459351	-1.069641
-0.562439	-6.883545	1.604614	-1.206970
-0.562744	-6.412659	1.802673	-1.311951
-0.553894	-5.857849	2.004700	-1.391602
-0.533142	-5.218811	2.215881	-1.459351
-0.503845	-4.492493	2.463074	-1.531067
-0.514526	-3.691711	2.725220	-1.578369
-0.550842	-2.873535	2.951965	-1.567993
-0.591736	-2.047729	3.124084	-1.535339
-0.639038	-1.238708	3.227539	-1.446228
-0.678101	-0.443115	3.262329	-1.242676
-0.688477	0.315552	3.254395	-0.948792
-0.679626	1.029968	3.196716	-0.632935
-0.631104	1.728821	3.095093	-0.291748
-0.562134	2.366028	2.937622	0.099487
-0.492249	2.943115	2.704773	0.506287
-0.419922	3.489380	2.399292	0.906372
-0.355530	3.964539	2.078857	1.341248
-0.281982	4.398804	1.738281	1.820679
-0.196533	4.798584	1.343384	2.297974
-0.095520	5.127869	0.907898	2.716675
-0.002441	5.376587	0.447693	3.083191
0.079041	5.517578	-0.018005	3.404846
0.134888	5.545959	-0.466309	3.677368
0.140991	5.512085	-0.904236	3.886414
0.119324	5.431824	-1.360474	4.016418
0.098267	5.300903	-1.856689	4.038696
0.065002	5.159302	-2.391663	3.926697
0.036316	5.008545	-2.931213	3.683167
-0.000610	4.826965	-3.446350	3.332520
-0.031128	4.617004	-3.922119	2.926636
-0.078125	4.407959	-4.353027	2.473755
-0.156860	4.188232	-4.712830	1.970215
-0.244141	3.943787	-4.977722	1.426392
-0.294495	3.688965	-5.153503	0.870056
-0.308533	3.432312	-5.231323	0.319824
-0.307312	3.193054	-5.203857	-0.232544
-0.290527	2.965393	-5.089111	-0.751343
-0.260315	2.763062	-4.876404	-1.207275
-0.221863	2.574158	-4.564819	-1.607971
-0.174255	2.373352	-4.182434	-1.988831
-0.108032	2.182312	-3.735962	-2.342834
-0.035706	2.028809	-3.253784	-2.636108
0.054321	1.905212	-2.746277	-2.864075
0.167847	1.809387	-2.202148	-3.036194
0.275269	1.728210	-1.636658	-3.155212
0.354309	1.646423	-1.067200	-3.213501
0.401611	1.551208	-0.506897	-3.228149
0.415344	1.466370	0.019226	-3.218079
0.403442	1.404419	0.479126	-3.166809
0.399170	1.353760	0.890808	-3.090515
0.404358	1.303711	1.278687	-2.991638
0.413818	1.265564	1.639404	-2.852783
0.445251	1.229858	1.962585	-2.694397
0.488892	1.190186	2.236023	-2.508240
0.545044	1.149597	2.445984	-2.276917
0.612793	1.098938	2.606506	-2.022095
0.686646	1.033630	2.731628	-1.741638
0.775757	0.956116	2.816772	-1.454468
0.858765	0.860596	2.872925	-1.165771
0.916443	0.725403	2.904053	-0.864868
0.941772	0.527039	2.911682	-0.535278
0.944214	0.246887	2.886658	-0.205078
0.924683	-0.106506	2.815857	0.101929
0.874023	-0.511475	2.702942	0.375671
0.801697	-0.953369	2.557678	0.602722
0.704041	-1.405640	2.371826	0.788574
0.576477	-1.877441	2.173462	0.940247
0.435486	-2.375488	1.978149	1.043091
0.291138	-2.898560	1.789551	1.084290
0.151978	-3.426208	1.604919	1.076050
0.013123	-3.922119	1.433716	1.020813
-0.124207	-4.348145	1.270142	0.929565
-0.259705	-4.697266	1.113586	0.803223
-0.389099	-4.985657	0.988770	0.650330
-0.520630	-5.216064	0.915527	0.491333
-0.642395	-5.379944	0.895996	0.323486
-0.751953	-5.477905	0.925293	0.138550
-0.842590	-5.558472	0.985107	-0.050964
-0.915833	-5.619202	1.049500	-0.242615
-0.972595	-5.600891	1.105347	-0.427856
-1.015015	-5.494080	1.153259	-0.596619
-1.052551	-5.327454	1.179810	-0.740662
-1.081848	-5.075073	1.173096	-0.849304
-1.110229	-4.698181	1.141052	-0.904846
-1.134033	-4.194031	1.094666	-0.902100
-1.134644	-3.622437	1.010437	-0.859680
-1.114807	-3.020020	0.843201	-0.771790
-1.060486	-2.402649	0.628052	-0.629272
-0.977783	-1.800537	0.419312	-0.429993
-0.891113	-1.219788	0.241394	-0.155945
-0.809326	-0.658569	0.072937	0.153503
-0.729675	-0.122986	-0.105286	0.440674
-0.630798	0.378723	-0.306396	0.741272
-0.521851	0.876160	-0.539246	1.113892
-0.404968	1.342163	-0.774841	1.499023
-0.282593	1.781006	-0.987244	1.874084
-0.164490	2.207947	-1.174316	2.264709
-0.050354	2.587891	-1.350098	2.650757
0.064697	2.919312	-1.525269	3.009644
0.179749	3.216858	-1.679077	3.349304
0.296021	3.460388	-1.792297	3.665161
0.399475	3.650513	-1.882935	3.923035
0.476379	3.796997	-1.967773	4.108276
0.526428	3.896790	-2.047119	4.222412
0.565796	3.952026	-2.142029	4.272766
0.590515	3.938904	-2.242432	4.259949
0.588684	3.847046	-2.314148	4.171448
0.572815	3.714600	-2.361145	3.986206
0.546875	3.567505	-2.402344	3.691406
0.517883	3.432312	-2.426147	3.280945
0.498047	3.300171	-2.419434	2.759705
0.483398	3.132324	-2.384338	2.150269
0.490417	2.915955	-2.325745	1.484070
0.498962	2.668762	-2.254639	0.791626
0.469666	2.418518	-2.183533	0.094299
0.423279	2.177429	-2.101135	-0.589905
0.388794	1.936646	-1.996460	-1.249695
0.375061	1.699524	-1.879578	-1.860657
0.363159	1.459656	-1.755066	-2.413940
0.345764	1.206360	-1.627197	-2.897644
0.329895	0.949097	-1.492615	-3.297729
0.311584	0.689392	-1.332703	-3.616333
0.298767	0.406189	-1.135864	-3.865967
0.296021	0.098572	-0.903015	-4.057312
0.288696	-0.192871	-0.645142	-4.195862
0.284424	-0.459290	-0.378113	-4.266663
0.280457	-0.708618	-0.097351	-4.273987
0.279541	-0.932617	0.196228	-4.227600
0.279846	-1.126709	0.492554	-4.123840
0.285339	-1.286621	0.783997	-3.959045
0.310669	-1.406860	1.061707	-3.738403
0.343323	-1.489563	1.295471	-3.468018
0.362854	-1.553040	1.481628	-3.148804
0.382996	-1.609497	1.644287	-2.789001
0.403137	-1.650696	1.794128	-2.398682
0.426636	-1.660461	1.929932	-1.994934
0.469971	-1.646729	2.048645	-1.590271
0.536804	-1.629333	2.122803	-1.174622
0.617676	-1.603088	2.136841	-0.739136
0.702820	-1.541748	2.106323	-0.304260
0.775452	-1.452332	2.045593	0.103455
0.830078	-1.352539	1.972656	0.469360
0.874634	-1.263733	1.905212	0.791016
0.917053	-1.200256	1.844482	1.093445
0.943909	-1.167603	1.780090	1.383667
0.950623	-1.184998	1.703491	1.647339
0.932312	-1.250000	1.627197	1.856689
0.874939	-1.339417	1.560669	1.993408
0.784607	-1.467285	1.497498	2.063293
0.667725	-1.632690	1.429138	2.084961
0.515747	-1.821899	1.358337	2.077942
0.334167	-2.010193	1.298218	2.036438
0.133057	-2.178650	1.246338	1.943970
-0.077209	-2.298584	1.203613	1.812439
-0.289001	-2.361755	1.158142	1.649170
-0.494385	-2.385864	1.105957	1.454468
-0.681152	-2.377930	1.048279	1.250916
-0.856934	-2.350159	0.986633	1.041870
-1.014404	-2.306824	0.931396	0.827026
-1.149597	-2.240295	0.885925	0.604858
-1.263123	-2.155762	0.838013	0.394287
-1.348877	-2.040710	0.776062	0.220947
-1.403198	-1.879883	0.686646	0.084839
-1.429749	-1.682434	0.564270	-0.014648
-1.443176	-1.459961	0.404358	-0.094910
-1.449585	-1.217957	0.210266	-0.156860
-1.442871	-0.954285	-0.007629	-0.181580
-1.412964	-0.657959	-0.240479	-0.167847
-1.361389	-0.334167	-0.490112	-0.123901
-1.284180	0.014648	-0.758972	-0.051270
-1.185303	0.383301	-1.044922	0.046082
-1.077576	0.744324	-1.330872	0.178833
-0.968018	1.086426	-1.603699	0.350952
-0.852661	1.408386	-1.860046	0.558472
-0.741577	1.699219	-2.087402	0.794373
-0.630798	1.954651	-2.279053	1.048889
-0.514832	2.175598	-2.431030	1.316528
-0.399475	2.371216	-2.536316	1.589966
-0.281982	2.539673	-2.598267	1.854858
-0.168457	2.685547	-2.605591	2.098694
-0.069580	2.816162	-2.561340	2.316284
0.016479	2.926636	-2.472839	2.508240
0.099792	3.008728	-2.341919	2.656860
0.186768	3.057861	-2.178040	2.754822
0.274658	3.081970	-1.984863	2.778931
0.351563	3.085327	-1.763000	2.726135
0.408020	3.072510	-1.520081	2.607727
0.451965	3.039246	-1.264954	2.439880
0.486145	2.966003	-1.018372	2.215576
0.508423	2.852783	-0.785522	1.930542
0.517883	2.711182	-0.556946	1.582947
0.520630	2.557068	-0.349731	1.172180
0.520630	2.405396	-0.176086	0.701599
0.517883	2.245789	-0.025940	0.186157
0.521545	2.076721	0.101929	-0.357666
0.532227	1.905823	0.204773	-0.910950
0.543518	1.729431	0.283508	-1.465149
0.541687	1.546936	0.338745	-2.010498
0.534973	1.372070	0.369568	-2.518311
0.534973	1.200562	0.377502	-2.974854
0.540161	1.022949	0.378113	-3.372192
0.534363	0.840149	0.392761	-3.705139
0.504761	0.651245	0.419922	-3.971863
0.452881	0.454712	0.453796	-4.168701
0.395203	0.251770	0.489197	-4.293823
0.340576	0.042725	0.526733	-4.347534
0.295715	-0.169373	0.569763	-4.334412
0.260010	-0.379639	0.609131	-4.268494
0.220337	-0.588989	0.641785	-4.151306
0.176086	-0.793457	0.686340	-3.980408
0.131531	-0.983276	0.731506	-3.754578
0.093384	-1.156921	0.771790	-3.469849
0.064392	-1.301880	0.811462	-3.134460
0.052185	-1.413269	0.846863	-2.766418
0.063477	-1.492310	0.881653	-2.384949
0.097046	-1.537170	0.916443	-1.994019
0.145874	-1.553955	0.951843	-1.597290
0.201416	-1.546326	0.981445	-1.200256
0.265503	-1.510010	1.009827	-0.798645
0.337524	-1.445007	1.044922	-0.399475
0.413513	-1.352539	1.087646	-0.032043
0.496826	-1.231384	1.127625	0.299072
0.580750	-1.083069	1.156006	0.592346
0.650024	-0.912476	1.169739	0.854797
0.695190	-0.731506	1.178894	1.089172
0.714417	-0.552063	1.184998	1.289673
0.704956	-0.371399	1.200256	1.461182
0.666504	-0.193787	1.226196	1.604004
0.596313	-0.023499	1.256104	1.717834
0.499268	0.135193	1.288147	1.809387
0.378418	0.270996	1.325378	1.869507
0.233459	0.376587	1.366882	1.896973
0.070496	0.455017	1.415405	1.897278
-0.104065	0.515747	1.464233	1.874390
-0.291443	0.566711	1.506348	1.842346
-0.487366	0.610962	1.544189	1.799622
-0.675354	0.656128	1.572571	1.742249
-0.846558	0.704956	1.573486	1.672363
-1.000061	0.753174	1.548767	1.602478
-1.132813	0.788574	1.503601	1.543579
-1.241760	0.812988	1.427307	1.499023
-1.320801	0.839539	1.318054	1.460266
-1.365967	0.867920	1.178284	1.422729
-1.385803	0.892944	1.003113	1.391602
-1.385803	0.914307	0.785522	1.363831
-1.367188	0.934448	0.526428	1.347351
-1.332703	0.960083	0.238342	1.346130
-1.285095	0.995178	-0.078125	1.354980
-1.223755	1.032715	-0.421448	1.366882
-1.144104	1.058044	-0.787964	1.380005
-1.055908	1.067200	-1.166992	1.398926
-0.956421	1.061096	-1.541443	1.424561
-0.842285	1.046753	-1.898193	1.448364
-0.720520	1.030884	-2.208252	1.470947
-0.601807	1.011658	-2.452393	1.493225
-0.475464	0.975037	-2.613525	1.520386
-0.343933	0.921326	-2.693787	1.551514
-0.216980	0.855713	-2.704163	1.589355
-0.098572	0.794373	-2.650146	1.625977
0.012512	0.748291	-2.540283	1.658325
0.117798	0.708923	-2.376099	1.682434
0.221252	0.664368	-2.157593	1.697388
0.323792	0.609436	-1.888123	1.695251
0.411987	0.546875	-1.583862	1.670837
0.483704	0.475464	-1.259155	1.617432
0.541687	0.390320	-0.916443	1.523438
0.587158	0.295410	-0.563965	1.377258
0.635071	0.187988	-0.218506	1.188660
0.673523	0.068665	0.108948	0.960693
0.703430	-0.051880	0.414734	0.694580
0.722351	-0.160217	0.691528	0.402527
0.736389	-0.251465	0.943298	0.084839
0.744934	-0.327759	1.164551	-0.252380
0.756531	-0.384827	1.341248	-0.585632
0.773315	-0.427551	1.477356	-0.929565
0.786133	-0.458679	1.566162	-1.274414
0.785522	-0.483398	1.614075	-1.610413
0.770874	-0.500488	1.636963	-1.934814
0.746460	-0.519714	1.636963	-2.237549
0.711060	-0.545349	1.600952	-2.511292
0.665894	-0.578003	1.529236	-2.755432
0.615845	-0.610962	1.436157	-2.967834
0.558777	-0.645752	1.318359	-3.146057
0.488586	-0.691528	1.177063	-3.285828
0.412292	-0.747375	1.020813	-3.377686
0.332947	-0.815430	0.854187	-3.430176
0.257263	-0.898743	0.680847	-3.447571
0.187988	-0.995178	0.505371	-3.428650
0.124207	-1.109924	0.329895	-3.369141
0.064087	-1.236267	0.158386	-3.268127
0.007019	-1.375427	-0.014038	-3.126221
-0.032959	-1.530151	-0.178833	-2.947693
-0.055542	-1.692810	-0.323486	-2.736206
-0.069275	-1.850281	-0.458984	-2.499695
-0.072632	-1.994324	-0.594482	-2.239380
-0.058594	-2.109070	-0.714111	-1.958008
-0.030212	-2.182617	-0.810547	-1.665344
0.010681	-2.213440	-0.890198	-1.372681
0.064392	-2.209778	-0.949402	-1.079407
0.131531	-2.181396	-0.982666	-0.781860
0.203247	-2.125854	-0.996399	-0.481873
0.272522	-2.046814	-0.992737	-0.191650
0.343018	-1.954041	-0.966187	0.077209
0.411987	-1.850891	-0.923157	0.322876
0.458069	-1.719360	-0.873413	0.546570
0.481873	-1.554871	-0.812683	0.750122
0.497131	-1.359863	-0.736694	0.938721
0.491333	-1.139221	-0.652466	1.105347
0.461731	-0.895386	-0.563354	1.250610
0.414429	-0.628052	-0.463562	1.378479
0.345154	-0.332336	-0.348511	1.488647
0.259399	-0.028381	-0.220947	1.582031
0.166931	0.270386	-0.080566	1.653442
0.073242	0.561218	0.069885	1.708069
-0.036926	0.844727	0.226440	1.755676
-0.158081	1.103821	0.383606	1.800842
-0.275879	1.321716	0.532837	1.832275
-0.396118	1.504822	0.668335	1.851807
-0.511780	1.662292	0.772400	1.871643
-0.608521	1.785889	0.839844	1.893921
-0.694885	1.867981	0.861206	1.906738
-0.776062	1.904907	0.834656	1.907349
-0.841675	1.910706	0.769958	1.898193
-0.885620	1.882935	0.671692	1.883850
-0.925293	1.816101	0.527039	1.867676
-0.955200	1.722717	0.339050	1.849060
-0.964355	1.609192	0.122681	1.821594
-0.956116	1.474609	-0.113525	1.781616
-0.936890	1.328125	-0.365601	1.733704
-0.899353	1.175842	-0.618896	1.679077
-0.845337	1.015320	-0.862732	1.618347
-0.777893	0.845947	-1.102905	1.553040
-0.701904	0.667419	-1.330566	1.478882
-0.625916	0.480957	-1.513977	1.395569
-0.545044	0.286255	-1.644287	1.300049
-0.458679	0.080872	-1.737976	1.182251
-0.368042	-0.132751	-1.790466	1.047058
-0.276184	-0.353088	-1.780701	0.905762
-0.183411	-0.570068	-1.707458	0.774536
-0.088501	-0.777893	-1.588745	0.649109
0.003967	-0.974426	-1.416931	0.526733
0.096130	-1.152344	-1.192322	0.410156
0.188293	-1.296692	-0.925598	0.303650
0.278015	-1.420288	-0.639038	0.208740
0.361633	-1.527405	-0.331726	0.117188
0.442200	-1.606445	0.000305	0.022583
0.514526	-1.668396	0.347290	-0.075073
0.582581	-1.712036	0.688782	-0.177307
0.650024	-1.728821	1.012878	-0.287781
0.718384	-1.711731	1.325073	-0.409546
0.771484	-1.666870	1.598511	-0.540771
0.809021	-1.604004	1.825867	-0.684204
0.831299	-1.517334	2.023621	-0.837708
0.836182	-1.395569	2.189331	-0.995178
0.831604	-1.250916	2.312622	-1.152344
0.814819	-1.101685	2.389221	-1.305847
0.781250	-0.937500	2.421570	-1.447144
0.739441	-0.757446	2.411804	-1.582642
0.695190	-0.585632	2.356567	-1.717224
0.633545	-0.428162	2.257996	-1.846008
0.555725	-0.284729	2.129517	-1.960754
0.482178	-0.152893	1.971130	-2.066345
0.408020	-0.036621	1.780701	-2.151489
0.327759	0.060425	1.562195	-2.215576
0.252686	0.143127	1.319275	-2.260437
0.182800	0.209351	1.057129	-2.283936
0.109253	0.249634	0.780029	-2.276611
0.035095	0.264587	0.498352	-2.243958
-0.030518	0.259094	0.227966	-2.191162
-0.086975	0.226440	-0.031738	-2.120667
-0.134888	0.166931	-0.283203	-2.042542
-0.173645	0.084229	-0.520325	-1.958618
-0.201416	-0.018005	-0.740051	-1.859436
-0.213623	-0.124512	-0.952759	-1.745605
-0.215454	-0.227356	-1.158447	-1.624756
-0.209961	-0.322266	-1.349792	-1.492615
-0.200195	-0.399780	-1.529236	-1.344910
-0.187988	-0.461121	-1.695557	-1.194763
-0.179138	-0.507507	-1.835022	-1.047363
-0.168152	-0.529785	-1.944580	-0.904846
-0.154724	-0.523071	-2.030945	-0.766907
-0.136719	-0.494080	-2.084351	-0.629272
-0.118713	-0.452576	-2.091370	-0.495911
-0.103455	-0.402527	-2.058716	-0.367432
-0.087585	-0.345154	-1.989441	-0.244141
-0.077515	-0.269775	-1.890869	-0.132141
-0.076294	-0.170288	-1.773071	-0.034180
-0.076599	-0.044861	-1.647644	0.055847
-0.077515	0.112305	-1.507874	0.138855
-0.089111	0.305176	-1.354370	0.219116
-0.115662	0.533447	-1.192017	0.302124
-0.159607	0.787964	-1.029968	0.382385
-0.214539	1.056519	-0.877686	0.463867
-0.277405	1.329956	-0.736694	0.550842
-0.351257	1.591797	-0.603027	0.645142
-0.426025	1.838379	-0.468750	0.743408
-0.500793	2.071533	-0.335693	0.845947
-0.575256	2.290649	-0.217896	0.953064
-0.642090	2.485352	-0.124512	1.063843
-0.691833	2.646790	-0.062866	1.182556
-0.723572	2.768250	-0.028381	1.310120
-0.744934	2.849426	-0.013428	1.438293
-0.758972	2.885742	-0.016174	1.550293
-0.761108	2.882385	-0.031433	1.640930
-0.747070	2.835999	-0.058594	1.710205
-0.720825	2.745361	-0.093689	1.759949
-0.687561	2.611084	-0.131226	1.787109
-0.651245	2.440186	-0.167236	1.790161
-0.610657	2.251892	-0.201416	1.774292
-0.564270	2.048340	-0.232239	1.735535
-0.508728	1.821289	-0.264282	1.670227
-0.450134	1.569214	-0.291748	1.583557
-0.395508	1.296387	-0.306091	1.483459
-0.343018	1.004028	-0.306396	1.348572
-0.290833	0.707092	-0.301819	1.185303
-0.235596	0.404358	-0.285034	1.005554
-0.173340	0.086365	-0.252686	0.810547
-0.107422	-0.240173	-0.198364	0.607605
-0.039673	-0.569458	-0.119019	0.401611
0.024719	-0.902405	-0.019836	0.192261
0.079651	-1.237183	0.096436	-0.016479
0.121460	-1.564941	0.235291	-0.214233
0.155640	-1.876526	0.397339	-0.394287
0.185852	-2.168579	0.577393	-0.554199
0.218506	-2.434082	0.771179	-0.696106
0.259094	-2.667542	0.975647	-0.817261
0.303345	-2.869568	1.172485	-0.917664
0.350952	-3.043823	1.355896	-0.995483
0.404053	-3.188171	1.534119	-1.047363
0.450745	-3.277283	1.707764	-1.072693
0.488281	-3.303528	1.866760	-1.080933
0.517883	-3.270569	1.999207	-1.075439
0.541992	-3.171082	2.098083	-1.058044
0.557556	-3.002319	2.168884	-1.028137
0.560913	-2.775574	2.210999	-0.994263
0.556030	-2.502136	2.232361	-0.961609
0.539856	-2.192078	2.219849	-0.928955
0.514832	-1.854858	2.179871	-0.895386
0.483398	-1.498108	2.118225	-0.859680
0.446472	-1.133118	2.038269	-0.825500
0.406799	-0.765686	1.942139	-0.798645
0.359497	-0.405273	1.827698	-0.779419
0.310974	-0.061340	1.694031	-0.751648
0.270691	0.253906	1.540833	-0.707397
0.237427	0.537415	1.371155	-0.646973
0.202637	0.788879	1.187134	-0.579834
0.169678	1.003418	0.996094	-0.511475
0.135803	1.175842	0.793152	-0.444946
0.102234	1.310730	0.572510	-0.383911
0.073242	1.402588	0.338135	-0.320129
0.049438	1.438293	0.102844	-0.249023
0.026855	1.430969	-0.132141	-0.174561
-0.001221	1.394043	-0.366211	-0.104675
-0.029907	1.329956	-0.593872	-0.048218
-0.052490	1.240845	-0.820923	-0.002441
-0.068359	1.130676	-1.050415	0.031738
-0.081482	1.006165	-1.267700	0.057678
-0.092163	0.876770	-1.461182	0.074463
-0.098267	0.741882	-1.643677	0.083008
-0.101624	0.612793	-1.818848	0.078735
-0.096436	0.491943	-1.976318	0.059509
-0.084839	0.381775	-2.107544	0.033264
-0.073242	0.287781	-2.212524	0.004272
-0.063171	0.214844	-2.294617	-0.028992
-0.065613	0.172729	-2.340088	-0.057373
-0.078125	0.164185	-2.349548	-0.067444
-0.088501	0.176086	-2.327271	-0.053406
-0.095520	0.201721	-2.273865	-0.021973
-0.100098	0.248718	-2.194214	0.024109
-0.110779	0.317383	-2.094116	0.083923
-0.128174	0.402222	-1.980286	0.160522
-0.152283	0.510559	-1.845093	0.255432
-0.184937	0.635071	-1.692200	0.367737
-0.220337	0.773010	-1.530151	0.492859
-0.253906	0.921936	-1.362305	0.626221
-0.287781	1.078491	-1.194763	0.768433
-0.321960	1.228027	-1.038208	0.916748
-0.348511	1.366577	-0.890503	1.069946
-0.368958	1.478577	-0.755310	1.217346
-0.390625	1.567993	-0.635376	1.351013
-0.412903	1.634827	-0.523682	1.466675
-0.435791	1.668701	-0.425110	1.563416
-0.457458	1.660461	-0.345764	1.636658
-0.472412	1.608887	-0.285339	1.682129
-0.473328	1.530151	-0.234375	1.704407
-0.458679	1.427307	-0.187683	1.706238
-0.434875	1.291504	-0.148621	1.685486
-0.405884	1.120300	-0.116882	1.642151
-0.368347	0.921021	-0.086670	1.581421
-0.323486	0.693970	-0.056458	1.499023
-0.275574	0.445862	-0.031128	1.390381
-0.220032	0.173950	0.003357	1.250610
-0.156555	-0.129395	0.058899	1.082764
-0.090332	-0.458069	0.129700	0.899048
-0.023804	-0.810852	0.208130	0.709534
0.036011	-1.184692	0.293884	0.517273
0.082092	-1.567688	0.392151	0.318298
0.114441	-1.948853	0.504456	0.119019
0.142822	-2.318420	0.630798	-0.075073
0.173950	-2.667236	0.764771	-0.259705
0.201111	-2.992859	0.893555	-0.434875
0.224915	-3.290405	1.017151	-0.593872
0.244751	-3.557434	1.130676	-0.738525
0.258789	-3.792114	1.228943	-0.872803
0.270081	-4.001160	1.306152	-0.990601
0.281067	-4.181824	1.364441	-1.087036
0.295105	-4.320679	1.403809	-1.158142
0.307617	-4.408875	1.426392	-1.206360
0.317688	-4.444275	1.440430	-1.236877
0.329590	-4.422913	1.446228	-1.248779
0.339661	-4.340210	1.444092	-1.238098
0.340576	-4.195862	1.433716	-1.206970
0.345764	-3.989258	1.412964	-1.158142
0.353088	-3.724365	1.376953	-1.101379
0.354614	-3.406372	1.329956	-1.044922
0.350952	-3.038025	1.282959	-0.994568
0.337830	-2.633057	1.233521	-0.943298
0.317688	-2.203674	1.169739	-0.891113
0.292664	-1.756287	1.082764	-0.836182
0.263367	-1.302185	0.970154	-0.780945
0.228882	-0.847473	0.834351	-0.714111
0.189819	-0.406189	0.689392	-0.619507
0.149536	0.007935	0.542297	-0.512085
0.109863	0.387878	0.400085	-0.400696
0.072021	0.729370	0.256958	-0.297546
0.042114	1.037598	0.114746	-0.195313
0.024109	1.314697	-0.019226	-0.088196
0.012207	1.555786	-0.145874	0.022278
0.006409	1.771851	-0.267639	0.131531
0.009766	1.960144	-0.379028	0.241089
0.017395	2.108154	-0.472412	0.345154
0.035095	2.219543	-0.548401	0.439758
0.060425	2.296448	-0.611572	0.524597
0.082703	2.332153	-0.665894	0.597534
0.103149	2.329712	-0.718994	0.656433
0.119019	2.292786	-0.778809	0.698853
0.126953	2.231140	-0.850525	0.714722
0.128784	2.151794	-0.935364	0.697021
0.131836	2.062683	-1.030579	0.646973
0.128479	1.964722	-1.125793	0.566711
0.115051	1.860046	-1.213989	0.463257
0.087585	1.756897	-1.300659	0.332031
0.048218	1.664124	-1.379700	0.189209
0.000305	1.580200	-1.453857	0.047607
-0.050659	1.498108	-1.520081	-0.082092
-0.099487	1.423035	-1.577454	-0.184937
-0.144958	1.355591	-1.624451	-0.266724
-0.189209	1.295166	-1.655579	-0.322876
-0.229187	1.242065	-1.662598	-0.345154
-0.266724	1.197205	-1.642761	-0.334778
-0.306396	1.155701	-1.600647	-0.297546
-0.345154	1.119385	-1.538696	-0.235596
-0.378113	1.094055	-1.457520	-0.149536
-0.403442	1.083374	-1.361389	-0.042419
-0.424194	1.086121	-1.252747	0.082397
-0.440979	1.101379	-1.122742	0.220337
-0.457153	1.132202	-0.976257	0.361938
-0.470886	1.174316	-0.825500	0.500488
-0.482483	1.217041	-0.678406	0.629272
-0.492249	1.252441	-0.533752	0.744629
-0.494690	1.273193	-0.391846	0.835266
-0.485840	1.272278	-0.250244	0.899963
-0.458069	1.253662	-0.106812	0.947266
-0.415955	1.223450	0.035095	0.971069
-0.358887	1.180725	0.175476	0.970154
-0.289307	1.123352	0.314636	0.950623
-0.211487	1.055298	0.462646	0.912476
-0.130310	0.980530	0.617371	0.857544
-0.048523	0.903625	0.774841	0.784302
0.029907	0.816650	0.935059	0.693970
0.101318	0.711060	1.096191	0.594788
0.165405	0.577087	1.257935	0.487976
0.224304	0.415955	1.420593	0.368958
0.270081	0.231628	1.576538	0.238953
0.291138	0.026550	1.716614	0.102234
0.293274	-0.196838	1.839905	-0.036926
0.282593	-0.442200	1.941528	-0.171814
0.266724	-0.713806	2.018738	-0.302429
0.245667	-1.004944	2.071533	-0.431519
0.220642	-1.313171	2.094116	-0.555725
0.191650	-1.631165	2.086182	-0.672913
0.154724	-1.940308	2.055969	-0.781860
0.111389	-2.226257	2.007751	-0.884399
0.071106	-2.485657	1.938782	-0.982361
0.032043	-2.714539	1.859131	-1.071777
-0.006409	-2.904358	1.773987	-1.147461
-0.039978	-3.054199	1.679688	-1.211243
-0.065918	-3.158875	1.574707	-1.264343
-0.084229	-3.212280	1.461487	-1.299744
-0.097961	-3.213806	1.338806	-1.317139
-0.109863	-3.163452	1.211243	-1.322327
-0.122986	-3.048706	1.072388	-1.314392
-0.137634	-2.866516	0.928040	-1.294861
-0.151367	-2.623291	0.777588	-1.266174
-0.161438	-2.328186	0.613403	-1.229248
-0.164795	-1.992493	0.438843	-1.181335
-0.165100	-1.621399	0.259094	-1.125488
-0.162964	-1.228027	0.080872	-1.064453
-0.161133	-0.823975	-0.086975	-0.996704
-0.161743	-0.410461	-0.240173	-0.927429
-0.166931	-0.003357	-0.374756	-0.856323
-0.173035	0.390015	-0.485229	-0.778198
-0.173645	0.771484	-0.570068	-0.687866
-0.163574	1.127930	-0.636902	-0.585022
-0.144348	1.446533	-0.683289	-0.472717
-0.117493	1.732483	-0.718079	-0.350952
-0.084839	1.985168	-0.751953	-0.226135
-0.051270	2.199097	-0.783691	-0.108337
-0.016479	2.377625	-0.805969	0.004272
0.027466	2.518921	-0.810547	0.114136
0.073547	2.620850	-0.802917	0.221252
0.120544	2.684937	-0.785828	0.313721
0.168457	2.727051	-0.765991	0.386353
0.215149	2.752991	-0.747986	0.441895
0.252991	2.754211	-0.740356	0.478821
0.281677	2.745361	-0.747986	0.497437
0.301208	2.720947	-0.768127	0.494690
0.305481	2.678528	-0.797424	0.465698
0.300293	2.613831	-0.835571	0.409241
0.288391	2.524719	-0.881348	0.329590
0.272217	2.420654	-0.926514	0.230408
0.253906	2.297668	-0.974121	0.121765
0.233459	2.160645	-1.023865	0.021057
0.210571	2.015686	-1.074524	-0.068054
0.180054	1.871033	-1.130981	-0.146179
0.147095	1.722107	-1.188354	-0.207214
0.112305	1.568298	-1.246033	-0.244751
0.067139	1.412048	-1.287842	-0.258179
0.019226	1.256409	-1.307373	-0.239258
-0.024719	1.101074	-1.306152	-0.192261
-0.069885	0.943604	-1.292419	-0.122681
-0.115356	0.783386	-1.267700	-0.036011
-0.158081	0.617065	-1.229553	0.063477
-0.201416	0.447083	-1.173401	0.168762
-0.232849	0.278320	-1.096802	0.276489
-0.249634	0.108643	-0.995178	0.379944
-0.257263	-0.051880	-0.871277	0.470276
-0.260010	-0.205688	-0.733337	0.545044
-0.254822	-0.357361	-0.576477	0.606079
-0.245667	-0.498352	-0.404968	0.655823
-0.234375	-0.633850	-0.223083	0.691528
-0.212708	-0.767212	-0.034485	0.705261
-0.180664	-0.887451	0.169678	0.697021
-0.140381	-0.993652	0.396423	0.673218
-0.093994	-1.089783	0.643311	0.634460
-0.046387	-1.166687	0.900269	0.589905
0.001831	-1.229553	1.156616	0.543823
0.053711	-1.288147	1.413269	0.494080
0.108948	-1.340027	1.669922	0.444031
0.166931	-1.388245	1.925659	0.397949
0.221558	-1.439514	2.173767	0.352478
0.273438	-1.489563	2.408447	0.306702
0.322571	-1.538696	2.612000	0.265808
0.368652	-1.595459	2.785339	0.235291
0.409851	-1.658630	2.929382	0.210571
0.442505	-1.726379	3.043823	0.193787
0.462341	-1.797791	3.134155	0.191345
0.470581	-1.878662	3.190918	0.201111
0.468445	-1.968689	3.210144	0.214233
0.454407	-2.054138	3.196411	0.228882
0.426941	-2.135315	3.139954	0.236511
0.387268	-2.207642	3.034363	0.242004
0.338745	-2.259827	2.885742	0.255432
0.281982	-2.279968	2.687378	0.277405
0.225220	-2.263489	2.436523	0.311279
0.166626	-2.218628	2.150879	0.353394
0.105286	-2.146301	1.838989	0.401306
0.050049	-2.050781	1.504211	0.446472
0.003662	-1.937256	1.161499	0.476990
-0.036926	-1.803284	0.805359	0.498047
-0.077515	-1.646423	0.432739	0.513306
-0.117188	-1.476440	0.061035	0.520935
-0.159302	-1.293030	-0.308838	0.528564
-0.205078	-1.090393	-0.675354	0.530396
-0.246887	-0.869751	-1.029358	0.516357
-0.284119	-0.636902	-1.365356	0.487976
-0.317078	-0.388794	-1.676941	0.450134
-0.341187	-0.129700	-1.959534	0.401917
-0.357361	0.133362	-2.211304	0.346680
-0.365906	0.397949	-2.430420	0.289307
-0.363770	0.653381	-2.610779	0.232239
-0.350647	0.895386	-2.756348	0.176392
-0.324707	1.127625	-2.865295	0.126343
-0.291443	1.352234	-2.932739	0.079956
-0.250244	1.564636	-2.961731	0.038147
-0.202942	1.766968	-2.965393	0.006409
-0.151367	1.955261	-2.933655	-0.014648
-0.096130	2.123718	-2.864075	-0.025635
-0.038757	2.276917	-2.756348	-0.036011
0.025330	2.407837	-2.621460	-0.056763
0.094604	2.513428	-2.464600	-0.082397
0.161438	2.596741	-2.288208	-0.110474
0.222778	2.651672	-2.101135	-0.143738
0.276794	2.677612	-1.907043	-0.177612
0.326538	2.680664	-1.716614	-0.209656
0.367737	2.667236	-1.532288	-0.238647
0.395203	2.639160	-1.358032	-0.263977
0.417175	2.595825	-1.204224	-0.287170
0.431213	2.533264	-1.071472	-0.307922
0.430603	2.450867	-0.958862	-0.327454
0.420532	2.350159	-0.865784	-0.345459
0.401917	2.239380	-0.787354	-0.358887
0.373230	2.118530	-0.721130	-0.363464
0.336609	1.986084	-0.668640	-0.360107
0.297852	1.839600	-0.628967	-0.354309
0.251770	1.679077	-0.601196	-0.347595
0.198669	1.506348	-0.585938	-0.336609
0.149841	1.316223	-0.581970	-0.322876
0.099792	1.109009	-0.582275	-0.309753
0.046082	0.889587	-0.588074	-0.296631
-0.001831	0.665588	-0.594482	-0.279236
-0.041199	0.431519	-0.596008	-0.264587
-0.082703	0.191956	-0.593567	-0.252075
-0.122681	-0.052490	-0.584106	-0.234985
-0.148621	-0.296631	-0.554504	-0.223389
-0.170898	-0.546875	-0.504456	-0.220947
-0.193787	-0.794983	-0.438538	-0.230408
-0.211182	-1.035461	-0.349426	-0.250854
-0.225830	-1.268005	-0.235901	-0.281067
-0.245667	-1.481628	-0.107117	-0.317383
-0.260315	-1.671448	0.036926	-0.353088
-0.261841	-1.839294	0.210571	-0.389099
-0.255127	-1.988220	0.413513	-0.424805
-0.241089	-2.117310	0.634155	-0.456238
-0.216980	-2.226257	0.867920	-0.477600
-0.187988	-2.325745	1.108398	-0.490723
-0.147400	-2.421570	1.345825	-0.503235
-0.092468	-2.509766	1.582336	-0.506592
-0.030823	-2.584534	1.824036	-0.503845
0.023804	-2.637634	2.059326	-0.492859
0.074463	-2.657776	2.270203	-0.465698
0.122070	-2.649536	2.454529	-0.423889
0.160522	-2.622375	2.610779	-0.367737
0.188599	-2.566223	2.742310	-0.295715
0.209045	-2.484741	2.839355	-0.203247
0.222778	-2.388000	2.899780	-0.102234
0.227356	-2.268677	2.931519	0.007935
0.223999	-2.133484	2.927856	0.125427
0.213623	-1.992188	2.890320	0.243225
0.194397	-1.839294	2.812805	0.362244
0.169067	-1.665344	2.700500	0.487366
0.135498	-1.475830	2.560730	0.608215
0.087585	-1.281738	2.398071	0.727539
0.035706	-1.088562	2.207031	0.841675
-0.016174	-0.890808	2.000427	0.947876
-0.071716	-0.699768	1.787109	1.043396
-0.133057	-0.517578	1.562805	1.126709
-0.193481	-0.332031	1.328735	1.193237
-0.251770	-0.144653	1.090393	1.236877
-0.311584	0.044861	0.846252	1.262512
-0.374756	0.242920	0.591736	1.272278
-0.433960	0.440369	0.331116	1.266785
-0.490112	0.629883	0.069275	1.240845
-0.531616	0.821838	-0.187683	1.193542
-0.565186	1.013794	-0.444031	1.129456
-0.588684	1.200562	-0.690613	1.055908
-0.601196	1.382751	-0.927734	0.966187
-0.599365	1.549377	-1.153870	0.859985
-0.587463	1.697998	-1.359253	0.737610
-0.566406	1.831665	-1.538391	0.598450
-0.534363	1.950378	-1.688538	0.450134
-0.497437	2.043152	-1.812134	0.292358
-0.456543	2.118530	-1.906128	0.123596
-0.407104	2.179565	-1.963196	-0.046387
-0.350647	2.230225	-1.987915	-0.210876
-0.288696	2.270203	-1.982117	-0.373535
-0.218201	2.296143	-1.950073	-0.523071
-0.150757	2.318115	-1.891174	-0.653687
-0.083618	2.335815	-1.805725	-0.761719
-0.014954	2.345886	-1.695862	-0.852661
0.053406	2.347107	-1.569519	-0.921936
0.117798	2.335510	-1.432190	-0.964966
0.171509	2.319641	-1.289673	-0.989075
0.214233	2.299805	-1.145325	-0.991516
0.252686	2.272034	-1.001282	-0.972900
0.289001	2.235107	-0.857239	-0.941772
0.317078	2.192078	-0.721130	-0.907898
0.335693	2.140198	-0.595703	-0.864563
0.344543	2.073364	-0.478821	-0.812988
0.344543	2.001648	-0.373230	-0.757141
0.337219	1.926880	-0.282288	-0.703125
0.323792	1.846313	-0.208130	-0.645142
0.310669	1.757507	-0.142822	-0.581055
0.299377	1.658325	-0.088501	-0.515747
0.289307	1.556396	-0.049744	-0.455933
0.274963	1.448059	-0.024109	-0.405579
0.257568	1.329346	-0.012817	-0.365295
0.236206	1.202393	-0.014038	-0.330505
0.211792	1.063843	-0.025024	-0.301514
0.184631	0.907593	-0.036316	-0.284424
0.154724	0.741882	-0.044556	-0.278625
0.120239	0.567322	-0.050964	-0.283508
0.084229	0.385132	-0.053406	-0.303955
0.048828	0.198059	-0.050354	-0.341187
0.014954	0.000610	-0.039063	-0.397339
-0.024109	-0.210266	-0.015564	-0.476990
-0.067139	-0.424194	0.022278	-0.567627
-0.109863	-0.643921	0.075073	-0.660706
-0.147705	-0.871582	0.145569	-0.758362
-0.180054	-1.100769	0.235291	-0.853271
-0.205994	-1.337891	0.346069	-0.939026
-0.222778	-1.580200	0.467529	-1.011047
-0.237427	-1.817322	0.595703	-1.071777
-0.248718	-2.041626	0.729980	-1.124878
-0.254211	-2.254639	0.867920	-1.170654
-0.253906	-2.452393	1.006165	-1.200562
-0.246582	-2.626648	1.135559	-1.207886
-0.235596	-2.770996	1.255798	-1.194763
-0.223999	-2.885437	1.364441	-1.161499
-0.208130	-2.967529	1.459045	-1.105957
-0.186462	-3.016052	1.533813	-1.026001
-0.164795	-3.040466	1.589050	-0.924377
-0.141907	-3.038940	1.625671	-0.805969
-0.117493	-3.003540	1.635742	-0.671997
-0.088501	-2.931824	1.618042	-0.523376
-0.062866	-2.826843	1.578369	-0.363159
-0.041809	-2.682800	1.517944	-0.188293
-0.028076	-2.505493	1.433105	-0.001831
-0.020447	-2.301025	1.321106	0.191040
-0.015869	-2.067566	1.184387	0.386353
-0.017090	-1.810303	1.030884	0.587158
-0.025635	-1.537476	0.868225	0.790100
-0.040588	-1.259766	0.701294	0.989685
-0.060730	-0.977173	0.529480	1.184692
-0.081482	-0.693970	0.354614	1.365356
-0.106506	-0.412292	0.180359	1.533203
-0.136719	-0.140381	0.008240	1.688538
-0.169678	0.124512	-0.162354	1.825562
-0.207520	0.380249	-0.330505	1.937561
-0.242615	0.622559	-0.490417	2.022705
-0.269775	0.846252	-0.639038	2.082214
-0.289917	1.046143	-0.778809	2.111206
-0.299683	1.216736	-0.909119	2.109070
-0.300598	1.360779	-1.027527	2.078247
-0.296326	1.475525	-1.130676	2.018433
-0.288086	1.565857	-1.221619	1.925354
-0.272217	1.626282	-1.295776	1.803894
-0.253601	1.657104	-1.358337	1.655273
-0.232544	1.671448	-1.414185	1.483765
-0.208130	1.678772	-1.460266	1.295166
-0.180054	1.678467	-1.494141	1.090393
-0.151672	1.668396	-1.524353	0.871277
-0.117493	1.648254	-1.542664	0.637512
-0.078430	1.620483	-1.548767	0.394897
-0.036011	1.577148	-1.540833	0.154419
0.010071	1.515808	-1.519470	-0.074463
0.058899	1.433716	-1.474915	-0.294800
0.109558	1.337585	-1.406250	-0.497437
0.158081	1.231689	-1.323853	-0.672302
0.206299	1.110840	-1.230164	-0.816956
0.254822	0.983276	-1.126404	-0.931396
0.300598	0.857239	-1.016846	-1.010437
0.340881	0.730591	-0.902710	-1.052246
0.378418	0.608215	-0.784607	-1.064453
0.408936	0.499573	-0.666809	-1.051331
0.436401	0.401306	-0.546875	-1.011353
0.462952	0.309143	-0.428772	-0.944214
0.485229	0.220947	-0.318604	-0.857849
0.498352	0.143127	-0.222473	-0.750427
0.503845	0.074463	-0.138245	-0.627441
0.508728	0.017700	-0.062256	-0.501099
0.508423	-0.032959	0.006409	-0.376587
0.501404	-0.083008	0.065918	-0.255432
0.488892	-0.129700	0.112610	-0.145264
0.474854	-0.168152	0.150452	-0.046387
0.458679	-0.199585	0.185547	0.040283
0.443115	-0.231323	0.223389	0.111694
0.428467	-0.263062	0.263672	0.163574
0.411377	-0.296021	0.301514	0.198364
0.392761	-0.330200	0.339355	0.213928
0.372925	-0.374756	0.377808	0.209351
0.350647	-0.430298	0.419006	0.185547
0.325012	-0.490723	0.464478	0.140686
0.293274	-0.556335	0.514526	0.079041
0.253296	-0.631714	0.563049	0.007019
0.208740	-0.722351	0.609131	-0.074158
0.167236	-0.823364	0.652161	-0.166016
0.130005	-0.936279	0.691223	-0.263672
0.093384	-1.062012	0.730591	-0.362549
0.057068	-1.199341	0.772095	-0.460815
0.021973	-1.351929	0.813599	-0.559387
-0.014343	-1.511536	0.851135	-0.654907
-0.046387	-1.669006	0.881958	-0.741882
-0.073853	-1.824036	0.905457	-0.816650
-0.101013	-1.971741	0.919189	-0.867310
-0.124512	-2.105103	0.922546	-0.892944
-0.147095	-2.219543	0.916443	-0.894775
-0.172424	-2.315063	0.899048	-0.873108
-0.199280	-2.384949	0.867004	-0.825806
-0.220947	-2.427063	0.819397	-0.755615
-0.238953	-2.443848	0.761414	-0.665588
-0.253601	-2.437134	0.693054	-0.559387
-0.261841	-2.405396	0.613098	-0.440063
-0.267639	-2.347107	0.523987	-0.305176
-0.274048	-2.260742	0.425110	-0.156250
-0.279236	-2.146912	0.313721	-0.000305
-0.282898	-2.008667	0.192261	0.157471
