2020/1/9 9:20:54 40us
CH1			CH2			CH3			CH4
-0.004883	-0.006104	0.009460	-0.008850
-0.004578	-0.006409	0.009766	-0.008545
-0.005188	-0.006714	0.009460	-0.008545
-0.004883	-0.006714	0.009460	-0.008240
-0.004883	-0.006409	0.009766	-0.008545
-0.004883	-0.006104	0.009155	-0.007935
-0.004883	-0.006104	0.009460	-0.008545
-0.004883	-0.006104	0.009460	-0.008240
-0.004883	-0.006104	0.009766	-0.008240
-0.004578	-0.006409	0.009460	-0.008545
-0.004578	-0.006104	0.009460	-0.008240
-0.004883	-0.006409	0.009460	-0.008240
-0.004883	-0.006714	0.009155	-0.008240
-0.004883	-0.006409	0.008850	-0.008545
-0.004883	-0.006714	0.009460	-0.008240
-0.004578	-0.006714	0.009460	-0.008545
-0.004883	-0.006714	0.009460	-0.008240
-0.004883	-0.006714	0.009155	-0.008240
-0.004883	-0.006714	0.009460	-0.008240
-0.004578	-0.006409	0.009155	-0.008240
-0.004578	-0.006409	0.008850	-0.007935
-0.004883	-0.005798	0.009460	-0.007935
-0.004578	-0.005798	0.009155	-0.007629
-0.004578	-0.006104	0.009460	-0.007935
-0.004883	-0.005798	0.009155	-0.008240
-0.004883	-0.005798	0.009155	-0.008240
-0.004578	-0.005798	0.009460	-0.007935
-0.004883	-0.005798	0.009460	-0.007629
-0.004578	-0.005188	0.009766	-0.007935
-0.004883	-0.005188	0.009766	-0.006409
-0.004883	-0.005493	0.009460	-0.005493
-0.004883	-0.004883	0.009460	-0.002441
-0.003967	-0.004883	0.010071	-0.003967
-0.004883	-0.004578	0.009766	0.005188
-0.005188	-0.004883	0.009460	-0.008850
-0.002747	-0.003662	0.010376	0.164795
-0.003357	-0.003662	0.011292	0.394287
0.003662	-0.003967	0.012207	0.645752
0.026855	-0.003662	0.005493	0.830688
-0.062256	0.001831	0.023804	0.821533
-0.102844	-0.012207	-0.012207	0.700378
-0.073242	0.012207	-0.017395	0.496826
-0.055847	-0.000916	0.035706	0.226135
-0.045166	-0.049133	0.081177	-0.043640
0.009460	-0.033264	0.108948	-0.256958
0.034790	-0.011292	0.122681	-0.422668
0.050049	0.039673	0.073242	-0.563965
0.072632	0.085754	-0.019531	-0.705566
0.096130	0.126953	-0.095825	-0.840759
0.089111	0.186157	-0.237122	-0.964966
0.099487	0.210266	-0.453186	-1.154175
0.111084	0.138855	-0.619202	-1.359558
0.205383	0.006409	-0.702820	-1.529541
0.404663	-0.169067	-0.757446	-1.677246
0.618896	-0.381775	-0.752563	-1.910095
0.769958	-0.607605	-0.647583	-2.150269
0.850830	-0.838318	-0.442505	-2.379456
0.925293	-1.004639	-0.148315	-2.659302
0.974426	-1.065979	0.215759	-2.893372
1.054993	-1.041565	0.587463	-3.143616
1.094055	-0.946350	0.931091	-3.335876
1.091919	-0.750427	1.242981	-3.396301
1.091309	-0.476074	1.551514	-3.358765
1.077271	-0.176697	1.853943	-3.287659
0.985413	0.161743	2.073059	-3.198853
0.870972	0.463257	2.183838	-3.060608
0.731812	0.733643	2.229309	-2.904053
0.575256	1.006775	2.180481	-2.719116
0.458069	1.198120	2.030029	-2.487793
0.357361	1.390076	1.813660	-2.226563
0.270081	1.540527	1.542664	-1.940613
0.180664	1.649170	1.224670	-1.591797
0.064697	1.705933	0.941467	-1.236572
-0.042725	1.708984	0.710754	-0.911560
-0.162354	1.670532	0.454712	-0.643616
-0.285034	1.606140	0.236511	-0.469360
-0.391541	1.465759	0.054016	-0.316162
-0.491333	1.251831	-0.100403	-0.133362
-0.553284	1.020508	-0.252075	0.025330
-0.620728	0.789185	-0.355835	0.179443
-0.742188	0.552673	-0.455627	0.379333
-0.894775	0.351563	-0.540466	0.589905
-1.072998	0.204773	-0.610352	0.772400
-1.255798	0.078125	-0.685425	0.977783
-1.405640	-0.000305	-0.783081	1.189575
-1.521606	-0.032349	-0.905457	1.416931
-1.585693	-0.056152	-1.056213	1.690063
-1.592407	-0.050354	-1.215515	1.975098
-1.531372	0.012512	-1.368713	2.261047
-1.451416	0.094910	-1.517944	2.528076
-1.377563	0.158386	-1.643677	2.766113
-1.320801	0.222473	-1.767883	2.983398
-1.252747	0.286255	-1.858521	3.212891
-1.163330	0.334167	-1.906128	3.425598
-1.069031	0.393372	-1.932373	3.623047
-0.974426	0.450134	-1.883850	3.848572
-0.872192	0.513611	-1.789856	4.063110
-0.812073	0.576172	-1.661682	4.245911
-0.765686	0.681763	-1.469421	4.358521
-0.707703	0.804443	-1.236877	4.378662
-0.682983	0.904236	-0.965881	4.326172
-0.691528	0.996399	-0.671387	4.194641
-0.711060	1.077881	-0.380554	3.993530
-0.716553	1.160278	-0.105896	3.742676
-0.721741	1.228333	0.169983	3.426514
-0.744019	1.220398	0.439758	3.077393
-0.768433	1.156921	0.658264	2.675476
-0.798645	1.027527	0.849304	2.213440
-0.786438	0.811768	1.005859	1.695557
-0.738525	0.554199	1.108704	1.142578
-0.682983	0.244141	1.189880	0.580139
-0.594788	-0.132446	1.224976	0.037842
-0.461121	-0.507813	1.200867	-0.448608
-0.285950	-0.798645	1.136780	-0.876160
-0.095520	-1.036682	1.053467	-1.242676
0.072327	-1.214600	0.959778	-1.546936
0.204773	-1.314087	0.841064	-1.798401
0.321350	-1.380920	0.712585	-1.991577
0.418701	-1.410522	0.586243	-2.117310
0.487976	-1.413574	0.455933	-2.202454
0.547485	-1.424255	0.350647	-2.243347
0.594177	-1.457825	0.266724	-2.249451
0.603943	-1.486816	0.221252	-2.228394
0.618286	-1.497192	0.232849	-2.204895
0.653992	-1.516418	0.286865	-2.210083
0.681152	-1.577148	0.379944	-2.239685
0.719299	-1.682129	0.488281	-2.292175
0.799866	-1.809082	0.587769	-2.344360
0.921021	-1.925049	0.685120	-2.383423
1.069641	-2.030029	0.789490	-2.384033
1.214600	-2.119751	0.876465	-2.356873
1.334229	-2.178650	0.949707	-2.296448
1.417847	-2.217102	1.001587	-2.213135
1.472168	-2.222595	0.992126	-2.117310
1.495056	-2.176819	0.943909	-2.019653
1.477051	-2.118530	0.865173	-1.939697
1.433716	-2.056580	0.722046	-1.858215
1.366882	-1.985168	0.516968	-1.771851
1.302795	-1.890869	0.260620	-1.701355
1.217957	-1.785278	-0.041504	-1.624146
1.099243	-1.668091	-0.366516	-1.571960
0.974121	-1.528015	-0.679932	-1.574707
0.837097	-1.365967	-0.993042	-1.602783
0.670471	-1.187744	-1.304932	-1.651917
0.517578	-1.000671	-1.565552	-1.685181
0.389404	-0.829773	-1.758728	-1.679077
0.277710	-0.666199	-1.884766	-1.651306
0.176392	-0.511169	-1.932068	-1.606750
0.093994	-0.376282	-1.925964	-1.520081
0.010986	-0.258179	-1.863708	-1.379089
-0.068665	-0.171204	-1.748657	-1.196899
-0.125427	-0.092468	-1.640015	-0.990906
-0.160217	0.006714	-1.543579	-0.739746
-0.188599	0.130615	-1.450195	-0.455017
-0.189209	0.285950	-1.367798	-0.132141
-0.172424	0.486145	-1.289978	0.247192
-0.155029	0.728760	-1.222229	0.639954
-0.138245	0.992737	-1.167603	1.025391
-0.130310	1.266479	-1.111450	1.396484
-0.136108	1.528931	-1.043091	1.733398
-0.150146	1.760864	-0.942993	2.058411
-0.165405	1.970520	-0.834351	2.356873
-0.193787	2.160950	-0.736389	2.596741
-0.229797	2.336731	-0.642395	2.806702
-0.283813	2.497559	-0.558167	2.985229
-0.360413	2.636414	-0.479126	3.106384
-0.436096	2.754822	-0.410156	3.169250
-0.504456	2.849426	-0.376282	3.178406
-0.577393	2.911377	-0.357361	3.149414
-0.633850	2.929688	-0.354309	3.118591
-0.665588	2.878113	-0.357666	3.105774
-0.676575	2.739563	-0.351257	3.101196
-0.676575	2.511597	-0.356140	3.089600
-0.676880	2.213135	-0.376587	3.074646
-0.680847	1.860962	-0.371094	3.059387
-0.691528	1.456604	-0.343323	3.023376
-0.715027	1.015625	-0.322266	2.949219
-0.744324	0.560303	-0.291138	2.830505
-0.769653	0.100403	-0.245056	2.671814
-0.782776	-0.348816	-0.187378	2.487488
-0.768738	-0.781860	-0.117493	2.282410
-0.734558	-1.211243	-0.017700	2.041321
-0.681458	-1.602783	0.117493	1.791687
-0.620117	-1.943665	0.290222	1.519470
-0.553894	-2.250061	0.508423	1.237183
-0.487366	-2.500916	0.744324	0.983887
-0.417175	-2.705383	0.970154	0.753174
-0.336609	-2.853699	1.186523	0.563049
-0.236206	-2.931824	1.387024	0.425110
-0.122070	-2.936096	1.567993	0.336609
0.002136	-2.886353	1.721191	0.286865
0.126343	-2.800903	1.823425	0.272827
0.244446	-2.687073	1.872864	0.288696
0.361633	-2.558594	1.882935	0.308533
0.473328	-2.435608	1.853333	0.325012
0.583496	-2.328186	1.799316	0.346375
0.690918	-2.246399	1.733704	0.351868
0.785522	-2.215271	1.662292	0.341492
0.855713	-2.222900	1.596680	0.330200
0.901489	-2.266541	1.545105	0.310669
0.916443	-2.332764	1.495361	0.271606
0.914307	-2.397156	1.427002	0.199890
0.899048	-2.459106	1.341553	0.077820
0.865784	-2.511902	1.250610	-0.086975
0.813904	-2.550049	1.154480	-0.309143
0.754700	-2.584534	1.063538	-0.584106
0.691833	-2.613220	0.970764	-0.897827
0.611267	-2.636719	0.852051	-1.229858
0.509033	-2.636414	0.706787	-1.560059
0.399475	-2.597961	0.542297	-1.871948
0.299683	-2.518616	0.352783	-2.146606
0.225525	-2.387085	0.149536	-2.366333
0.175781	-2.204590	-0.068054	-2.529907
0.161743	-1.981506	-0.301819	-2.624512
0.177002	-1.717834	-0.544434	-2.657471
0.218201	-1.419067	-0.777588	-2.637634
0.278625	-1.087646	-0.989380	-2.583313
0.350342	-0.720520	-1.180725	-2.512817
0.406799	-0.326233	-1.355591	-2.438049
0.437622	0.064697	-1.491699	-2.346191
0.451050	0.438843	-1.562805	-2.248535
0.445862	0.814514	-1.586914	-2.166748
0.418091	1.188049	-1.573486	-2.089539
0.352173	1.558228	-1.523132	-2.005615
0.256042	1.924744	-1.428528	-1.912231
0.151367	2.286987	-1.299744	-1.796875
0.046997	2.646790	-1.151733	-1.675110
-0.051575	3.006592	-0.971680	-1.560669
-0.133972	3.362732	-0.784912	-1.455383
-0.209351	3.690796	-0.617676	-1.343079
-0.263672	3.985596	-0.473633	-1.209106
-0.279541	4.241028	-0.362244	-1.057739
-0.288086	4.449158	-0.298462	-0.896301
-0.304260	4.610901	-0.287170	-0.728760
-0.319824	4.709473	-0.315247	-0.537720
-0.337219	4.747314	-0.370483	-0.332947
-0.353088	4.743347	-0.457764	-0.140076
-0.376892	4.666748	-0.577393	0.041199
-0.400391	4.501648	-0.724487	0.213013
-0.446472	4.295349	-0.898438	0.375977
-0.505371	4.067993	-1.104736	0.524902
-0.549927	3.829041	-1.314087	0.642700
-0.588074	3.571777	-1.520386	0.745544
-0.626221	3.312683	-1.719055	0.843811
-0.655518	3.056946	-1.876526	0.940552
-0.679016	2.798462	-1.972656	1.034546
-0.708008	2.547913	-2.022705	1.139221
-0.731506	2.296143	-2.021790	1.250610
-0.736694	2.030640	-1.950989	1.355591
-0.731506	1.777344	-1.803284	1.469421
-0.714417	1.518250	-1.582031	1.592712
-0.675049	1.252441	-1.296692	1.698303
-0.612183	0.989685	-0.956116	1.796265
-0.524597	0.733032	-0.590820	1.899719
-0.417480	0.480652	-0.215759	2.000427
-0.301208	0.232849	0.164795	2.079468
-0.181580	-0.005493	0.532837	2.133484
-0.063782	-0.233765	0.872498	2.165833
0.040283	-0.453186	1.183777	2.177124
0.123291	-0.664063	1.459045	2.178040
0.184326	-0.857849	1.691284	2.175293
0.229187	-1.028137	1.877747	2.150269
0.256958	-1.180420	2.029419	2.098083
0.252380	-1.307068	2.149658	2.016296
0.205383	-1.415100	2.235107	1.896667
0.136108	-1.521301	2.296753	1.732483
0.052795	-1.625061	2.346802	1.525879
-0.038757	-1.709290	2.401733	1.276550
-0.110168	-1.783752	2.459412	0.983887
-0.155640	-1.855469	2.510071	0.665283
-0.176697	-1.898804	2.540894	0.341187
-0.174866	-1.927490	2.565918	0.031128
-0.158386	-1.972046	2.595520	-0.265808
-0.132446	-2.039185	2.618408	-0.539856
-0.110168	-2.139282	2.626038	-0.776672
-0.090027	-2.266846	2.620544	-0.980225
-0.068665	-2.398682	2.596130	-1.154785
-0.040283	-2.523193	2.544556	-1.289368
0.001526	-2.640381	2.468872	-1.383972
0.044250	-2.734070	2.368774	-1.457520
0.088501	-2.778320	2.237854	-1.513977
0.136108	-2.755432	2.083435	-1.541748
0.178528	-2.668762	1.929016	-1.557007
0.209656	-2.519531	1.772156	-1.578979
0.231323	-2.307129	1.622925	-1.600037
0.250854	-2.023010	1.486511	-1.602783
0.278320	-1.675415	1.367798	-1.569519
0.319214	-1.281128	1.268005	-1.501465
0.362244	-0.858154	1.186829	-1.411133
0.394897	-0.429382	1.116638	-1.309509
0.417786	-0.017700	1.045227	-1.200562
0.431213	0.371094	0.965576	-1.100159
0.440063	0.727539	0.882874	-1.018982
0.447998	1.033325	0.786438	-0.963745
0.446167	1.293335	0.667114	-0.919189
0.439453	1.526489	0.520020	-0.872803
0.431519	1.728210	0.338745	-0.828552
0.418396	1.893311	0.121460	-0.784607
0.397339	2.013550	-0.128174	-0.740967
0.368042	2.090149	-0.406799	-0.701599
0.325012	2.129517	-0.702209	-0.665588
0.268250	2.115173	-1.004639	-0.636597
0.213013	2.049255	-1.299744	-0.620422
0.156860	1.968079	-1.577454	-0.619812
0.111694	1.884155	-1.843567	-0.630493
0.073853	1.794434	-2.100525	-0.648804
0.032959	1.722717	-2.356873	-0.672302
-0.013733	1.700134	-2.604980	-0.704956
-0.065613	1.716614	-2.824097	-0.753174
-0.119324	1.768494	-3.029175	-0.802307
-0.175171	1.848450	-3.213501	-0.838013
-0.228577	1.935120	-3.346558	-0.840454
-0.273743	2.020569	-3.420410	-0.799255
-0.302734	2.092896	-3.437500	-0.702515
-0.300598	2.147522	-3.413696	-0.557251
-0.272827	2.196655	-3.371277	-0.375977
-0.223999	2.237549	-3.321228	-0.139465
-0.157471	2.254944	-3.250732	0.157471
-0.088806	2.238464	-3.146667	0.480347
-0.021973	2.204895	-3.010864	0.798340
0.043335	2.157593	-2.854614	1.110535
0.098572	2.077942	-2.683411	1.415100
0.146179	1.986084	-2.492676	1.692505
0.180359	1.886597	-2.275391	1.925049
0.203857	1.764526	-2.024231	2.108765
0.209961	1.633606	-1.744995	2.232971
0.191040	1.500854	-1.439209	2.290955
0.162048	1.369324	-1.103210	2.286987
0.134583	1.243896	-0.747681	2.228699
0.104675	1.110840	-0.394287	2.116699
0.064392	0.972595	-0.052185	1.960449
0.019531	0.833435	0.259094	1.766052
-0.028381	0.675964	0.523376	1.551208
-0.078125	0.493774	0.733337	1.320496
-0.125427	0.286255	0.901489	1.065674
-0.170898	0.047607	1.040955	0.797729
-0.206604	-0.226440	1.137695	0.539551
-0.242004	-0.529175	1.198730	0.311890
-0.280762	-0.846863	1.250916	0.117188
-0.310974	-1.182251	1.303711	-0.043640
-0.330505	-1.531067	1.360779	-0.172424
-0.342102	-1.874390	1.428833	-0.261536
-0.344849	-2.201538	1.518555	-0.317078
-0.337219	-2.509155	1.615906	-0.350647
-0.318298	-2.790527	1.717834	-0.366821
-0.288086	-3.042603	1.838684	-0.366821
-0.256958	-3.262939	1.975098	-0.348511
-0.229187	-3.447266	2.124939	-0.316467
-0.201416	-3.600159	2.282715	-0.262756
-0.160522	-3.722229	2.442017	-0.195618
-0.114136	-3.817444	2.602844	-0.129700
-0.065308	-3.884583	2.763062	-0.075684
-0.017395	-3.900757	2.909851	-0.028687
0.029602	-3.850708	3.034973	0.015869
0.079346	-3.751526	3.119507	0.061646
0.135498	-3.618469	3.143921	0.118713
0.198975	-3.450012	3.107910	0.190430
0.267944	-3.244629	3.022766	0.271301
0.342407	-3.020325	2.884216	0.357971
0.422974	-2.790527	2.689819	0.443726
0.505676	-2.571716	2.455750	0.525208
0.580444	-2.380066	2.188721	0.613403
0.638123	-2.208862	1.885376	0.700378
0.673828	-2.065430	1.568909	0.770569
0.690918	-1.941528	1.236572	0.816345
0.681763	-1.841125	0.905762	0.833130
0.651855	-1.763000	0.592041	0.826111
0.599365	-1.695862	0.299377	0.802002
0.522766	-1.623535	0.038147	0.748596
0.434265	-1.542358	-0.189209	0.664978
0.336914	-1.448975	-0.389709	0.556335
0.237732	-1.337585	-0.557861	0.427551
0.145569	-1.210938	-0.695496	0.293884
0.071716	-1.069641	-0.817261	0.173340
0.030212	-0.911255	-0.923462	0.067444
0.006409	-0.734863	-1.017761	-0.032654
-0.003357	-0.549316	-1.109924	-0.116882
-0.000916	-0.358582	-1.199036	-0.169067
0.015259	-0.144653	-1.293945	-0.197754
0.039978	0.093994	-1.391602	-0.213318
0.077209	0.357361	-1.484680	-0.220337
0.127563	0.643921	-1.572571	-0.217896
0.184326	0.964355	-1.652527	-0.209045
0.242310	1.327209	-1.723022	-0.202942
0.298462	1.717224	-1.779785	-0.200195
0.344238	2.119141	-1.819763	-0.202026
0.370483	2.525635	-1.846313	-0.215149
0.364990	2.924805	-1.853638	-0.231628
0.336609	3.305664	-1.843262	-0.251770
0.289612	3.656921	-1.820374	-0.264587
0.227051	3.963623	-1.780090	-0.267334
0.147095	4.211426	-1.721497	-0.270386
0.058289	4.389648	-1.659546	-0.275269
-0.035095	4.497986	-1.597290	-0.283508
-0.129089	4.547119	-1.535645	-0.295105
-0.217590	4.519958	-1.471558	-0.314026
-0.295105	4.418335	-1.399231	-0.343018
-0.363159	4.275513	-1.322327	-0.383301
-0.414429	4.098206	-1.246338	-0.426025
-0.434875	3.868713	-1.166687	-0.466003
-0.435181	3.604736	-1.085205	-0.496216
-0.434570	3.313599	-1.007690	-0.513000
-0.434570	2.998047	-0.935364	-0.527954
-0.429077	2.672729	-0.868530	-0.537415
-0.424500	2.336426	-0.813293	-0.534973
-0.416260	1.988220	-0.764465	-0.528564
-0.397339	1.645508	-0.708618	-0.523682
-0.373535	1.324158	-0.640869	-0.511780
-0.348816	1.029968	-0.570374	-0.517883
-0.326233	0.764465	-0.504761	-0.557556
-0.304260	0.517883	-0.434570	-0.604248
-0.277405	0.295410	-0.345154	-0.635376
-0.255737	0.096741	-0.223999	-0.660706
-0.234070	-0.068970	-0.061951	-0.678711
-0.204468	-0.213928	0.145569	-0.674744
-0.176697	-0.358276	0.391235	-0.643311
-0.144043	-0.498962	0.659485	-0.573120
-0.095520	-0.641479	0.942688	-0.461121
-0.040894	-0.804749	1.228943	-0.315857
0.010986	-0.981750	1.496887	-0.150146
0.054321	-1.179199	1.744995	0.019531
0.088196	-1.392212	1.966858	0.173645
0.112610	-1.618958	2.146912	0.321045
0.135498	-1.854248	2.281189	0.467224
0.147095	-2.088928	2.375183	0.604248
0.138245	-2.309875	2.427063	0.717163
0.108643	-2.513123	2.426758	0.802307
0.061035	-2.691040	2.381592	0.852966
0.000610	-2.840881	2.300415	0.854187
-0.074463	-2.973022	2.194214	0.798340
-0.153503	-3.088074	2.077332	0.695190
-0.227051	-3.179321	1.949463	0.555420
-0.305176	-3.240967	1.807556	0.387268
-0.381165	-3.269043	1.649170	0.200195
-0.446167	-3.263245	1.474915	-0.000916
-0.492859	-3.229980	1.290283	-0.194092
-0.521851	-3.166504	1.101379	-0.372620
-0.527039	-3.067322	0.899353	-0.540161
-0.508118	-2.937622	0.701294	-0.680542
-0.478516	-2.781372	0.525513	-0.780640
-0.437622	-2.602539	0.374451	-0.830994
-0.386353	-2.415771	0.252686	-0.838928
-0.329895	-2.209778	0.151367	-0.815735
-0.271912	-1.985779	0.066833	-0.765076
-0.215759	-1.753845	0.003052	-0.690918
-0.172119	-1.509705	-0.042725	-0.603943
-0.143738	-1.239929	-0.073853	-0.515442
-0.126038	-0.940552	-0.079346	-0.432739
-0.108948	-0.621948	-0.066223	-0.366211
-0.087891	-0.286865	-0.053101	-0.303345
-0.068359	0.066528	-0.040894	-0.227356
-0.056152	0.434265	-0.018311	-0.160217
-0.054016	0.812073	0.006104	-0.128784
-0.045166	1.192627	0.030518	-0.133362
-0.031433	1.569519	0.056152	-0.176392
-0.022278	1.944275	0.072632	-0.246277
-0.007629	2.314148	0.064697	-0.334167
0.017700	2.673035	0.034180	-0.424500
0.043945	3.012085	-0.013428	-0.512390
0.064697	3.321533	-0.082092	-0.607910
0.079651	3.592224	-0.178223	-0.709229
0.090637	3.811951	-0.315552	-0.798035
0.095825	3.967590	-0.491028	-0.869446
0.094299	4.042053	-0.691833	-0.927734
0.088501	4.047546	-0.910950	-0.976868
0.079651	4.010010	-1.144409	-1.014709
0.075684	3.934021	-1.388855	-1.046448
0.073242	3.814087	-1.636963	-1.074219
0.059814	3.652954	-1.874084	-1.094055
0.032654	3.472595	-2.083130	-1.106567
-0.003967	3.291626	-2.245178	-1.112366
-0.042725	3.115234	-2.360840	-1.104126
-0.075989	2.947083	-2.438354	-1.081543
-0.094910	2.782593	-2.465820	-1.043701
-0.096130	2.632751	-2.430725	-0.980530
-0.083618	2.499084	-2.339478	-0.888367
-0.054321	2.376709	-2.216187	-0.797729
-0.008545	2.258301	-2.072754	-0.725403
0.042114	2.128906	-1.911926	-0.648499
0.097351	1.983032	-1.736450	-0.548401
0.153503	1.823730	-1.557007	-0.433350
0.213013	1.664734	-1.371155	-0.307922
0.278625	1.513062	-1.179504	-0.167847
0.355530	1.356812	-0.993652	-0.014343
0.442505	1.181030	-0.816345	0.151367
0.514221	0.992737	-0.657043	0.319824
0.565491	0.790100	-0.506592	0.482483
0.592041	0.570374	-0.360718	0.618896
0.592041	0.332031	-0.212097	0.715637
0.561829	0.079041	-0.054321	0.772400
0.506287	-0.186768	0.113220	0.793762
0.435181	-0.456543	0.277100	0.781860
0.350952	-0.719910	0.440369	0.747070
0.261230	-0.979309	0.600891	0.691223
0.167847	-1.238098	0.754089	0.618896
0.070496	-1.492310	0.888367	0.525513
-0.023804	-1.744080	1.000671	0.408936
-0.114441	-2.000732	1.101074	0.277405
-0.197754	-2.255859	1.199036	0.133972
-0.266113	-2.498474	1.292419	-0.004883
-0.322266	-2.715454	1.380310	-0.123901
-0.370483	-2.911072	1.450500	-0.216370
-0.412598	-3.087158	1.489258	-0.271912
-0.445557	-3.242798	1.497803	-0.288391
-0.467834	-3.376770	1.483154	-0.280762
-0.473938	-3.480835	1.447754	-0.259399
-0.473022	-3.555298	1.394348	-0.218811
-0.467224	-3.598633	1.340027	-0.157776
-0.455322	-3.612671	1.292725	-0.086365
-0.437927	-3.593140	1.256104	-0.012512
-0.420227	-3.528748	1.228943	0.067139
-0.397034	-3.420105	1.206665	0.160217
-0.370483	-3.276978	1.192322	0.261841
-0.343628	-3.100281	1.188354	0.361328
-0.321045	-2.897339	1.194153	0.451355
-0.309143	-2.677002	1.203308	0.534058
-0.306396	-2.441101	1.209717	0.616455
-0.299683	-2.188721	1.212463	0.702209
-0.285645	-1.932373	1.216736	0.786133
-0.270691	-1.686401	1.217346	0.857544
-0.259094	-1.460266	1.196594	0.914001
-0.243225	-1.262207	1.140442	0.952759
-0.222473	-1.094360	1.039429	0.973511
-0.194702	-0.962219	0.893860	0.985718
-0.158386	-0.869446	0.711365	0.991516
-0.113831	-0.796204	0.492554	0.980225
-0.064697	-0.722656	0.240784	0.956116
-0.014954	-0.660400	-0.029602	0.917053
0.027771	-0.618591	-0.308533	0.854797
0.061951	-0.593872	-0.588074	0.773621
0.091248	-0.585632	-0.851746	0.678406
0.115662	-0.582581	-1.096497	0.570374
0.129089	-0.577698	-1.326294	0.448914
0.130310	-0.556641	-1.533508	0.314636
0.134277	-0.514526	-1.707458	0.172119
0.140686	-0.454102	-1.856689	0.034180
0.137939	-0.377502	-1.983643	-0.084534
0.123596	-0.287170	-2.079163	-0.176697
0.107422	-0.182800	-2.146606	-0.251160
0.104065	-0.061951	-2.187195	-0.301514
0.123291	0.076904	-2.210083	-0.320740
0.168457	0.227661	-2.214966	-0.314941
0.226135	0.375061	-2.202454	-0.281677
0.290527	0.509338	-2.176208	-0.222168
0.359192	0.627441	-2.132874	-0.149231
0.425415	0.733337	-2.069702	-0.074158
0.485840	0.836487	-1.991272	0.006104
0.544128	0.933533	-1.903381	0.099182
0.592651	1.020203	-1.815796	0.196228
0.621643	1.096191	-1.730042	0.282593
0.635986	1.167908	-1.643066	0.347595
0.643311	1.246033	-1.554565	0.376892
0.648193	1.326904	-1.459961	0.368347
0.643921	1.407166	-1.362305	0.320740
0.626221	1.477356	-1.261292	0.237122
0.593872	1.530151	-1.160583	0.125427
0.550537	1.562805	-1.067200	-0.006409
0.499268	1.572876	-0.968933	-0.154724
0.442505	1.554260	-0.865784	-0.301819
0.377808	1.501160	-0.754395	-0.446777
0.314636	1.412659	-0.635986	-0.582886
0.252075	1.287537	-0.511475	-0.711975
0.189819	1.123047	-0.384216	-0.828857
0.131531	0.928955	-0.256042	-0.929871
0.078735	0.714417	-0.130615	-1.016541
0.035706	0.479736	-0.002441	-1.087341
0.003967	0.234680	0.125732	-1.134338
-0.016174	-0.021973	0.252686	-1.147766
-0.027771	-0.288696	0.386047	-1.123657
-0.033264	-0.540161	0.523682	-1.073608
-0.034180	-0.773926	0.664978	-0.998230
-0.037537	-0.986633	0.807495	-0.898132
-0.044250	-1.172180	0.955200	-0.771790
-0.046692	-1.322632	1.108704	-0.624695
-0.043640	-1.431580	1.266174	-0.466919
-0.036621	-1.499939	1.430359	-0.305786
-0.030823	-1.526489	1.599731	-0.148010
-0.030518	-1.510010	1.764221	-0.000916
-0.035706	-1.456909	1.911011	0.128174
-0.040283	-1.374817	2.029114	0.244446
-0.042419	-1.270447	2.119141	0.354614
-0.045776	-1.155701	2.181396	0.465088
-0.050659	-1.044312	2.219543	0.580750
-0.058289	-0.943909	2.229004	0.709839
-0.064087	-0.861206	2.212219	0.857239
-0.062866	-0.801392	2.167358	1.006470
-0.058594	-0.768738	2.092896	1.153870
-0.061035	-0.765991	1.990662	1.304016
-0.082703	-0.788269	1.861572	1.448975
-0.124207	-0.829163	1.712646	1.581726
-0.184021	-0.888367	1.547241	1.696777
-0.251465	-0.965576	1.372070	1.792908
-0.316162	-1.053467	1.195679	1.866760
-0.379028	-1.143494	1.020508	1.915588
-0.446472	-1.223145	0.848083	1.937561
-0.519409	-1.299133	0.675964	1.929321
-0.582581	-1.375732	0.513000	1.890869
-0.630493	-1.442871	0.367737	1.823120
-0.664063	-1.487732	0.238647	1.730042
-0.679016	-1.506958	0.113831	1.613464
-0.670776	-1.490479	-0.008240	1.484375
-0.643616	-1.439819	-0.126343	1.354065
-0.599365	-1.353455	-0.242004	1.222534
-0.538025	-1.231689	-0.354004	1.093445
-0.467834	-1.076660	-0.470276	0.971069
-0.395203	-0.897217	-0.583191	0.859985
-0.321045	-0.700378	-0.685425	0.761414
-0.238342	-0.488892	-0.768433	0.672302
-0.150757	-0.259094	-0.826111	0.599976
-0.064392	-0.011597	-0.859680	0.539246
0.012207	0.247803	-0.877991	0.489502
0.075989	0.512390	-0.880432	0.454712
0.125732	0.777588	-0.867920	0.425415
0.158691	1.042175	-0.842285	0.392456
0.179138	1.302490	-0.798340	0.350647
0.185852	1.551208	-0.740051	0.297546
0.182800	1.781006	-0.665894	0.231934
0.170898	1.990662	-0.578613	0.155640
0.151062	2.171631	-0.487976	0.064392
0.119629	2.317200	-0.403442	-0.038757
0.079651	2.432251	-0.325623	-0.157471
0.036011	2.521667	-0.254517	-0.297241
-0.006714	2.591858	-0.196228	-0.460510
-0.044250	2.648621	-0.167542	-0.643616
-0.075073	2.687988	-0.173340	-0.835266
-0.095215	2.707825	-0.208435	-1.025085
-0.096436	2.706909	-0.268250	-1.208801
-0.078735	2.684937	-0.343933	-1.380920
-0.046082	2.643127	-0.435486	-1.539307
-0.005798	2.575378	-0.544739	-1.686401
0.037537	2.487183	-0.663452	-1.813660
0.082397	2.385254	-0.778198	-1.920776
0.123596	2.267456	-0.875244	-2.021790
0.155334	2.145996	-0.942078	-2.109985
0.180359	2.031250	-0.979614	-2.183533
0.196228	1.925049	-0.986023	-2.232666
0.203552	1.828003	-0.961914	-2.254944
0.206299	1.732788	-0.910034	-2.257080
0.209351	1.638489	-0.825500	-2.249146
0.214233	1.545105	-0.699463	-2.233276
0.219421	1.453247	-0.535583	-2.199707
0.223999	1.356201	-0.341797	-2.137146
0.232239	1.247864	-0.128784	-2.039185
0.249939	1.126404	0.093994	-1.904297
0.277710	0.995178	0.313416	-1.734619
0.309448	0.855408	0.520020	-1.539917
0.338135	0.701904	0.703430	-1.335144
0.358582	0.533447	0.862427	-1.120605
0.370789	0.356445	0.993347	-0.897217
0.375366	0.176697	1.094360	-0.673218
0.376587	0.000916	1.162109	-0.456848
0.368958	-0.171814	1.201782	-0.256653
0.353394	-0.344238	1.212769	-0.083008
0.329895	-0.514832	1.196594	0.063782
0.296021	-0.677185	1.158142	0.179443
0.248718	-0.827942	1.098633	0.265808
0.186157	-0.970764	1.022339	0.321045
0.107727	-1.103516	0.935974	0.346680
0.018005	-1.220398	0.844727	0.354614
-0.075989	-1.321106	0.754700	0.354919
-0.167236	-1.406250	0.668335	0.353699
-0.249329	-1.474915	0.583496	0.353394
-0.317078	-1.533813	0.505981	0.355225
-0.373840	-1.588135	0.444031	0.359192
-0.421753	-1.632690	0.395508	0.372009
-0.469360	-1.661377	0.357666	0.396118
-0.514526	-1.670532	0.332031	0.435791
-0.548401	-1.653137	0.318604	0.494080
-0.566101	-1.606445	0.317993	0.578918
-0.567017	-1.534119	0.329590	0.691223
-0.555725	-1.444092	0.346069	0.829163
-0.537109	-1.339111	0.361938	0.989685
-0.513306	-1.220703	0.379639	1.160583
-0.480042	-1.091614	0.407715	1.325378
-0.441284	-0.952454	0.445251	1.470642
-0.402527	-0.808411	0.489502	1.589661
-0.368042	-0.654602	0.536804	1.679993
-0.339966	-0.486755	0.586243	1.739197
-0.318298	-0.303650	0.635681	1.766663
-0.304565	-0.105286	0.685120	1.756592
-0.298462	0.093079	0.725403	1.709290
-0.294189	0.295105	0.751953	1.631470
-0.289917	0.496826	0.765686	1.528320
-0.286255	0.695801	0.764465	1.405945
-0.281982	0.879517	0.750732	1.264648
-0.273743	1.036377	0.725098	1.115417
-0.255127	1.156921	0.682678	0.968628
-0.226135	1.235657	0.622559	0.828857
-0.193176	1.270447	0.538330	0.700378
-0.161743	1.264648	0.431213	0.583191
-0.133667	1.224060	0.304260	0.475159
-0.111084	1.156311	0.161133	0.370789
-0.091858	1.064453	0.003662	0.264893
-0.070496	0.953369	-0.161133	0.152283
-0.048523	0.828857	-0.326233	0.037842
-0.028687	0.704041	-0.475769	-0.069580
-0.011902	0.581665	-0.607300	-0.173035
0.002136	0.469666	-0.720215	-0.268250
0.018616	0.365295	-0.818481	-0.357056
0.038757	0.274963	-0.896912	-0.438232
0.063171	0.204163	-0.951233	-0.509644
0.093994	0.154724	-0.982666	-0.568542
0.134277	0.130310	-0.995789	-0.613098
0.185852	0.126953	-0.995789	-0.639648
0.246277	0.141296	-0.986328	-0.646057
0.313416	0.170898	-0.970154	-0.635681
0.382385	0.209961	-0.947266	-0.613098
0.449524	0.248413	-0.914001	-0.587769
0.513306	0.281677	-0.870361	-0.563049
0.575867	0.303040	-0.817261	-0.537415
0.637817	0.307007	-0.758362	-0.506897
0.694885	0.285645	-0.696411	-0.472412
0.743103	0.237427	-0.636902	-0.437317
0.776978	0.163269	-0.582886	-0.404968
0.794678	0.070496	-0.533447	-0.382690
0.797424	-0.041504	-0.487976	-0.374146
0.781250	-0.169067	-0.448608	-0.386963
0.747681	-0.307922	-0.417480	-0.423584
0.699768	-0.450134	-0.393982	-0.483093
0.643616	-0.592041	-0.375061	-0.560303
0.582581	-0.734863	-0.362244	-0.655212
0.519409	-0.875549	-0.356750	-0.765991
0.453491	-1.009216	-0.357971	-0.888367
0.385742	-1.134338	-0.360718	-1.016235
0.317383	-1.247253	-0.361633	-1.142273
0.252380	-1.349182	-0.358887	-1.259766
0.191345	-1.441345	-0.351257	-1.361084
0.137634	-1.526184	-0.341797	-1.438293
0.096130	-1.598816	-0.331116	-1.481323
0.071106	-1.661072	-0.318604	-1.489563
0.058899	-1.713867	-0.308228	-1.462402
0.051575	-1.758728	-0.301514	-1.403503
0.043945	-1.795654	-0.295715	-1.313782
0.034485	-1.817627	-0.284424	-1.196289
0.024109	-1.820984	-0.262451	-1.062012
0.011292	-1.806946	-0.223999	-0.913086
-0.001526	-1.773987	-0.166931	-0.748596
-0.019531	-1.714478	-0.090637	-0.569763
-0.041199	-1.623230	-0.000305	-0.377502
-0.067444	-1.501465	0.098267	-0.182800
-0.096130	-1.355286	0.206604	0.003967
-0.129700	-1.190796	0.324402	0.174561
-0.166016	-1.010742	0.444641	0.330200
-0.203247	-0.816345	0.558167	0.471497
-0.240479	-0.614014	0.655212	0.599976
-0.274658	-0.410156	0.731812	0.714722
-0.302124	-0.213928	0.780640	0.816956
-0.319214	-0.030823	0.799255	0.911255
-0.326843	0.131531	0.790405	0.995483
-0.329895	0.265198	0.754700	1.066284
-0.328064	0.361328	0.691833	1.122742
-0.321655	0.416565	0.607605	1.162109
-0.315857	0.432739	0.509033	1.181946
-0.316467	0.414734	0.402222	1.185608
-0.323792	0.361938	0.288086	1.176147
-0.333862	0.279846	0.166931	1.159668
-0.345154	0.182190	0.044250	1.137085
-0.357666	0.075684	-0.076599	1.109924
-0.369568	-0.035400	-0.192261	1.077271
-0.380554	-0.143433	-0.292969	1.039429
-0.387268	-0.255737	-0.375366	0.997314
-0.386963	-0.364990	-0.431824	0.952759
-0.382080	-0.470886	-0.466919	0.908813
-0.374146	-0.564880	-0.482788	0.870361
-0.361023	-0.641174	-0.477905	0.836792
-0.336304	-0.697632	-0.456238	0.806580
-0.300293	-0.731506	-0.422058	0.779114
-0.256348	-0.738220	-0.382996	0.755615
-0.207825	-0.714417	-0.342712	0.737000
-0.153198	-0.662231	-0.302429	0.726318
-0.090942	-0.587463	-0.264282	0.725403
-0.017395	-0.497437	-0.227966	0.734863
0.064087	-0.395813	-0.194702	0.756531
0.149231	-0.285950	-0.167847	0.787964
0.235596	-0.166931	-0.147400	0.823364
0.316772	-0.040588	-0.133362	0.856018
0.386047	0.086365	-0.124817	0.874939
0.439453	0.211792	-0.122681	0.870056
0.470581	0.334778	-0.133057	0.837097
0.478821	0.456543	-0.150452	0.780334
0.467529	0.574951	-0.166626	0.690918
0.438232	0.682678	-0.174866	0.579224
0.398254	0.775452	-0.169067	0.451050
0.348816	0.852356	-0.143433	0.302124
0.304565	0.915527	-0.100708	0.133057
0.263367	0.959778	-0.046692	-0.053406
0.222473	0.982361	0.013428	-0.249634
0.183105	0.980225	0.073853	-0.451660
0.144958	0.957947	0.122375	-0.647278
0.106201	0.922852	0.159302	-0.830078
0.068359	0.871887	0.188599	-0.996094
0.045471	0.809326	0.213928	-1.141663
0.033875	0.745544	0.235596	-1.263428
0.026550	0.688477	0.245972	-1.360779
0.029297	0.642395	0.239258	-1.441345
0.040588	0.608826	0.224915	-1.511841
0.054321	0.588989	0.213928	-1.567688
0.072937	0.581360	0.211487	-1.612549
0.097961	0.590820	0.216370	-1.642761
0.122375	0.624695	0.231018	-1.657410
0.140381	0.678406	0.261536	-1.656494
0.153503	0.750732	0.305786	-1.645203
0.160522	0.834045	0.358276	-1.627502
0.164185	0.932007	0.415344	-1.598206
0.163879	1.033630	0.479736	-1.560364
0.158691	1.134338	0.541992	-1.510010
0.156860	1.224365	0.599976	-1.444702
0.162048	1.302490	0.660095	-1.360474
0.164795	1.371155	0.722046	-1.259766
0.155029	1.425171	0.775146	-1.144104
0.133362	1.459961	0.816040	-1.012268
0.103455	1.472473	0.842285	-0.865479
0.063477	1.469421	0.848389	-0.705872
0.019836	1.446228	0.827942	-0.541992
-0.024719	1.398926	0.780029	-0.379639
-0.073242	1.330566	0.707703	-0.214233
-0.126038	1.244812	0.612793	-0.054321
-0.173645	1.144104	0.503235	0.089417
-0.219421	1.023865	0.381470	0.216064
-0.270691	0.886536	0.249634	0.325928
-0.322571	0.742493	0.114136	0.414734
-0.375061	0.599670	-0.020752	0.475769
-0.430298	0.471497	-0.154419	0.509338
-0.478821	0.361633	-0.284729	0.522766
-0.516663	0.266724	-0.410461	0.520630
-0.545654	0.192566	-0.523376	0.513306
-0.563965	0.143433	-0.619507	0.504150
-0.568237	0.115662	-0.690918	0.492249
-0.561218	0.104980	-0.736389	0.480652
-0.546265	0.105896	-0.760803	0.474243
-0.521545	0.113831	-0.764465	0.478516
-0.488586	0.127563	-0.744324	0.495911
-0.447083	0.144348	-0.704651	0.530701
-0.396729	0.164490	-0.650635	0.580444
-0.343323	0.184631	-0.586548	0.645142
-0.293274	0.202332	-0.511780	0.725708
-0.249939	0.217285	-0.428162	0.820923
-0.205688	0.229492	-0.335388	0.920410
-0.167236	0.238342	-0.233154	1.006165
-0.136414	0.249329	-0.120239	1.070862
-0.116882	0.261841	0.000000	1.114502
-0.106812	0.274353	0.122375	1.136475
-0.108948	0.291443	0.243225	1.136475
-0.118713	0.312195	0.357666	1.112671
-0.135193	0.332336	0.464478	1.064148
-0.158997	0.351257	0.560303	0.993652
-0.185547	0.372314	0.637817	0.904846
-0.212402	0.396118	0.694885	0.798340
-0.238342	0.419006	0.729065	0.671692
-0.257263	0.436707	0.734863	0.527344
-0.265503	0.448608	0.712280	0.372925
-0.263062	0.451660	0.669250	0.208130
-0.251465	0.446777	0.605164	0.035706
-0.231323	0.433350	0.525208	-0.137329
-0.208740	0.408020	0.437927	-0.302124
-0.184937	0.367737	0.347900	-0.455933
-0.158997	0.313721	0.257874	-0.596008
-0.136108	0.245972	0.173950	-0.712585
-0.113525	0.168457	0.103760	-0.804443
-0.089111	0.092773	0.050354	-0.875854
-0.062561	0.024109	0.016785	-0.930481
-0.033875	-0.035400	0.002747	-0.969849
-0.002441	-0.080872	0.004883	-0.994568
0.033569	-0.110474	0.024109	-1.007690
0.067749	-0.123901	0.065613	-1.011963
0.095215	-0.122681	0.127563	-1.006165
0.118408	-0.108948	0.203247	-0.989075
0.140686	-0.084229	0.288696	-0.959473
0.168152	-0.045776	0.379333	-0.919495
0.206604	0.003357	0.470276	-0.867920
0.249634	0.056763	0.557556	-0.805054
0.292664	0.112000	0.635681	-0.735779
0.335083	0.167542	0.702515	-0.666199
0.379944	0.214844	0.753174	-0.595703
0.424805	0.249634	0.784607	-0.528259
0.467224	0.267639	0.788269	-0.466919
0.507202	0.269165	0.763245	-0.415039
0.540466	0.256653	0.709229	-0.373840
0.564270	0.228271	0.628967	-0.343628
0.575562	0.181274	0.529480	-0.322876
0.571289	0.114746	0.414734	-0.309448
0.552979	0.031128	0.285645	-0.302734
0.520630	-0.065308	0.144958	-0.298462
0.473633	-0.165405	0.002747	-0.294800
0.415955	-0.267639	-0.132751	-0.291748
0.351257	-0.373535	-0.261230	-0.289917
0.285645	-0.475769	-0.381165	-0.288696
0.222473	-0.566406	-0.488892	-0.282898
0.159912	-0.644531	-0.588074	-0.270691
0.099487	-0.707397	-0.675049	-0.250549
0.040283	-0.757751	-0.753479	-0.220642
-0.011292	-0.794983	-0.819397	-0.179443
-0.050354	-0.818787	-0.873108	-0.118408
-0.073547	-0.830383	-0.913696	-0.032959
-0.084839	-0.834656	-0.941162	0.077820
-0.084534	-0.829773	-0.957031	0.206604
-0.077209	-0.810852	-0.963135	0.349121
-0.063782	-0.775146	-0.959473	0.498657
-0.047607	-0.722351	-0.942993	0.649414
-0.030518	-0.650635	-0.915527	0.796204
-0.015259	-0.560303	-0.877686	0.933838
-0.002747	-0.454407	-0.825806	1.057739
0.003662	-0.335693	-0.760193	1.166992
0.000610	-0.209351	-0.682678	1.259460
-0.007019	-0.079956	-0.593872	1.331177
-0.017395	0.043640	-0.495605	1.380005
-0.032654	0.161133	-0.389709	1.403198
-0.049438	0.268860	-0.281677	1.400146
-0.071106	0.364075	-0.174561	1.369629
-0.097351	0.440063	-0.072632	1.316833
-0.126648	0.494080	0.025330	1.245422
-0.154114	0.523987	0.119629	1.158752
-0.180664	0.526733	0.199585	1.062622
-0.205688	0.502930	0.254211	0.964050
-0.229187	0.450439	0.288696	0.869751
-0.252380	0.373230	0.310059	0.779114
-0.274658	0.273743	0.317078	0.690308
-0.290527	0.151978	0.305176	0.607300
-0.298462	0.011292	0.279236	0.531921
-0.304871	-0.139160	0.242920	0.466003
-0.310059	-0.294800	0.197449	0.408936
-0.308838	-0.456848	0.145569	0.356445
-0.302429	-0.621033	0.088806	0.304871
-0.298157	-0.775452	0.027771	0.255737
-0.294189	-0.906677	-0.028992	0.209656
-0.279846	-1.022034	-0.076904	0.166931
-0.256348	-1.119385	-0.113525	0.129395
-0.223389	-1.199646	-0.136719	0.096741
-0.182190	-1.262207	-0.140381	0.066833
-0.135193	-1.306763	-0.126038	0.043640
-0.084839	-1.334229	-0.098572	0.031738
-0.028992	-1.352539	-0.061340	0.028381
0.031433	-1.364136	-0.016174	0.030212
0.090942	-1.364746	0.032043	0.039368
0.148926	-1.355591	0.078735	0.059814
0.208435	-1.340027	0.118713	0.088806
0.264282	-1.317749	0.143738	0.124512
0.317993	-1.289673	0.148926	0.167542
0.370483	-1.259155	0.138245	0.213013
0.416565	-1.234131	0.115967	0.254822
0.450439	-1.214294	0.085144	0.287781
0.473633	-1.198120	0.043335	0.307007
0.491028	-1.184387	-0.004272	0.305176
0.498962	-1.171265	-0.050659	0.282288
0.495300	-1.159668	-0.092773	0.238953
0.480042	-1.150818	-0.132751	0.170898
0.454102	-1.144104	-0.172424	0.071106
0.417175	-1.139221	-0.213623	-0.055542
0.375671	-1.140137	-0.256042	-0.196533
0.334167	-1.142883	-0.297241	-0.346985
0.293579	-1.138916	-0.337219	-0.507813
0.253296	-1.123047	-0.373535	-0.668030
0.215759	-1.096497	-0.402222	-0.818176
0.189514	-1.067200	-0.424194	-0.946960
0.177612	-1.028442	-0.451050	-1.060791
0.173340	-0.975952	-0.474548	-1.153870
0.172119	-0.914917	-0.485535	-1.214905
0.173340	-0.847168	-0.490112	-1.247864
0.180969	-0.762939	-0.498352	-1.256409
0.193481	-0.661316	-0.496826	-1.242981
0.203857	-0.547180	-0.477905	-1.206360
0.208740	-0.422668	-0.449829	-1.146240
0.212097	-0.280151	-0.419617	-1.061096
0.219727	-0.117493	-0.379944	-0.957947
0.226746	0.058289	-0.333557	-0.853882
0.223694	0.238953	-0.289917	-0.752869
0.214539	0.424500	-0.248413	-0.649109
0.201416	0.618286	-0.203857	-0.548706
0.180664	0.819702	-0.155945	-0.456848
0.147705	1.022949	-0.111084	-0.374146
0.109558	1.222229	-0.068054	-0.295105
0.069580	1.408997	-0.027771	-0.216370
0.029297	1.580505	0.006409	-0.138245
-0.012207	1.734009	0.029602	-0.066223
-0.056458	1.859741	0.041809	-0.001221
-0.097961	1.957703	0.048218	0.059814
-0.130310	2.028198	0.048828	0.113220
-0.156555	2.066040	0.042419	0.158081
-0.187378	2.066956	0.025024	0.193176
-0.216064	2.035217	-0.001831	0.222168
-0.239258	1.970520	-0.033875	0.252075
-0.258484	1.862793	-0.072327	0.278625
-0.280762	1.726685	-0.116272	0.299072
-0.303650	1.584778	-0.164185	0.311279
-0.324402	1.436462	-0.208740	0.319824
-0.349426	1.278381	-0.245056	0.328369
-0.377197	1.120605	-0.265808	0.329895
-0.401001	0.978394	-0.272827	0.326538
-0.416565	0.849304	-0.269470	0.322876
-0.425720	0.733337	-0.259705	0.322266
-0.433044	0.631714	-0.235901	0.329895
-0.430908	0.544128	-0.192871	0.349426
-0.415955	0.472107	-0.139160	0.377502
-0.387573	0.410767	-0.076904	0.410156
-0.354614	0.363770	-0.004578	0.445862
-0.318298	0.330505	0.077515	0.495605
-0.270691	0.305481	0.164185	0.563965
-0.211182	0.279846	0.254211	0.650635
-0.147705	0.252380	0.351257	0.743103
-0.084229	0.226440	0.451355	0.836487
-0.022278	0.192566	0.546570	0.926514
0.031128	0.146790	0.634460	1.004944
0.073547	0.095215	0.710754	1.066589
0.104370	0.039368	0.774841	1.113586
0.123291	-0.021362	0.829773	1.145630
0.128784	-0.088806	0.877075	1.157227
0.119934	-0.159302	0.913696	1.141968
0.096741	-0.232239	0.938416	1.100769
0.061035	-0.304871	0.949707	1.037292
0.019226	-0.378418	0.947571	0.953674
-0.026550	-0.450134	0.934143	0.846863
-0.069580	-0.515442	0.910645	0.714417
-0.106812	-0.570679	0.874023	0.565186
-0.138550	-0.614319	0.824890	0.402222
-0.166016	-0.653687	0.768433	0.228271
-0.186768	-0.692749	0.709839	0.052490
-0.196228	-0.728149	0.648499	-0.122375
-0.197754	-0.758362	0.590515	-0.284119
-0.195923	-0.783386	0.535278	-0.438538
-0.190430	-0.802002	0.483093	-0.581665
-0.179138	-0.807495	0.437927	-0.707703
-0.160217	-0.799255	0.397644	-0.817261
-0.135803	-0.780334	0.362244	-0.915833
-0.106506	-0.753174	0.332947	-1.003723
-0.076599	-0.713501	0.314026	-1.077271
-0.050049	-0.658264	0.304565	-1.138000
-0.026550	-0.585022	0.303955	-1.188660
-0.006104	-0.491333	0.314026	-1.230469
0.014648	-0.382385	0.335083	-1.262817
0.034485	-0.260315	0.368042	-1.281433
0.054626	-0.125122	0.414734	-1.283264
0.072937	0.025635	0.470581	-1.275024
0.085449	0.186768	0.524902	-1.259766
0.094299	0.346985	0.573425	-1.237488
0.100403	0.499878	0.613098	-1.209412
0.103760	0.637817	0.641479	-1.175842
0.105896	0.762329	0.653992	-1.136169
0.113220	0.873718	0.643005	-1.091003
0.122375	0.973816	0.604248	-1.041565
0.131836	1.057129	0.538330	-0.990295
0.138245	1.119995	0.445557	-0.931396
0.142517	1.159973	0.327454	-0.861206
0.141907	1.176758	0.182190	-0.788879
0.133972	1.171875	0.016785	-0.717773
0.119324	1.148071	-0.161438	-0.647888
0.096741	1.106873	-0.346985	-0.582275
0.068665	1.050110	-0.534363	-0.523682
0.037842	0.981140	-0.715637	-0.471497
0.003052	0.904236	-0.884094	-0.427856
-0.034485	0.824585	-1.040649	-0.393982
