2020/1/9 9:25:36 40us
CH1			CH2			CH3			CH4
-0.010376	0.000305	0.005493	-0.003357
-0.010681	-0.000610	0.005493	-0.003662
-0.010986	-0.000610	0.005493	-0.003967
-0.010681	-0.000305	0.005188	-0.003967
-0.010376	0.000305	0.005188	-0.003967
-0.010986	0.000000	0.004883	-0.003967
-0.010681	0.000305	0.004883	-0.003967
-0.010681	-0.000305	0.004883	-0.003662
-0.010986	0.000305	0.004883	-0.004272
-0.010986	0.000305	0.005188	-0.004578
-0.010986	0.000305	0.004883	-0.003967
-0.010681	-0.000610	0.005188	-0.003662
-0.010986	-0.000916	0.005493	-0.003662
-0.010681	-0.000610	0.006104	-0.003662
-0.010986	-0.000916	0.005798	-0.003967
-0.010986	-0.000916	0.005798	-0.003967
-0.010986	-0.000305	0.005493	-0.004272
-0.010986	-0.000916	0.004883	-0.003967
-0.010986	-0.001221	0.004883	-0.004272
-0.011292	-0.001221	0.004883	-0.004272
-0.010986	-0.000916	0.005188	-0.003662
-0.010986	-0.001221	0.005188	-0.003967
-0.010376	-0.001221	0.004883	-0.004272
-0.010681	-0.001831	0.005493	-0.003967
-0.010986	-0.001831	0.005493	-0.004578
-0.011292	-0.001831	0.005188	-0.004272
-0.011292	-0.001831	0.004883	-0.003967
-0.010681	-0.001831	0.004578	-0.003967
-0.010986	-0.002136	0.005188	-0.004272
-0.010986	-0.001526	0.005188	-0.004272
-0.010681	-0.001526	0.005188	-0.004272
-0.010986	-0.002136	0.004883	-0.004883
-0.010681	-0.002136	0.005188	-0.004578
-0.010681	-0.002136	0.004883	-0.004578
-0.010681	-0.002441	0.004883	-0.004272
-0.010986	-0.002441	0.004883	-0.004883
-0.011292	-0.002441	0.005188	-0.004883
-0.011292	-0.003052	0.004883	-0.004272
-0.011292	-0.002747	0.004883	-0.004578
-0.010986	-0.002747	0.004578	-0.003967
-0.011292	-0.002747	0.004578	-0.004578
-0.011292	-0.002747	0.004578	-0.004272
-0.011292	-0.002747	0.004578	-0.004578
-0.011292	-0.003052	0.004272	-0.004578
-0.011597	-0.001831	0.003967	-0.004578
-0.010986	0.165710	0.003967	-0.004578
-0.011902	0.113220	0.004578	-0.004883
-0.011292	-0.184326	0.004883	-0.004883
-0.011597	-0.506592	0.006409	-0.003967
-0.016479	-0.975342	0.004578	-0.003357
0.004578	-1.687927	0.021057	-0.003662
-0.044861	-2.555237	-0.013123	-0.002747
-0.022888	-3.493347	-0.007324	-0.003662
0.058289	-4.415894	0.007324	-0.003357
0.044861	-5.257874	0.039063	-0.023804
0.019226	-6.059265	0.045471	0.018921
-0.034180	-6.809692	0.039368	0.012817
-0.102234	-7.463379	0.079651	0.013123
-0.132141	-8.062134	0.095520	-0.050964
-0.141907	-8.657532	0.065613	-0.056152
-0.197449	-9.222412	0.031433	-0.075073
-0.230408	-9.752197	-0.044556	-0.054626
-0.199280	-10.000000	-0.182190	0.027466
-0.139160	-10.000000	-0.336609	0.132141
-0.053711	-10.000000	-0.486145	0.208130
0.026855	-10.000000	-0.607910	0.237427
0.097351	-10.000000	-0.696106	0.234985
0.188293	-10.000000	-0.794373	0.233765
0.273438	-9.551086	-0.905151	0.191345
0.350647	-8.829346	-1.002197	0.113220
0.445557	-8.010559	-1.055908	-0.018616
0.500793	-7.070923	-1.017761	-0.230713
0.527039	-6.081848	-0.862122	-0.482178
0.533447	-5.053101	-0.642395	-0.722656
0.522156	-4.028320	-0.372009	-0.886230
0.468445	-3.008118	-0.022888	-0.964050
0.374451	-2.030640	0.414429	-0.919495
0.287781	-1.043396	0.900269	-0.840454
0.206909	-0.077515	1.362915	-0.788269
0.157471	0.862122	1.833801	-0.653687
0.144348	1.774292	2.316284	-0.523987
0.132751	2.612915	2.793579	-0.317688
0.107422	3.412781	3.264465	-0.049438
0.082397	4.148865	3.754272	0.124817
0.021057	4.814148	4.210815	0.265198
-0.078430	5.435791	4.620972	0.473938
-0.149231	5.973816	5.009155	0.698242
-0.208740	6.444092	5.310669	0.883789
-0.298462	6.841125	5.463867	1.024170
-0.361328	7.134705	5.516357	1.167297
-0.428467	7.302551	5.405579	1.306152
-0.516663	7.401428	5.102844	1.398010
-0.545349	7.427979	4.573059	1.416321
-0.516052	7.330322	3.804321	1.394653
-0.443420	7.109375	2.933350	1.376648
-0.346985	6.805725	2.048035	1.302795
-0.257263	6.487427	1.085510	1.188354
-0.190430	6.141968	0.066223	1.043701
-0.134277	5.767517	-0.987854	0.861206
-0.057068	5.434875	-1.950378	0.664368
0.050354	5.113831	-2.825928	0.474854
0.110168	4.755249	-3.628235	0.226746
0.125427	4.424133	-4.334717	-0.011292
0.119934	4.103088	-4.908447	-0.184937
0.080261	3.745422	-5.329590	-0.332642
0.053711	3.366699	-5.632935	-0.437927
0.027161	2.963257	-5.833740	-0.549622
-0.023804	2.542419	-5.925293	-0.653992
-0.073853	2.151794	-5.966187	-0.753174
-0.096436	1.853943	-5.967712	-0.785828
-0.152283	1.600037	-5.859985	-0.746765
-0.256042	1.372986	-5.682373	-0.655212
-0.364990	1.179504	-5.486145	-0.531921
-0.473633	1.050720	-5.227356	-0.382996
-0.597839	0.988159	-4.941406	-0.216064
-0.725708	0.960693	-4.662170	-0.043945
-0.863342	1.011047	-4.330139	0.101318
-0.960999	1.166077	-3.935852	0.206909
-0.993652	1.420288	-3.507996	0.278320
-0.950317	1.700134	-3.029175	0.302734
-0.825500	2.003479	-2.523499	0.311584
-0.663147	2.332458	-2.056885	0.279541
-0.463867	2.707520	-1.630249	0.201111
-0.235901	3.116150	-1.240540	0.105591
-0.003967	3.501282	-0.856628	0.021362
0.230103	3.804016	-0.465698	-0.085144
0.459290	4.020386	-0.079651	-0.195618
0.674438	4.186401	0.244446	-0.301819
0.843201	4.282837	0.545959	-0.435486
0.968323	4.266357	0.868835	-0.571899
1.058044	4.147949	1.158752	-0.686646
1.127319	3.905945	1.441345	-0.773926
1.166382	3.526611	1.710510	-0.812988
1.148071	3.053894	1.931152	-0.773010
1.081543	2.502136	2.114563	-0.675049
0.985413	1.899414	2.239075	-0.542908
0.872803	1.275330	2.294312	-0.351868
0.777283	0.617676	2.284851	-0.108643
0.685425	-0.104675	2.209778	0.180054
0.576172	-0.854492	2.115479	0.488281
0.483398	-1.597595	2.048645	0.767212
0.403442	-2.335815	2.011414	0.989380
0.324402	-3.032837	1.992493	1.154480
0.250549	-3.699341	1.993713	1.228027
0.165405	-4.333801	2.004700	1.218262
0.059509	-4.900208	2.017822	1.112061
-0.053711	-5.350647	2.030029	0.906677
-0.166626	-5.683289	2.002563	0.605774
-0.307922	-6.098328	1.927185	0.245056
-0.455017	-6.536255	1.805115	-0.175781
-0.590515	-6.804504	1.654968	-0.608215
-0.694885	-6.856995	1.492310	-1.030273
-0.770569	-6.790466	1.302795	-1.455688
-0.804138	-6.579285	1.091614	-1.851501
-0.816040	-6.148682	0.889893	-2.182922
-0.809937	-5.598450	0.771179	-2.470398
-0.753479	-4.979553	0.665588	-2.678833
-0.723572	-4.266663	0.522461	-2.808838
-0.722046	-3.527222	0.441895	-2.862854
-0.713806	-2.774963	0.507202	-2.858582
-0.725098	-1.970215	0.682373	-2.717285
-0.731201	-1.160278	0.888977	-2.567139
-0.738525	-0.326233	1.115417	-2.451782
-0.765076	0.448608	1.329651	-2.200012
-0.749817	1.166382	1.547546	-1.733093
-0.692139	1.792603	1.774597	-1.232605
-0.619202	2.376709	2.043762	-0.795288
-0.525818	2.897644	2.290955	-0.314636
-0.450439	3.275146	2.421570	0.205688
-0.379333	3.606262	2.452393	0.717773
-0.304565	3.890381	2.429199	1.286926
-0.212708	4.075928	2.367859	1.899719
-0.107422	4.207458	2.223511	2.456055
0.016785	4.246826	2.046204	2.920227
0.140381	4.228516	1.868591	3.292542
0.280151	4.196167	1.610413	3.592224
0.449524	4.084778	1.270142	3.806458
0.590210	3.908997	0.923767	3.919983
0.682068	3.737488	0.571289	3.913269
0.772400	3.526001	0.161438	3.806152
0.866699	3.320923	-0.336609	3.573303
0.940857	3.139038	-0.919800	3.247681
0.970154	2.892151	-1.560974	2.862854
0.984192	2.583313	-2.241516	2.441101
0.926514	2.284241	-2.934570	2.014771
0.758972	2.029724	-3.604126	1.563721
0.547791	1.803589	-4.215698	1.087341
0.336304	1.586609	-4.742126	0.638428
0.149231	1.375732	-5.177307	0.272827
-0.041504	1.130066	-5.473022	-0.073242
-0.229492	0.843201	-5.664063	-0.433960
-0.403748	0.561523	-5.751038	-0.767212
-0.564880	0.296936	-5.658569	-1.060486
-0.697632	0.036011	-5.408325	-1.313782
-0.787048	-0.184631	-5.029907	-1.548767
-0.834656	-0.320740	-4.546509	-1.759949
-0.811157	-0.380249	-3.987122	-1.943054
-0.733032	-0.355225	-3.336487	-2.098694
-0.626526	-0.277710	-2.643127	-2.218628
-0.527039	-0.156555	-1.957703	-2.297363
-0.433960	0.015259	-1.291809	-2.337646
-0.328064	0.227356	-0.627136	-2.384338
-0.234985	0.459595	-0.013123	-2.421570
-0.168152	0.694580	0.547180	-2.434692
-0.100403	0.937805	1.072388	-2.463684
-0.051880	1.243591	1.517029	-2.493286
0.025330	1.626892	1.867676	-2.521362
0.139160	2.026978	2.153625	-2.548523
0.272522	2.383728	2.370605	-2.500305
0.400696	2.685852	2.504883	-2.398376
0.530701	2.945557	2.605286	-2.276611
0.681763	3.159485	2.678223	-2.116394
0.834656	3.310852	2.740479	-1.920471
0.967712	3.329468	2.825317	-1.688538
1.076355	3.191833	2.925415	-1.409302
1.165771	2.902527	3.006897	-1.084900
1.213379	2.477417	3.070679	-0.722046
1.193237	1.985779	3.117065	-0.355835
1.097717	1.455688	3.153992	-0.017395
0.965576	0.891724	3.164063	0.287781
0.833740	0.300903	3.118286	0.584717
0.702515	-0.303345	3.038330	0.881958
0.552063	-0.908203	2.929688	1.127014
0.368347	-1.508789	2.751465	1.312866
0.164185	-2.087402	2.501526	1.466370
-0.018921	-2.597656	2.198486	1.541748
-0.192261	-3.067017	1.849670	1.533203
-0.347900	-3.510742	1.480713	1.463928
-0.488892	-3.919067	1.127930	1.339417
-0.615540	-4.275208	0.803528	1.170349
-0.725708	-4.554749	0.527344	0.952454
-0.803223	-4.733582	0.302734	0.702209
-0.835266	-4.864502	0.117188	0.465393
-0.844116	-5.031433	-0.065918	0.237427
-0.845337	-5.157776	-0.224609	0.007629
-0.847473	-5.101624	-0.362244	-0.204773
-0.852966	-4.904785	-0.491333	-0.383911
-0.865173	-4.635315	-0.590210	-0.505676
-0.858765	-4.242249	-0.678406	-0.558472
-0.836487	-3.715820	-0.737610	-0.554199
-0.799561	-3.127136	-0.787354	-0.512695
-0.764160	-2.524719	-0.929871	-0.402832
-0.754700	-1.941528	-1.125488	-0.210571
-0.725098	-1.401367	-1.257324	0.013123
-0.679932	-0.886841	-1.312561	0.270081
-0.654297	-0.429382	-1.321106	0.552368
-0.610046	-0.033264	-1.312866	0.751038
-0.567017	0.317993	-1.308289	0.922852
-0.529175	0.617676	-1.296692	1.163025
-0.445862	0.865479	-1.242065	1.430359
-0.340881	1.062622	-1.134644	1.608887
-0.216980	1.266479	-0.964966	1.717224
-0.074463	1.441650	-0.765686	1.841431
0.075378	1.608887	-0.559998	1.984863
0.243225	1.841125	-0.386047	2.126465
0.414734	2.062683	-0.222473	2.294922
0.567627	2.268982	-0.066833	2.485352
0.680847	2.483826	0.052490	2.680054
0.757446	2.685242	0.140381	2.842102
0.804749	2.848206	0.148315	2.973633
0.833740	2.955933	0.072632	3.074646
0.824890	2.975769	-0.034485	3.115540
0.764771	2.961731	-0.148621	3.060913
0.697021	2.959290	-0.276794	2.901917
0.650635	2.934875	-0.437622	2.628784
0.602112	2.920227	-0.646667	2.225647
0.548401	2.895203	-0.891113	1.742249
0.488892	2.790222	-1.121521	1.187744
0.425110	2.618408	-1.318970	0.581970
0.323792	2.441711	-1.479492	-0.050049
0.202332	2.273865	-1.603699	-0.701904
0.085144	2.101746	-1.675415	-1.311646
-0.020142	1.930847	-1.703796	-1.814270
-0.098572	1.768188	-1.687012	-2.215881
-0.165405	1.582336	-1.622009	-2.587891
-0.228577	1.377258	-1.543274	-2.931519
-0.283203	1.174622	-1.412659	-3.200684
-0.321350	0.964661	-1.205139	-3.365784
-0.339966	0.735779	-0.983276	-3.475647
-0.353088	0.500183	-0.737610	-3.573608
-0.355835	0.260925	-0.469360	-3.652344
-0.330811	0.023193	-0.200195	-3.708801
-0.293274	-0.216675	0.049133	-3.707581
-0.248108	-0.455322	0.267944	-3.655090
-0.191650	-0.689697	0.445862	-3.544922
-0.114746	-0.936584	0.586548	-3.391724
-0.011292	-1.175842	0.700073	-3.220825
0.091248	-1.415405	0.794067	-2.992554
0.207520	-1.660461	0.872192	-2.719421
0.324097	-1.868896	0.923157	-2.415771
0.455017	-2.012329	0.962524	-2.031555
0.605164	-2.082214	1.003418	-1.628113
0.746765	-2.108765	1.041870	-1.211243
0.890503	-2.097778	1.057434	-0.741577
1.018982	-2.033081	1.058655	-0.257874
1.118164	-1.906128	1.066895	0.214233
1.195068	-1.726685	1.073303	0.672607
1.260071	-1.537476	1.125488	1.103821
1.307373	-1.371460	1.220703	1.502380
1.340637	-1.242676	1.310730	1.867065
1.357117	-1.183167	1.380310	2.196045
1.318054	-1.189270	1.437073	2.472229
1.205444	-1.245117	1.466064	2.669678
1.049194	-1.343079	1.476746	2.779236
0.881042	-1.478577	1.463928	2.799072
0.697327	-1.656189	1.409912	2.769165
0.481873	-1.853027	1.354065	2.703552
0.240784	-2.030640	1.283875	2.586975
-0.009460	-2.162781	1.163635	2.440186
-0.251160	-2.230835	1.006165	2.266235
-0.468140	-2.216492	0.836182	2.051086
-0.670776	-2.136536	0.661011	1.808167
-0.862732	-2.021790	0.487671	1.557617
-1.050110	-1.869812	0.333252	1.290283
-1.213989	-1.679077	0.204773	1.040039
-1.359863	-1.463013	0.078125	0.782166
-1.464844	-1.263733	-0.039978	0.527649
-1.524048	-1.069641	-0.165710	0.285339
-1.555481	-0.866699	-0.301819	0.037231
-1.573792	-0.669250	-0.423584	-0.215149
-1.582642	-0.452576	-0.548401	-0.462036
-1.583557	-0.218506	-0.663757	-0.690002
-1.558228	0.005188	-0.748596	-0.886536
-1.489868	0.237427	-0.827026	-1.048889
-1.394348	0.488281	-0.897522	-1.176453
-1.274719	0.736389	-0.960083	-1.261597
-1.141052	0.975342	-1.023865	-1.298523
-1.003418	1.192627	-1.068726	-1.266785
-0.855103	1.385803	-1.084900	-1.169128
-0.712585	1.572876	-1.087646	-1.011658
-0.569153	1.755371	-1.076355	-0.796204
-0.413513	1.931458	-1.046753	-0.522461
-0.260315	2.105103	-0.992737	-0.181274
-0.098877	2.271118	-0.914612	0.200806
0.067444	2.405396	-0.820618	0.610962
0.214539	2.510071	-0.720215	1.033630
0.342712	2.595520	-0.606079	1.425476
0.457764	2.654419	-0.465088	1.781006
0.568237	2.708130	-0.312195	2.105713
0.672913	2.763367	-0.169983	2.374878
0.761108	2.789917	-0.036621	2.578430
0.815125	2.781677	0.082092	2.716064
0.838623	2.734070	0.172424	2.786865
0.836487	2.639771	0.214233	2.795105
0.813599	2.511597	0.198364	2.732849
0.765991	2.352600	0.147095	2.594910
0.707397	2.155457	0.082703	2.367554
0.642090	1.942749	0.007324	2.039185
0.574951	1.737061	-0.082703	1.625366
0.515442	1.540833	-0.192566	1.150513
0.452271	1.352234	-0.323486	0.661926
0.391541	1.170959	-0.463257	0.171204
0.338745	0.989380	-0.595398	-0.346069
0.286560	0.820618	-0.709534	-0.851746
0.229797	0.677185	-0.808716	-1.342468
0.187073	0.561218	-0.880432	-1.800537
0.144348	0.443726	-0.909729	-2.206726
0.094604	0.307617	-0.907898	-2.565918
0.057373	0.143738	-0.870056	-2.874451
0.024414	-0.054321	-0.795593	-3.124695
-0.017395	-0.283508	-0.698547	-3.312683
-0.056458	-0.536194	-0.589905	-3.432312
-0.082092	-0.803528	-0.476990	-3.486328
-0.102539	-1.063232	-0.367737	-3.492126
-0.122986	-1.308289	-0.251770	-3.446350
-0.136108	-1.530151	-0.123596	-3.344421
-0.138550	-1.723938	0.007935	-3.177490
-0.130310	-1.891479	0.136108	-2.944641
-0.102844	-2.009583	0.257263	-2.673950
-0.048218	-2.077026	0.367432	-2.383423
0.028992	-2.103271	0.471191	-2.093811
0.115662	-2.092285	0.585938	-1.801453
0.209351	-2.052612	0.723877	-1.512451
0.315247	-1.972351	0.868835	-1.231079
0.420532	-1.845398	1.022339	-0.946350
0.528259	-1.669922	1.183472	-0.658875
0.631714	-1.459961	1.339417	-0.395813
0.709839	-1.223755	1.478577	-0.164490
0.767212	-0.953369	1.591797	0.050354
0.795593	-0.646667	1.684570	0.259399
0.774841	-0.315857	1.762390	0.460815
0.712280	0.018005	1.831665	0.648804
0.624084	0.329895	1.892700	0.821838
0.522156	0.614014	1.930542	0.971680
0.405273	0.867920	1.928711	1.102600
0.263977	1.075134	1.892700	1.226807
0.093994	1.235046	1.834717	1.346436
-0.091248	1.352234	1.757813	1.450195
-0.271912	1.430969	1.679382	1.530151
-0.436096	1.481323	1.601868	1.590576
-0.586853	1.509094	1.522827	1.635437
-0.722656	1.519470	1.438904	1.652222
-0.837402	1.525879	1.347351	1.636963
-0.932312	1.529541	1.251526	1.600037
-1.007080	1.517944	1.160278	1.540833
-1.063843	1.491699	1.076355	1.466370
-1.105652	1.453857	0.988464	1.382751
-1.126709	1.411438	0.879211	1.278687
-1.130676	1.369324	0.744019	1.154175
-1.121521	1.326599	0.582275	1.028137
-1.107788	1.270752	0.395508	0.907288
-1.085815	1.190491	0.172119	0.792542
-1.054077	1.090393	-0.098572	0.676880
-1.016235	0.969238	-0.402222	0.556030
-0.971680	0.814819	-0.726013	0.434875
-0.917969	0.627747	-1.057129	0.325928
-0.844421	0.414124	-1.372375	0.234375
-0.735779	0.194092	-1.658630	0.172424
-0.603638	-0.018921	-1.915894	0.148621
-0.462036	-0.227661	-2.125854	0.170593
-0.316772	-0.426025	-2.282410	0.238647
-0.175476	-0.617676	-2.385864	0.355225
-0.036621	-0.785828	-2.426758	0.508118
0.105286	-0.926514	-2.401428	0.681458
0.240784	-1.040955	-2.318420	0.874634
0.363464	-1.127930	-2.194519	1.088257
0.473633	-1.195984	-2.033081	1.320190
0.563049	-1.249390	-1.852722	1.544189
0.633240	-1.281738	-1.656799	1.738586
0.679626	-1.297607	-1.447754	1.890869
0.703430	-1.292725	-1.220093	1.990967
0.704041	-1.249390	-0.965881	2.029114
0.689392	-1.171570	-0.700989	2.001953
0.679626	-1.065674	-0.434570	1.912537
0.677185	-0.933838	-0.166931	1.760559
0.672302	-0.773315	0.103760	1.560059
0.666504	-0.580750	0.366516	1.322937
0.659790	-0.365295	0.611267	1.051941
0.646973	-0.137024	0.825806	0.752258
0.628967	0.104370	1.014404	0.429688
0.603943	0.345764	1.185303	0.079956
0.572205	0.575867	1.336060	-0.285339
0.523376	0.791016	1.462402	-0.648804
0.461426	0.989380	1.561890	-1.005859
0.398865	1.152344	1.630859	-1.338806
0.329590	1.275940	1.665344	-1.645203
0.261230	1.355591	1.662292	-1.927490
0.186462	1.385498	1.618347	-2.214050
0.094299	1.362305	1.540833	-2.494202
-0.007629	1.292114	1.441650	-2.756042
-0.100403	1.171875	1.326599	-2.984924
-0.186462	1.005249	1.192932	-3.176880
-0.253601	0.792236	1.043091	-3.326416
-0.294495	0.535889	0.884094	-3.428345
-0.322571	0.249023	0.726318	-3.480225
-0.342102	-0.057678	0.563660	-3.480225
-0.339355	-0.383606	0.393677	-3.427429
-0.317688	-0.717773	0.218201	-3.331604
-0.286865	-1.042175	0.056152	-3.190918
-0.235901	-1.343994	-0.084534	-3.005981
-0.166626	-1.604004	-0.212402	-2.780762
-0.087585	-1.818848	-0.336609	-2.512512
0.004883	-1.981506	-0.466919	-2.215881
0.103455	-2.093506	-0.590210	-1.894531
0.200195	-2.163696	-0.695801	-1.555176
0.296326	-2.196960	-0.780029	-1.204834
0.383301	-2.225342	-0.843506	-0.846252
0.460205	-2.254944	-0.889587	-0.479126
0.520630	-2.239075	-0.932922	-0.106506
0.570068	-2.170410	-0.965271	0.275269
0.614624	-2.062683	-0.975952	0.657654
0.641174	-1.912231	-0.964966	1.024170
0.645447	-1.699219	-0.932007	1.368713
0.625610	-1.429749	-0.874329	1.691589
0.584106	-1.114502	-0.808105	1.999207
0.523987	-0.768127	-0.747986	2.281799
0.456238	-0.409851	-0.673218	2.519836
0.388794	-0.049744	-0.568237	2.712708
0.315247	0.301819	-0.442505	2.869873
0.230408	0.628052	-0.321350	2.975159
0.129395	0.915222	-0.219727	3.012085
0.012512	1.157532	-0.137329	3.000793
-0.103149	1.347656	-0.069275	2.955322
-0.218506	1.484680	-0.006714	2.856750
-0.331116	1.577759	0.049744	2.696533
-0.437622	1.626282	0.091248	2.504578
-0.537415	1.626587	0.099792	2.295532
-0.622559	1.586914	0.076599	2.065125
-0.695801	1.520386	0.028992	1.828003
-0.760498	1.421814	-0.026855	1.592712
-0.816040	1.301270	-0.093079	1.345520
-0.848389	1.171570	-0.169983	1.085510
-0.859375	1.035461	-0.260315	0.818481
-0.852356	0.897522	-0.356140	0.577698
-0.833740	0.743408	-0.454102	0.364380
-0.812073	0.569153	-0.547485	0.182800
-0.786438	0.385437	-0.629578	0.033569
-0.747375	0.196533	-0.707703	-0.085144
-0.700989	0.011597	-0.787964	-0.193176
-0.647888	-0.168457	-0.867920	-0.297546
-0.574951	-0.370178	-0.937195	-0.397644
-0.480042	-0.594177	-0.982666	-0.481873
-0.375671	-0.818176	-1.008301	-0.545349
-0.279236	-1.025696	-1.010437	-0.585022
-0.187988	-1.208496	-0.978088	-0.597229
-0.090332	-1.357727	-0.911560	-0.578003
0.016479	-1.465759	-0.812378	-0.523987
0.126648	-1.537476	-0.672913	-0.454712
0.225830	-1.570740	-0.502625	-0.386353
0.312195	-1.566772	-0.308533	-0.310364
0.388489	-1.526794	-0.083313	-0.229492
0.451050	-1.451721	0.168457	-0.156860
0.509949	-1.349487	0.434265	-0.109863
0.560913	-1.218567	0.703735	-0.097656
0.605164	-1.061401	0.964050	-0.117798
0.636597	-0.879211	1.206055	-0.168152
0.643616	-0.675659	1.432800	-0.248413
0.627136	-0.455322	1.638489	-0.352478
0.599060	-0.232544	1.803589	-0.466309
0.561523	-0.015564	1.924438	-0.581970
0.519714	0.189514	2.000732	-0.689087
0.475769	0.370789	2.035828	-0.787964
0.428467	0.518799	2.035522	-0.882568
0.377197	0.636292	2.001648	-0.968628
0.327454	0.728455	1.936646	-1.051025
0.284729	0.791016	1.836853	-1.135864
0.247498	0.815430	1.698914	-1.208801
0.214233	0.803833	1.530151	-1.268616
0.187073	0.770569	1.342468	-1.320801
0.164490	0.720825	1.145325	-1.362305
0.150452	0.649109	0.938110	-1.396484
0.146484	0.546265	0.729370	-1.431274
0.145569	0.410156	0.521545	-1.457214
0.143738	0.246582	0.315552	-1.470947
0.136719	0.061035	0.111084	-1.477051
0.124817	-0.136414	-0.097046	-1.475220
0.112000	-0.322876	-0.313721	-1.467285
0.107422	-0.490112	-0.536194	-1.450500
0.109558	-0.649719	-0.754395	-1.418762
0.107422	-0.801392	-0.970764	-1.365967
0.097656	-0.947266	-1.186218	-1.291809
0.079346	-1.093140	-1.398926	-1.192322
0.056152	-1.223145	-1.597290	-1.063538
0.034485	-1.327209	-1.776123	-0.910339
0.015259	-1.403503	-1.935730	-0.744629
0.000916	-1.457825	-2.076721	-0.567017
-0.014954	-1.496887	-2.185974	-0.375366
-0.029297	-1.519165	-2.251587	-0.177307
-0.043030	-1.510315	-2.265625	0.013733
-0.051270	-1.460266	-2.225952	0.187683
-0.054932	-1.371765	-2.144165	0.342712
-0.068665	-1.236877	-2.033081	0.475464
-0.092163	-1.039429	-1.896973	0.584412
-0.126953	-0.781860	-1.734314	0.677490
-0.169678	-0.464172	-1.549988	0.755920
-0.212708	-0.109558	-1.361084	0.816956
-0.258179	0.287170	-1.153564	0.862427
-0.305481	0.708313	-0.932007	0.892944
-0.356445	1.134644	-0.708313	0.907288
-0.408936	1.550293	-0.491333	0.896606
-0.461731	1.940918	-0.288086	0.857849
-0.511169	2.305908	-0.095825	0.808716
-0.549316	2.643433	0.084229	0.763550
-0.578308	2.949829	0.261841	0.722961
-0.604248	3.215332	0.433350	0.681763
-0.626221	3.432312	0.590515	0.647278
-0.639648	3.583679	0.726013	0.622559
-0.646057	3.668823	0.836182	0.598450
-0.646667	3.684998	0.921936	0.575256
-0.638428	3.632507	0.999756	0.559387
-0.618286	3.523254	1.070557	0.552673
-0.586548	3.374329	1.131592	0.554199
-0.548096	3.192749	1.180115	0.556030
-0.505371	2.977600	1.212158	0.550842
-0.462952	2.726135	1.215210	0.547485
-0.429688	2.438354	1.190491	0.552368
-0.399780	2.115479	1.132507	0.562134
-0.367737	1.762695	1.040344	0.566711
-0.329895	1.384277	0.919800	0.554504
-0.285645	0.984192	0.778503	0.508118
-0.231628	0.559692	0.621643	0.433350
-0.171814	0.117493	0.447998	0.340576
-0.111389	-0.336304	0.265503	0.243530
-0.060730	-0.795593	0.083923	0.140381
-0.012512	-1.248779	-0.088501	0.032349
0.039673	-1.696777	-0.248413	-0.067444
0.090637	-2.138977	-0.383301	-0.153503
0.141602	-2.558899	-0.491638	-0.221252
0.194397	-2.943726	-0.566711	-0.269775
0.252380	-3.262939	-0.604553	-0.297241
0.310059	-3.501587	-0.599976	-0.303345
0.363464	-3.692017	-0.552063	-0.287476
0.405273	-3.856201	-0.467529	-0.250854
0.440063	-3.958130	-0.349426	-0.198059
0.471497	-3.964844	-0.207214	-0.137024
0.496521	-3.891907	-0.037537	-0.073242
0.508423	-3.749390	0.150757	-0.016479
0.504456	-3.527527	0.348206	0.027771
0.480042	-3.232117	0.559082	0.059509
0.451355	-2.890625	0.764465	0.073547
0.412292	-2.525330	0.924072	0.069275
0.364380	-2.147827	1.044312	0.052490
0.320435	-1.763611	1.155396	0.020447
0.287476	-1.379089	1.264343	-0.014343
0.266724	-0.996704	1.362000	-0.061646
0.252686	-0.623169	1.431274	-0.143738
0.238647	-0.265808	1.463318	-0.231934
0.227661	0.069885	1.459961	-0.287781
0.228271	0.382385	1.437073	-0.323792
0.232544	0.671387	1.409607	-0.385437
0.236816	0.938110	1.379395	-0.466919
0.232544	1.158447	1.328735	-0.535889
0.217896	1.333923	1.248474	-0.595398
0.192566	1.477661	1.139526	-0.649719
0.157776	1.568604	1.015930	-0.686340
0.115662	1.608887	0.879517	-0.711670
0.066223	1.607666	0.730591	-0.743713
0.005493	1.573486	0.573730	-0.784912
-0.060730	1.508789	0.390015	-0.821228
-0.115967	1.398010	0.184021	-0.843506
-0.177002	1.236267	-0.043640	-0.848999
-0.249634	1.054077	-0.274048	-0.839233
-0.316162	0.872498	-0.510864	-0.813293
-0.365601	0.700989	-0.769043	-0.770569
-0.396423	0.559387	-1.042786	-0.721741
-0.407104	0.436401	-1.302795	-0.672913
-0.394287	0.310669	-1.532593	-0.614014
-0.373230	0.189819	-1.726685	-0.540466
-0.355530	0.094910	-1.880798	-0.460205
-0.336609	0.032959	-1.993713	-0.375366
-0.307617	0.001221	-2.063293	-0.269470
-0.260925	0.000916	-2.092896	-0.133057
-0.204163	0.031738	-2.079468	0.018311
-0.152893	0.085144	-2.027283	0.158081
-0.111084	0.159912	-1.961060	0.285645
-0.079651	0.256042	-1.879272	0.413513
-0.059204	0.371094	-1.766357	0.538330
-0.048218	0.500488	-1.632385	0.644226
-0.043945	0.638123	-1.481628	0.732422
-0.044861	0.781555	-1.319275	0.808105
-0.050659	0.924683	-1.143799	0.875549
-0.065002	1.061401	-0.963135	0.939941
-0.085754	1.186523	-0.787354	1.006470
-0.114136	1.296997	-0.619507	1.078491
-0.149536	1.385498	-0.459595	1.148987
-0.182190	1.448669	-0.310059	1.214905
-0.208740	1.473389	-0.177307	1.283569
-0.223999	1.451416	-0.062256	1.348877
-0.232239	1.394653	0.035706	1.408691
-0.225525	1.309509	0.115051	1.465149
-0.201721	1.194763	0.176697	1.507263
-0.168457	1.040955	0.220947	1.539307
-0.133362	0.846252	0.246277	1.559753
-0.097961	0.623474	0.256653	1.560669
-0.061951	0.383301	0.257263	1.533813
-0.026550	0.130310	0.245361	1.472168
0.009460	-0.134888	0.230103	1.372375
0.045166	-0.419312	0.216675	1.242065
0.082703	-0.721741	0.203857	1.095886
0.118408	-1.037292	0.196228	0.939636
0.144043	-1.354980	0.193787	0.767822
0.160217	-1.659851	0.191650	0.581055
0.171814	-1.942749	0.191040	0.390015
0.188904	-2.204895	0.197144	0.205078
0.213928	-2.450256	0.210266	0.038147
0.234375	-2.673645	0.229187	-0.107422
0.242615	-2.874146	0.250549	-0.234070
0.237427	-3.048706	0.271606	-0.339050
0.223389	-3.199158	0.291748	-0.430298
0.205688	-3.325195	0.310974	-0.512390
0.182800	-3.416748	0.336914	-0.584106
0.153503	-3.457947	0.375977	-0.645447
0.115967	-3.449097	0.432739	-0.699768
0.076599	-3.393555	0.511475	-0.749207
0.042419	-3.288574	0.606384	-0.798035
0.010681	-3.134460	0.711060	-0.842896
-0.017395	-2.928772	0.812378	-0.881348
-0.042114	-2.672729	0.903625	-0.923157
-0.061035	-2.376099	0.993347	-0.973816
-0.075684	-2.041931	1.082153	-1.033630
-0.087891	-1.683960	1.170044	-1.091614
-0.093994	-1.316528	1.245728	-1.143494
-0.091553	-0.932617	1.299438	-1.195068
-0.080566	-0.556946	1.319580	-1.239624
-0.061035	-0.183716	1.304016	-1.272278
-0.037537	0.170898	1.265259	-1.290588
-0.015564	0.496826	1.217651	-1.293640
0.007629	0.800476	1.159058	-1.275940
0.028687	1.074219	1.085510	-1.236572
0.052185	1.324158	0.999756	-1.175232
0.083008	1.547241	0.900879	-1.081238
0.114441	1.747742	0.785828	-0.937500
0.144958	1.919556	0.658569	-0.756531
0.177002	2.059937	0.520935	-0.555725
0.206604	2.164612	0.378723	-0.350952
0.229187	2.227173	0.237122	-0.139160
0.246582	2.247009	0.102234	0.081177
0.261536	2.234802	-0.027161	0.303345
0.269470	2.189331	-0.155640	0.510864
0.270691	2.106628	-0.286255	0.696411
0.260315	1.997070	-0.426941	0.852356
0.238342	1.869507	-0.584412	0.975952
0.213928	1.717529	-0.758667	1.063232
0.188904	1.547852	-0.940857	1.103821
0.158081	1.370239	-1.121521	1.105347
0.123291	1.192017	-1.293640	1.075134
0.091553	1.016541	-1.465149	1.012268
0.061646	0.848999	-1.640625	0.930481
0.033569	0.684509	-1.814575	0.845642
0.011597	0.523987	-1.982422	0.761719
-0.005493	0.370483	-2.144775	0.679321
-0.023193	0.227966	-2.292480	0.595703
-0.044250	0.104370	-2.407837	0.508118
-0.070496	0.002441	-2.481079	0.425110
-0.098877	-0.078735	-2.509766	0.353394
-0.133362	-0.137329	-2.488403	0.286560
-0.170288	-0.166016	-2.417603	0.215759
-0.211487	-0.167847	-2.302551	0.145874
-0.259399	-0.148010	-2.147827	0.085144
-0.305176	-0.106201	-1.954651	0.031128
-0.350952	-0.040283	-1.722107	-0.013123
-0.400391	0.050354	-1.460876	-0.045166
-0.448303	0.160217	-1.189575	-0.067444
-0.485840	0.280762	-0.909729	-0.078735
-0.509033	0.408020	-0.622559	-0.083923
-0.518188	0.537720	-0.329895	-0.078430
-0.513306	0.659180	-0.034485	-0.057068
-0.494080	0.770874	0.257568	-0.023193
-0.457153	0.881348	0.540466	0.017395
-0.397644	0.988770	0.802307	0.057983
-0.322876	1.090088	1.046448	0.095825
-0.236816	1.182251	1.277771	0.127258
-0.140991	1.258545	1.492310	0.148315
-0.042114	1.307373	1.692200	0.157166
0.050354	1.322937	1.874084	0.152588
0.130920	1.297607	2.026978	0.132446
0.204468	1.231689	2.148743	0.097961
0.264893	1.133118	2.240295	0.052795
0.302429	1.011963	2.297974	-0.000610
0.314941	0.873413	2.326965	-0.063477
0.311279	0.714722	2.326660	-0.135193
0.297852	0.529480	2.293396	-0.204468
0.272217	0.319214	2.230225	-0.269165
0.230103	0.084839	2.141418	-0.330200
0.177612	-0.164795	2.030640	-0.386353
0.120544	-0.420227	1.903076	-0.442505
0.059814	-0.678406	1.754761	-0.501709
-0.000305	-0.924988	1.602173	-0.554199
-0.056458	-1.168518	1.442261	-0.598145
-0.107117	-1.410217	1.280212	-0.632629
-0.147400	-1.629944	1.128845	-0.658264
-0.173950	-1.822510	0.983887	-0.676880
-0.189514	-1.992798	0.837402	-0.685425
-0.196838	-2.147522	0.689392	-0.691223
-0.195313	-2.285156	0.551453	-0.695496
-0.191040	-2.396545	0.425110	-0.700989
-0.185852	-2.459106	0.306396	-0.713501
-0.178223	-2.471008	0.195618	-0.729065
-0.162964	-2.434998	0.093994	-0.740051
-0.142822	-2.337952	-0.003662	-0.743408
-0.119019	-2.176208	-0.093689	-0.737915
-0.090942	-1.956482	-0.176086	-0.727844
-0.062256	-1.684265	-0.259094	-0.712585
-0.039063	-1.386414	-0.336304	-0.692139
-0.016174	-1.058044	-0.397644	-0.659180
0.009766	-0.710754	-0.435181	-0.609741
0.040283	-0.356445	-0.456848	-0.546265
0.073547	-0.006714	-0.469666	-0.476074
0.107117	0.332642	-0.488892	-0.388489
0.138550	0.645142	-0.515442	-0.272217
0.166626	0.917053	-0.539551	-0.131836
0.191345	1.153870	-0.556946	0.016785
0.211487	1.356506	-0.564575	0.159607
0.225525	1.528625	-0.569763	0.305786
0.231628	1.671143	-0.579529	0.447998
0.240784	1.783142	-0.592957	0.578918
0.247803	1.870422	-0.601501	0.697021
0.247498	1.937256	-0.614014	0.798645
0.244751	1.985779	-0.631104	0.877991
0.230103	2.015076	-0.642090	0.931091
0.205994	2.027283	-0.653381	0.952454
0.180969	2.021484	-0.669556	0.944519
0.155945	2.002869	-0.689697	0.913086
0.124207	1.981812	-0.709229	0.849304
0.091553	1.973572	-0.727539	0.754089
0.063477	1.972961	-0.752563	0.637207
0.039063	1.970215	-0.784912	0.501709
0.020142	1.964111	-0.826111	0.358887
0.001831	1.952209	-0.870972	0.210571
-0.017090	1.935120	-0.911865	0.057983
-0.036011	1.907349	-0.944214	-0.090027
-0.063477	1.870728	-0.962524	-0.231628
-0.089722	1.826172	-0.964966	-0.357361
-0.112915	1.770020	-0.953674	-0.452271
-0.137634	1.710205	-0.936279	-0.513916
-0.162964	1.646729	-0.903931	-0.552979
-0.194397	1.575623	-0.851135	-0.581665
-0.226135	1.497498	-0.779419	-0.592041
-0.258179	1.413879	-0.694580	-0.581055
-0.290833	1.327515	-0.596008	-0.559082
-0.314331	1.240234	-0.483398	-0.540466
-0.329895	1.145325	-0.355530	-0.527954
-0.341492	1.044617	-0.209961	-0.513611
-0.348206	0.944824	-0.048218	-0.492554
-0.343628	0.840149	0.121765	-0.471497
-0.329285	0.731506	0.294800	-0.453186
-0.304871	0.618286	0.469055	-0.436096
-0.267334	0.494995	0.641174	-0.418091
-0.224609	0.365295	0.798950	-0.386963
-0.180054	0.229187	0.937805	-0.338745
-0.122375	0.081787	1.060486	-0.278625
-0.052490	-0.061340	1.161194	-0.206909
0.025024	-0.213013	1.236267	-0.124207
0.106201	-0.376892	1.280823	-0.033875
0.186157	-0.541077	1.296997	0.071716
0.259705	-0.712891	1.289673	0.191345
0.328369	-0.882568	1.260071	0.312500
0.391846	-1.040344	1.221313	0.437012
0.444946	-1.187134	1.184998	0.564575
0.490112	-1.320496	1.146545	0.687256
0.521240	-1.447754	1.101379	0.799866
0.541687	-1.576843	1.059875	0.900574
0.549011	-1.701660	1.026306	0.983276
0.541382	-1.820679	0.996094	1.043396
0.517883	-1.940308	0.974731	1.085510
0.485229	-2.052917	0.960388	1.106567
0.449524	-2.153320	0.943298	1.107178
0.409546	-2.239990	0.920105	1.090698
0.360718	-2.303467	0.892944	1.060791
0.303345	-2.346191	0.856934	1.019287
0.245056	-2.373962	0.811157	0.966492
0.190125	-2.376709	0.756226	0.902405
0.137329	-2.347107	0.686035	0.825806
0.081787	-2.293701	0.596619	0.737915
0.023499	-2.219238	0.491028	0.637512
-0.036316	-2.126160	0.371094	0.517883
-0.096741	-2.014771	0.240479	0.384521
-0.154724	-1.883240	0.109863	0.243835
-0.204468	-1.738892	-0.021667	0.102844
-0.247498	-1.581116	-0.153503	-0.041504
-0.287476	-1.407776	-0.279236	-0.193787
-0.319519	-1.217041	-0.393677	-0.344543
-0.344849	-1.008911	-0.496521	-0.490723
-0.365906	-0.786438	-0.583801	-0.631104
-0.379639	-0.557251	-0.656128	-0.758362
-0.384216	-0.314941	-0.711975	-0.866089
-0.377808	-0.067749	-0.750732	-0.949707
-0.365906	0.178833	-0.774536	-1.007996
-0.346375	0.426331	-0.782776	-1.039429
-0.319214	0.667114	-0.772400	-1.038208
-0.284729	0.896606	-0.752563	-1.001587
-0.245361	1.113892	-0.726624	-0.935364
-0.198669	1.313477	-0.691223	-0.843506
-0.144958	1.490479	-0.648193	-0.727539
-0.088501	1.650085	-0.604248	-0.596008
-0.030823	1.788025	-0.555115	-0.451965
0.028076	1.901245	-0.506897	-0.303345
0.088806	1.994019	-0.465393	-0.154419
0.151978	2.054443	-0.428467	-0.009155
0.210876	2.088623	-0.396118	0.125122
0.263672	2.109680	-0.369873	0.241699
0.310364	2.113647	-0.351563	0.341797
0.347290	2.102966	-0.341492	0.422363
0.374451	2.083740	-0.337830	0.482178
0.389404	2.052307	-0.334778	0.525513
0.389099	2.006836	-0.332947	0.558472
0.375366	1.947021	-0.346985	0.581055
0.347595	1.870422	-0.375061	0.596313
0.308533	1.779175	-0.408325	0.602722
0.270386	1.670837	-0.452881	0.596313
0.232239	1.534729	-0.510559	0.578308
0.191040	1.372070	-0.581055	0.545959
0.149841	1.190491	-0.663147	0.496521
0.111084	0.991821	-0.750122	0.433655
0.074158	0.778503	-0.835571	0.361633
0.037231	0.557861	-0.912781	0.280457
0.002747	0.324097	-0.976257	0.192871
-0.033264	0.081787	-1.018066	0.107422
-0.066833	-0.162048	-1.035461	0.025330
-0.100403	-0.402527	-1.033936	-0.059814
-0.133057	-0.628357	-1.011658	-0.144958
-0.162048	-0.836182	-0.967407	-0.224915
-0.186768	-1.026917	-0.902100	-0.295715
-0.208435	-1.197205	-0.812073	-0.356445
-0.220642	-1.343384	-0.697021	-0.405884
-0.222473	-1.451721	-0.569763	-0.441895
-0.221252	-1.532288	-0.427551	-0.468140
-0.215149	-1.586914	-0.273132	-0.481262
-0.197449	-1.614990	-0.112915	-0.479431
-0.169373	-1.630249	0.053711	-0.464172
-0.134583	-1.638794	0.225525	-0.433350
-0.093384	-1.644287	0.401001	-0.388184
-0.045471	-1.646423	0.578308	-0.327454
0.005493	-1.640015	0.752258	-0.252686
0.059509	-1.623230	0.915833	-0.165100
0.113831	-1.598816	1.063232	-0.070496
0.164185	-1.562805	1.189575	0.028992
0.209045	-1.510315	1.292419	0.132141
0.247803	-1.444702	1.383667	0.233459
0.273438	-1.369019	1.460876	0.328979
0.283813	-1.280212	1.516113	0.415955
0.282288	-1.181946	1.553650	0.491943
0.269165	-1.075134	1.579285	0.555420
0.244751	-0.962830	1.590881	0.600281
0.207825	-0.848999	1.592712	0.620728
0.158691	-0.737610	1.584778	0.623169
0.099792	-0.626526	1.562805	0.612488
0.034790	-0.515747	1.526794	0.584717
-0.033875	-0.411377	1.487122	0.536499
-0.101624	-0.317078	1.443481	0.470886
-0.165405	-0.232239	1.394653	0.394287
-0.224915	-0.155334	1.339722	0.309753
-0.281067	-0.085754	1.275635	0.222778
-0.336914	-0.020752	1.198730	0.139160
-0.383606	0.043640	1.107483	0.061035
-0.419006	0.105896	1.001282	-0.009155
-0.445251	0.168457	0.881958	-0.072327
-0.463867	0.231934	0.750427	-0.125732
-0.473022	0.296936	0.605774	-0.168457
-0.474548	0.364380	0.451660	-0.205078
-0.471802	0.435486	0.293274	-0.233154
-0.462341	0.503845	0.128784	-0.252686
-0.447693	0.567322	-0.041199	-0.267029
-0.429382	0.625305	-0.210571	-0.280151
-0.405273	0.677795	-0.372009	-0.296936
-0.375061	0.723877	-0.521240	-0.319214
-0.342407	0.765381	-0.655212	-0.337830
-0.310669	0.804749	-0.773315	-0.349426
-0.276489	0.842896	-0.874939	-0.350037
-0.236511	0.873108	-0.960388	-0.338135
-0.191956	0.894775	-1.029663	-0.313416
-0.140381	0.909424	-1.081543	-0.274658
-0.084839	0.915527	-1.118164	-0.227356
-0.026855	0.910950	-1.144714	-0.173950
0.033569	0.897827	-1.160889	-0.107422
0.092163	0.878906	-1.166687	-0.025635
0.147095	0.852661	-1.166077	0.066833
0.197449	0.819702	-1.157532	0.165710
0.242310	0.779419	-1.141357	0.270996
0.278015	0.735168	-1.122437	0.373840
0.308228	0.686951	-1.104736	0.470581
0.326843	0.637817	-1.087952	0.551758
0.333557	0.594788	-1.072083	0.611267
0.332947	0.555420	-1.050415	0.647888
0.326538	0.521545	-1.020508	0.661011
0.310974	0.496826	-0.982056	0.655212
0.289001	0.475159	-0.933533	0.630798
0.265503	0.454407	-0.873718	0.588989
0.242920	0.438538	-0.804138	0.530701
0.222168	0.431824	-0.726013	0.453796
0.200806	0.431824	-0.635681	0.360413
0.175171	0.437317	-0.536804	0.257568
0.144043	0.447998	-0.434265	0.151367
0.111084	0.462341	-0.329590	0.039978
0.081482	0.478516	-0.224304	-0.079956
0.053711	0.487366	-0.118713	-0.203552
0.024719	0.483398	-0.013123	-0.323486
-0.009155	0.465698	0.093689	-0.442505
-0.046082	0.437012	0.197144	-0.563965
-0.084534	0.399170	0.293579	-0.687866
-0.119934	0.354309	0.382385	-0.810547
-0.153198	0.299072	0.462952	-0.930786
-0.190125	0.231323	0.535583	-1.042480
-0.225525	0.150452	0.600586	-1.142273
-0.256348	0.058899	0.661316	-1.229248
-0.283813	-0.039978	0.718994	-1.298218
-0.305176	-0.145569	0.775146	-1.348267
-0.319214	-0.257568	0.829773	-1.382141
-0.328979	-0.374146	0.881042	-1.403198
-0.331116	-0.490723	0.924683	-1.409912
-0.323181	-0.601501	0.957947	-1.399231
-0.307922	-0.701599	0.985718	-1.367493
-0.286255	-0.790100	1.009521	-1.309204
-0.257263	-0.868530	1.025085	-1.227112
-0.221863	-0.938110	1.029053	-1.119385
-0.180054	-0.999146	1.017761	-0.989685
-0.133972	-1.055603	0.989685	-0.843811
-0.086365	-1.107178	0.948792	-0.684814
-0.036926	-1.155396	0.897522	-0.511780
0.013428	-1.195679	0.836792	-0.332642
0.065002	-1.222534	0.769653	-0.152588
0.111389	-1.233826	0.696411	0.028687
0.152283	-1.228943	0.615234	0.205078
0.182495	-1.207275	0.529480	0.377808
0.199890	-1.165771	0.446472	0.544128
0.206604	-1.101685	0.366211	0.699463
0.205383	-1.019287	0.289001	0.841675
0.194092	-0.920715	0.214539	0.971069
0.176086	-0.805664	0.144348	1.083069
0.154114	-0.676880	0.078735	1.176453
0.126648	-0.541382	0.016479	1.255188
0.095520	-0.402832	-0.041504	1.320190
0.061035	-0.268860	-0.095215	1.369324
0.023499	-0.143738	-0.148926	1.403198
-0.015564	-0.028992	-0.205078	1.425476
-0.049744	0.070801	-0.263672	1.431580
-0.078430	0.155334	-0.325928	1.419678
-0.103760	0.223389	-0.393677	1.387939
-0.125732	0.278320	-0.469666	1.338196
-0.146179	0.323486	-0.553894	1.270142
-0.165100	0.358582	-0.643005	1.185608
-0.179749	0.380859	-0.734253	1.083984
-0.192261	0.390015	-0.827942	0.966187
-0.204773	0.389099	-0.920105	0.837402
-0.214233	0.383606	-1.007385	0.697327
-0.223083	0.375977	-1.087341	0.551147
-0.228271	0.367126	-1.158142	0.402222
-0.229492	0.358276	-1.213379	0.256653
-0.227966	0.353394	-1.256409	0.107117
-0.224304	0.352478	-1.283875	-0.036621
-0.216675	0.350952	-1.288147	-0.170593
-0.201416	0.350037	-1.269531	-0.293579
-0.176697	0.352783	-1.231995	-0.402222
-0.143127	0.358887	-1.177673	-0.491943
-0.106201	0.366821	-1.105957	-0.560303
-0.068970	0.378418	-1.016541	-0.603943
-0.030518	0.391235	-0.912170	-0.624084
0.009460	0.402832	-0.796814	-0.620422
0.052795	0.411377	-0.676270	-0.594788
0.098877	0.420227	-0.555420	-0.547180
0.144653	0.429077	-0.435791	-0.484924
0.188904	0.433350	-0.317993	-0.411987
0.229492	0.433350	-0.205383	-0.336304
0.262451	0.430908	-0.098877	-0.264893
0.289612	0.428467	0.000916	-0.201111
0.310974	0.426331	0.095825	-0.150146
0.325012	0.425110	0.184937	-0.113525
0.335693	0.422668	0.269165	-0.092773
0.340271	0.422974	0.350037	-0.088501
0.336914	0.427246	0.426025	-0.098877
0.325012	0.432739	0.493774	-0.123596
0.307007	0.435181	0.558167	-0.162354
0.284119	0.429382	0.618286	-0.209961
0.256958	0.414429	0.672607	-0.262451
0.227966	0.386353	0.718079	-0.324707
0.198669	0.347290	0.753174	-0.388489
0.171204	0.295715	0.776367	-0.447998
0.144958	0.231018	0.787964	-0.502930
0.120544	0.150452	0.788574	-0.550842
0.096130	0.048523	0.774841	-0.588684
0.072327	-0.072021	0.743103	-0.621033
0.050659	-0.210266	0.695496	-0.648804
0.030518	-0.362854	0.632935	-0.670166
0.009766	-0.526733	0.561523	-0.686646
-0.011292	-0.701904	0.484314	-0.697327
-0.025024	-0.887146	0.403137	-0.697937
-0.031128	-1.072388	0.318909	-0.688171
-0.032959	-1.248474	0.232849	-0.664978
-0.031128	-1.412659	0.146790	-0.627441
-0.026550	-1.563721	0.063171	-0.577393
-0.021973	-1.699219	-0.014954	-0.516052
-0.012512	-1.812134	-0.086365	-0.444946
0.000916	-1.898804	-0.148926	-0.364075
0.014038	-1.961670	-0.204468	-0.272217
0.028992	-2.004395	-0.252991	-0.167847
0.045776	-2.028198	-0.293274	-0.056458
0.062866	-2.029724	-0.326843	0.063782
0.078125	-2.013855	-0.358887	0.188904
0.089722	-1.981812	-0.390015	0.308228
0.097351	-1.929016	-0.418701	0.419006
