2020/1/9 9:20:55 40us
CH1			CH2			CH3			CH4
-0.004272	-0.002441	0.010681	-0.007935
-0.004272	-0.002441	0.010986	-0.008545
-0.004578	-0.002136	0.010681	-0.007629
-0.004578	-0.002747	0.010986	-0.007935
-0.004883	-0.001831	0.010986	-0.007324
-0.004272	-0.001831	0.010986	-0.007935
-0.004578	-0.002136	0.011597	-0.007935
-0.003967	-0.002136	0.010986	-0.007629
-0.004272	-0.002441	0.010986	-0.007629
-0.004578	-0.002136	0.010986	-0.007629
-0.004578	-0.002441	0.011292	-0.007324
-0.004883	-0.002441	0.011292	-0.007324
-0.003967	-0.002747	0.010681	-0.007019
-0.004578	-0.002747	0.011292	-0.007324
-0.004272	-0.002747	0.010681	-0.007324
-0.004272	-0.002747	0.010986	-0.007324
-0.004272	-0.003052	0.010681	-0.007324
-0.004272	-0.003052	0.010376	-0.007324
-0.004272	-0.003052	0.010681	-0.007629
-0.004272	-0.003662	0.010681	-0.007629
-0.004578	-0.003357	0.010986	-0.007935
-0.004272	-0.003662	0.010681	-0.007629
-0.004883	-0.003662	0.010986	-0.007629
-0.004578	-0.004272	0.010681	-0.008240
-0.004272	-0.003967	0.010376	-0.007935
-0.004578	-0.003967	0.010681	-0.007629
-0.004578	-0.003967	0.010681	-0.007324
-0.004883	-0.004272	0.010376	-0.007629
-0.004578	-0.004272	0.010681	-0.007629
-0.004578	-0.004578	0.010071	-0.007935
-0.004883	-0.004578	0.010071	-0.008240
-0.004578	-0.004272	0.009766	-0.007935
-0.004272	-0.005188	0.010071	-0.007629
-0.004578	-0.005188	0.009766	-0.007935
-0.004883	-0.005188	0.009766	-0.007935
-0.004883	-0.005188	0.009766	-0.007629
-0.004578	-0.004883	0.009155	-0.008545
-0.004883	-0.005493	0.009155	-0.008545
-0.005188	-0.005188	0.008545	-0.007935
-0.004578	-0.005493	0.008545	-0.008240
-0.004883	-0.005493	0.009155	-0.009155
-0.004272	-0.005188	0.009155	-0.007324
-0.004578	-0.005493	0.009155	-0.005798
-0.005493	-0.005188	0.008850	-0.005493
-0.004578	-0.005493	0.009155	-0.011597
-0.003052	-0.004272	0.008850	-0.033264
-0.008545	-0.003967	0.009460	-0.065308
0.027466	-0.004883	0.010376	0.142517
-0.038452	-0.002441	0.010986	0.542908
-0.165710	-0.001526	0.004272	0.936890
-0.120239	-0.016479	0.028381	1.235046
-0.010376	0.020752	-0.030212	1.300049
0.090942	-0.009460	-0.039368	1.288757
0.183411	-0.077515	0.048218	1.174316
0.256958	-0.018005	0.106506	0.944824
0.288086	0.024414	0.149841	0.755005
0.270081	0.093079	0.161743	0.672302
0.272827	0.151978	0.110474	0.607910
0.296326	0.190125	0.028687	0.621033
0.337830	0.233154	-0.047913	0.626831
0.380249	0.190735	-0.260315	0.602112
0.488586	0.054932	-0.539551	0.545044
0.582886	-0.204468	-0.798950	0.439758
0.680237	-0.475769	-1.036682	0.404663
0.903320	-0.753479	-1.158447	0.279541
1.111450	-1.051025	-1.170654	0.006104
1.282349	-1.271973	-1.061096	-0.303955
1.385498	-1.444702	-0.802002	-0.682068
1.379089	-1.510315	-0.435486	-1.134644
1.379700	-1.364441	-0.018311	-1.473694
1.354370	-1.073914	0.460815	-1.771851
1.135864	-0.658569	1.052246	-2.070313
0.892029	-0.159912	1.637573	-2.377319
0.739441	0.317993	2.208862	-2.710876
0.545959	0.864258	2.691650	-3.044434
0.332642	1.333618	3.015747	-3.366089
0.058899	1.700439	3.152161	-3.664246
-0.223083	2.058411	3.166199	-3.881836
-0.460510	2.330322	3.034363	-3.995972
-0.626221	2.541809	2.785339	-4.067383
-0.801697	2.692566	2.453308	-4.081116
-0.997009	2.733459	2.002563	-4.006348
-1.148376	2.744446	1.571655	-3.842773
-1.300354	2.749939	1.215515	-3.646240
-1.406555	2.649231	0.910950	-3.395691
-1.465149	2.413025	0.611572	-3.149414
-1.465149	2.111206	0.352173	-3.029785
-1.398010	1.742554	0.122681	-2.912292
-1.327209	1.342773	-0.107117	-2.767029
-1.281433	0.957031	-0.288086	-2.618103
-1.262512	0.547180	-0.438538	-2.370300
-1.248169	0.146484	-0.617065	-2.041931
-1.201172	-0.210571	-0.847168	-1.634827
-1.141052	-0.523071	-1.091309	-1.128235
-1.103210	-0.794678	-1.301270	-0.586548
-1.056824	-1.007080	-1.476135	0.009460
-1.007385	-1.153259	-1.688843	0.606079
-0.955811	-1.254272	-1.926270	1.228943
-0.831909	-1.275940	-2.128296	1.879883
-0.658875	-1.202087	-2.318420	2.513733
-0.460510	-1.107178	-2.432251	3.118286
-0.287781	-0.993652	-2.488708	3.660278
-0.139465	-0.847473	-2.474670	4.194641
-0.006409	-0.716553	-2.405396	4.769287
0.146179	-0.592651	-2.288208	5.296936
0.268555	-0.434570	-2.147827	5.741272
0.354614	-0.293274	-1.933899	6.124268
0.384216	-0.160828	-1.643677	6.366577
0.339661	0.038147	-1.336670	6.490784
0.263977	0.252686	-0.981750	6.434937
0.154114	0.519104	-0.582886	6.247253
0.019531	0.822754	-0.155945	5.943604
-0.167236	1.117249	0.299377	5.503845
-0.411377	1.418152	0.781555	4.928589
-0.680542	1.741028	1.218567	4.208984
-0.932312	2.001648	1.605530	3.356934
-1.199951	2.167969	1.939087	2.407837
-1.415710	2.244873	2.157288	1.427307
-1.529846	2.168579	2.297668	0.377197
-1.584167	1.962280	2.344055	-0.651855
-1.584778	1.658020	2.263794	-1.652527
-1.540222	1.253967	2.094421	-2.619324
-1.481323	0.769348	1.847839	-3.476868
-1.340332	0.271301	1.532288	-4.158325
-1.135254	-0.148010	1.209106	-4.625244
-0.907898	-0.517578	0.879211	-4.954529
-0.700989	-0.816040	0.522766	-5.140076
-0.506592	-1.052856	0.165405	-5.191956
-0.329285	-1.285706	-0.173950	-5.097656
-0.179138	-1.504517	-0.494080	-4.907227
-0.052185	-1.667175	-0.763855	-4.645691
0.067444	-1.841125	-0.979919	-4.255371
0.184326	-2.008972	-1.121216	-3.775635
0.307007	-2.105408	-1.203613	-3.284302
0.474243	-2.164307	-1.185913	-2.764893
0.643311	-2.235107	-1.094055	-2.242126
0.819092	-2.353821	-0.983276	-1.752930
1.038818	-2.554321	-0.848389	-1.287842
1.259460	-2.795715	-0.692444	-0.801392
1.494751	-2.999268	-0.493164	-0.330200
1.759033	-3.189392	-0.274658	0.113525
1.991882	-3.340454	-0.054321	0.505676
2.149658	-3.418884	0.155640	0.812378
2.274475	-3.453979	0.308533	1.074524
2.333374	-3.368835	0.396729	1.309509
2.333374	-3.166809	0.443420	1.492920
2.287292	-2.906799	0.430908	1.568909
2.170715	-2.599487	0.369873	1.564026
2.015381	-2.259827	0.267639	1.483765
1.829834	-1.927490	0.095825	1.363220
1.572571	-1.612244	-0.114136	1.211548
1.279602	-1.295471	-0.325317	0.978394
1.000366	-0.975037	-0.551453	0.663147
0.699768	-0.633850	-0.777893	0.278015
0.394592	-0.272827	-0.982056	-0.161438
0.115051	0.064697	-1.146240	-0.629272
-0.160217	0.346985	-1.246948	-1.087952
-0.434875	0.568237	-1.238098	-1.532593
-0.684204	0.753479	-1.158142	-1.950684
-0.887756	0.899963	-1.030579	-2.269592
-1.033630	0.973511	-0.860291	-2.472839
-1.121216	0.988770	-0.708618	-2.576599
-1.163025	0.970154	-0.602417	-2.578430
-1.181030	0.906372	-0.534058	-2.487183
-1.157837	0.824890	-0.498352	-2.285767
-1.067810	0.781250	-0.492249	-1.942749
-0.931091	0.792847	-0.518799	-1.497192
-0.757141	0.847778	-0.571594	-0.960388
-0.568542	0.955200	-0.668335	-0.361328
-0.392151	1.078186	-0.766907	0.226746
-0.240784	1.189270	-0.838318	0.801392
-0.092163	1.270752	-0.904846	1.338196
0.039978	1.318359	-0.964050	1.828613
0.144958	1.348572	-0.999756	2.264404
0.226440	1.375732	-1.032410	2.632446
0.269470	1.398621	-1.054993	2.927246
0.283508	1.390686	-1.074524	3.139954
0.270386	1.335144	-1.094055	3.280945
0.243530	1.254578	-1.125793	3.394470
0.226135	1.180725	-1.185303	3.507080
0.245972	1.102600	-1.231689	3.641357
0.288391	1.000977	-1.246948	3.807068
0.316467	0.827332	-1.245728	3.955994
0.303955	0.590515	-1.240234	4.061279
0.264893	0.313110	-1.207275	4.132080
0.198059	0.012512	-1.109619	4.179688
0.115662	-0.292053	-0.959167	4.187622
0.017090	-0.612488	-0.773315	4.118652
-0.081177	-0.943604	-0.541687	3.948364
-0.194397	-1.242371	-0.273132	3.689270
-0.316162	-1.496277	0.020447	3.362427
-0.419922	-1.719971	0.343933	2.962646
-0.526123	-1.909180	0.671082	2.525024
-0.604553	-2.073364	0.996094	2.048645
-0.639954	-2.177429	1.345520	1.527100
-0.663147	-2.196655	1.696777	1.000671
-0.687866	-2.145996	2.014771	0.493164
-0.710754	-2.036438	2.291870	0.000610
-0.712280	-1.857605	2.524719	-0.430603
-0.661011	-1.594849	2.677307	-0.750732
-0.560913	-1.262512	2.769470	-0.978699
-0.451660	-0.868835	2.804260	-1.108704
-0.331726	-0.484619	2.773132	-1.163940
-0.199280	-0.152588	2.668762	-1.169128
-0.057373	0.099792	2.497559	-1.112061
0.096436	0.238647	2.272339	-1.013794
0.246277	0.276184	2.009583	-0.901184
0.386353	0.191956	1.719360	-0.764160
0.512695	-0.008240	1.418457	-0.612793
0.632629	-0.303955	1.129456	-0.469360
0.728149	-0.692139	0.845337	-0.339050
0.795288	-1.150513	0.548706	-0.223999
0.825806	-1.654358	0.251160	-0.144043
0.818481	-2.163696	-0.029297	-0.114746
0.791321	-2.646179	-0.283508	-0.139465
0.742188	-3.088684	-0.503540	-0.218811
0.677490	-3.486023	-0.693054	-0.354919
0.585632	-3.830261	-0.888367	-0.531311
0.472717	-4.123535	-1.069946	-0.749207
0.369568	-4.359436	-1.221313	-0.972290
0.294495	-4.499817	-1.354675	-1.161499
0.245667	-4.518738	-1.478882	-1.311035
0.227051	-4.414063	-1.590576	-1.404724
0.243835	-4.219360	-1.690979	-1.435852
0.301819	-3.934937	-1.796265	-1.432800
0.393372	-3.549500	-1.884155	-1.411133
0.494690	-3.046570	-1.930847	-1.368408
0.604248	-2.432251	-1.921387	-1.308899
0.699768	-1.755981	-1.873169	-1.253662
0.754089	-1.048889	-1.795349	-1.222229
0.774841	-0.331726	-1.655884	-1.223145
0.734253	0.402222	-1.463928	-1.264648
0.624084	1.141663	-1.213684	-1.326599
0.472412	1.853333	-0.907898	-1.394653
0.299683	2.562256	-0.531006	-1.454163
0.121460	3.276367	-0.116882	-1.472778
-0.066223	3.971863	0.313416	-1.461182
-0.242920	4.635315	0.744934	-1.449890
-0.411072	5.257568	1.148682	-1.453857
-0.561523	5.798035	1.498413	-1.489258
-0.682068	6.260376	1.767273	-1.530762
-0.745544	6.628113	1.962585	-1.540527
-0.773315	6.882629	2.076111	-1.508179
-0.785828	6.992188	2.074890	-1.450806
-0.789795	6.910095	1.968079	-1.372375
-0.783997	6.674500	1.767578	-1.264648
-0.786438	6.362610	1.475525	-1.128235
-0.787048	5.943909	1.086121	-0.969238
-0.771484	5.406494	0.625000	-0.811157
-0.755615	4.805603	0.094299	-0.647278
-0.729980	4.179382	-0.466309	-0.477295
-0.686951	3.552856	-1.047668	-0.316467
-0.652466	2.943726	-1.665039	-0.157776
-0.635071	2.354736	-2.267151	0.007019
-0.596313	1.772156	-2.798767	0.160217
-0.541687	1.215515	-3.229065	0.320435
-0.496216	0.712280	-3.548584	0.498047
-0.453186	0.244141	-3.744202	0.672607
-0.411072	-0.189819	-3.813171	0.841980
-0.361023	-0.573120	-3.753967	1.029968
-0.291748	-0.924377	-3.535767	1.242065
-0.201416	-1.224976	-3.160706	1.449280
-0.098877	-1.458740	-2.667847	1.654053
-0.001831	-1.651917	-2.095642	1.861877
0.091858	-1.811218	-1.461487	2.043457
0.175476	-1.933594	-0.783691	2.201538
0.267334	-2.037964	-0.097961	2.357178
0.380554	-2.070618	0.559082	2.507019
0.494385	-2.004089	1.184082	2.640686
0.583496	-1.858826	1.771545	2.750244
0.640259	-1.643372	2.307739	2.831116
0.655518	-1.348267	2.765503	2.860718
0.606995	-0.997009	3.151245	2.819824
0.503845	-0.625000	3.450928	2.698975
0.355835	-0.252075	3.646851	2.497864
0.181885	0.101624	3.778992	2.213135
0.000000	0.456543	3.878174	1.861572
-0.184021	0.798340	3.958435	1.452637
-0.357056	1.084290	3.995972	0.968628
-0.499878	1.291199	3.969116	0.423279
-0.608215	1.447449	3.887329	-0.119934
-0.675964	1.546631	3.766785	-0.617981
-0.706482	1.548462	3.625488	-1.080017
-0.700989	1.477051	3.462830	-1.502991
-0.650940	1.334534	3.281860	-1.842957
-0.591431	1.065063	3.049622	-2.098999
-0.530396	0.699463	2.745972	-2.281494
-0.457764	0.286560	2.405090	-2.362366
-0.389404	-0.171814	2.062683	-2.339172
-0.322266	-0.643005	1.720581	-2.246704
-0.249023	-1.092529	1.377563	-2.120056
-0.163879	-1.509399	1.052246	-1.961670
-0.062866	-1.852722	0.756531	-1.759033
0.044250	-2.125244	0.483398	-1.530762
0.135498	-2.320862	0.252991	-1.305542
0.213623	-2.409363	0.072327	-1.091919
0.296021	-2.385254	-0.077820	-0.885925
0.388489	-2.251282	-0.201111	-0.677490
0.468140	-2.028198	-0.292969	-0.465088
0.529480	-1.758728	-0.346069	-0.298767
0.589600	-1.479187	-0.350647	-0.167847
0.639343	-1.166992	-0.324707	-0.048218
0.670776	-0.834656	-0.270081	0.030518
0.696411	-0.546570	-0.202332	0.076294
0.708618	-0.292358	-0.142212	0.116577
0.713501	-0.017395	-0.113525	0.144958
0.714417	0.281677	-0.107117	0.137329
0.697327	0.570374	-0.127869	0.084229
0.659485	0.862732	-0.186462	0.006409
0.611267	1.159668	-0.261841	-0.076599
0.549927	1.428223	-0.342407	-0.149536
0.474243	1.661987	-0.455017	-0.218506
0.386658	1.862183	-0.588684	-0.301819
0.286865	2.025146	-0.726318	-0.403748
0.175781	2.154236	-0.848694	-0.537109
0.054016	2.212219	-0.961914	-0.696716
-0.078430	2.233887	-1.080017	-0.895996
-0.228882	2.272949	-1.209412	-1.098328
-0.388794	2.310181	-1.366272	-1.270447
-0.542908	2.349243	-1.546936	-1.387329
-0.689087	2.405701	-1.743774	-1.471558
-0.797424	2.505188	-1.895752	-1.524353
-0.856018	2.621765	-2.002258	-1.510010
-0.868530	2.725220	-2.111511	-1.413879
-0.834961	2.823181	-2.213440	-1.243896
-0.750122	2.876892	-2.278442	-0.982666
-0.617676	2.881775	-2.310486	-0.631714
-0.441284	2.825012	-2.323303	-0.233765
-0.237122	2.703247	-2.343140	0.177612
-0.032043	2.535706	-2.379150	0.604858
0.172424	2.319336	-2.431641	1.070557
0.368347	2.036438	-2.467957	1.549377
0.519714	1.701355	-2.464294	1.981812
0.630188	1.358337	-2.410889	2.342529
0.702820	1.020813	-2.323608	2.619934
0.747986	0.692749	-2.215271	2.786255
0.776978	0.372314	-2.079468	2.840271
0.791626	0.027161	-1.885376	2.803650
0.798950	-0.317383	-1.641541	2.692871
0.756836	-0.634766	-1.363831	2.498474
0.642395	-0.920715	-1.090088	2.217712
0.493774	-1.185913	-0.829468	1.892395
0.350037	-1.438293	-0.593262	1.552124
0.203857	-1.662292	-0.388184	1.219788
0.049133	-1.860046	-0.195923	0.894775
-0.091858	-2.046204	-0.011597	0.576172
-0.207825	-2.207336	0.157166	0.281067
-0.294495	-2.369995	0.323486	0.017395
-0.351257	-2.598877	0.500488	-0.220337
-0.387268	-2.838135	0.702820	-0.426941
-0.412598	-3.010864	0.897217	-0.603943
-0.434570	-3.127441	1.098633	-0.772400
-0.467224	-3.186646	1.317139	-0.910950
-0.490112	-3.152466	1.538696	-0.988770
-0.501099	-3.042297	1.766663	-0.989685
-0.500488	-2.879639	1.994629	-0.933228
-0.486450	-2.680969	2.196960	-0.850525
-0.470581	-2.469482	2.380981	-0.749207
-0.433960	-2.255554	2.572327	-0.637817
-0.377197	-2.028809	2.773743	-0.505371
-0.315552	-1.802979	2.969360	-0.368652
-0.248108	-1.577759	3.144226	-0.292664
-0.176086	-1.353455	3.287964	-0.240479
-0.080872	-1.136475	3.393555	-0.143433
0.031738	-0.914612	3.460693	-0.003052
0.144348	-0.686646	3.476563	0.138855
0.267944	-0.459290	3.431702	0.299683
0.398560	-0.265808	3.329163	0.498352
0.530090	-0.133972	3.169250	0.720520
0.657959	-0.062866	2.949219	0.966797
0.769653	-0.091858	2.688904	1.239624
0.867004	-0.217285	2.376099	1.520386
0.944824	-0.404053	2.001343	1.774902
0.988159	-0.650635	1.591492	1.964722
0.993042	-0.962524	1.134338	2.090759
0.954285	-1.338501	0.632629	2.166443
0.867615	-1.753540	0.129700	2.180481
0.730896	-2.154541	-0.343628	2.131042
0.571899	-2.509460	-0.790405	2.014771
0.417480	-2.820740	-1.185608	1.828613
0.282898	-3.065186	-1.525269	1.575012
0.169373	-3.253174	-1.793823	1.274719
0.072632	-3.405457	-1.969299	0.944214
-0.006714	-3.505249	-2.060852	0.597534
-0.078735	-3.526306	-2.090454	0.242920
-0.141907	-3.463135	-2.070618	-0.110779
-0.169983	-3.322449	-2.017822	-0.418701
-0.151672	-3.092651	-1.940613	-0.641785
-0.093994	-2.755737	-1.840210	-0.787659
-0.022278	-2.329102	-1.728821	-0.887756
0.043030	-1.818848	-1.634216	-0.943604
0.098572	-1.223755	-1.542358	-0.935974
0.146484	-0.557251	-1.435242	-0.860901
0.193787	0.158691	-1.312256	-0.763855
0.231323	0.914307	-1.166077	-0.663147
0.253906	1.702271	-1.002197	-0.555725
0.258484	2.489624	-0.821533	-0.447388
0.238342	3.235474	-0.626221	-0.349121
0.199280	3.919678	-0.433044	-0.259399
0.144348	4.530029	-0.256958	-0.168457
0.061340	5.057068	-0.089722	-0.087891
-0.043335	5.488586	0.061340	-0.025330
-0.158691	5.800781	0.183105	0.027466
-0.263977	6.006775	0.276184	0.057678
-0.349121	6.072083	0.340271	0.063171
-0.409851	6.009827	0.382996	0.059814
-0.448608	5.851440	0.395508	0.047913
-0.465698	5.614929	0.365601	0.035706
-0.454712	5.298767	0.296936	0.022278
-0.424194	4.920044	0.185852	0.006409
-0.371094	4.500732	0.041504	-0.005798
-0.318604	4.038391	-0.134888	-0.035095
-0.267639	3.532715	-0.343933	-0.083618
-0.223999	2.978821	-0.575562	-0.143127
-0.179443	2.375793	-0.820007	-0.203552
-0.134583	1.741638	-1.046753	-0.281067
-0.105591	1.096191	-1.242676	-0.369568
-0.094910	0.466003	-1.422424	-0.504150
-0.095520	-0.126648	-1.585388	-0.676270
-0.088806	-0.667114	-1.719666	-0.850830
-0.076904	-1.120300	-1.791077	-0.991821
-0.078430	-1.502075	-1.779175	-1.114807
-0.092468	-1.804810	-1.687012	-1.242981
-0.108643	-2.024841	-1.502686	-1.332092
-0.137024	-2.164307	-1.229553	-1.361389
-0.162354	-2.195129	-0.907898	-1.344910
-0.180054	-2.158203	-0.532227	-1.275330
-0.194397	-2.137451	-0.100708	-1.147766
-0.205994	-2.114868	0.368958	-0.971680
-0.206604	-2.039490	0.845032	-0.766602
-0.183716	-1.949158	1.304626	-0.563049
-0.141907	-1.886292	1.723633	-0.350037
-0.102844	-1.832581	2.066650	-0.136108
-0.083923	-1.747742	2.344360	0.071411
-0.080566	-1.646118	2.571106	0.245361
-0.091858	-1.540222	2.702942	0.375977
-0.124207	-1.431580	2.728271	0.449829
-0.160828	-1.329041	2.696838	0.460815
-0.210571	-1.230774	2.640381	0.423279
-0.270691	-1.141357	2.545776	0.354309
-0.334473	-1.046753	2.387390	0.217590
-0.408325	-0.945435	2.174683	0.021362
-0.485535	-0.863647	1.911621	-0.169678
-0.549011	-0.806580	1.626587	-0.331116
-0.589600	-0.764160	1.342163	-0.488892
-0.604248	-0.727234	1.088867	-0.654297
-0.602112	-0.708008	0.839844	-0.796509
-0.581665	-0.721436	0.577087	-0.896301
-0.522766	-0.735474	0.310669	-0.948181
-0.447998	-0.755310	0.060120	-0.923462
-0.366516	-0.785217	-0.144348	-0.834961
-0.275574	-0.818176	-0.297852	-0.719910
-0.180969	-0.858459	-0.390625	-0.586548
-0.092163	-0.907288	-0.432129	-0.425720
0.002441	-0.972900	-0.440063	-0.250854
0.093384	-1.063538	-0.413818	-0.074158
0.153809	-1.151428	-0.346985	0.108032
0.189514	-1.201477	-0.254822	0.272217
0.214844	-1.209106	-0.169678	0.403442
0.218201	-1.156311	-0.104065	0.479431
0.200195	-1.048279	-0.043640	0.481873
0.159912	-0.899963	0.023193	0.415344
0.119934	-0.689087	0.087280	0.287170
0.074158	-0.390320	0.136414	0.115662
0.021057	-0.012207	0.171509	-0.083618
-0.021057	0.414124	0.194092	-0.303955
-0.043945	0.874329	0.197144	-0.529480
-0.048218	1.356812	0.177002	-0.746155
-0.053711	1.837769	0.145569	-0.989075
-0.070190	2.297974	0.093689	-1.253967
-0.091858	2.722778	0.018616	-1.484375
-0.116577	3.094788	-0.072327	-1.659546
-0.147705	3.404846	-0.196838	-1.792297
-0.187988	3.650818	-0.363159	-1.893311
-0.234985	3.836365	-0.572815	-1.958008
-0.275879	3.969727	-0.815735	-1.991882
-0.315857	4.027100	-1.062012	-1.993103
-0.360413	3.976746	-1.292114	-1.961670
-0.413513	3.855896	-1.508179	-1.905518
-0.467529	3.706055	-1.699524	-1.827698
-0.506897	3.527832	-1.838684	-1.726990
-0.531616	3.335876	-1.924744	-1.586304
-0.534668	3.138428	-1.960754	-1.400146
-0.516357	2.968140	-1.936035	-1.187134
-0.471802	2.845764	-1.845703	-0.963745
-0.394287	2.761841	-1.728821	-0.736694
-0.289307	2.684326	-1.589355	-0.515442
-0.152893	2.584839	-1.417847	-0.294495
0.006104	2.478333	-1.218567	-0.055847
0.182800	2.376099	-1.008606	0.184021
0.390015	2.266541	-0.806885	0.405273
0.606995	2.147217	-0.625610	0.603943
0.814514	2.000122	-0.482178	0.809631
1.004639	1.813965	-0.372925	1.029663
1.153870	1.588745	-0.300293	1.226196
1.251221	1.344299	-0.253601	1.388855
1.290283	1.077271	-0.230103	1.515808
1.277161	0.779724	-0.233154	1.597290
1.229248	0.475769	-0.253906	1.632996
1.153259	0.137634	-0.267639	1.633606
1.042175	-0.228577	-0.261230	1.588745
0.887451	-0.620117	-0.232544	1.478271
0.690613	-1.040039	-0.191345	1.290588
0.466003	-1.460876	-0.138550	1.054382
0.238037	-1.864014	-0.077515	0.796204
0.012207	-2.251587	0.003967	0.523987
-0.214844	-2.599487	0.118713	0.244141
-0.426636	-2.894592	0.251465	-0.037231
-0.616760	-3.143311	0.384521	-0.313721
-0.774231	-3.334961	0.508423	-0.570068
-0.884094	-3.484497	0.624695	-0.798645
-0.955505	-3.607788	0.731201	-1.001892
-0.997009	-3.698730	0.809631	-1.182556
-1.022034	-3.752441	0.868835	-1.323547
-1.037598	-3.775635	0.893250	-1.414795
-1.036072	-3.758240	0.877075	-1.447144
-1.002808	-3.687134	0.837097	-1.407471
-0.932922	-3.557434	0.775452	-1.307678
-0.844116	-3.380737	0.697021	-1.176758
-0.746155	-3.153687	0.602112	-1.027222
-0.642090	-2.868042	0.509644	-0.857849
-0.529785	-2.548523	0.455933	-0.665283
-0.411377	-2.218933	0.432739	-0.458679
-0.285645	-1.872559	0.445862	-0.245667
-0.154724	-1.516113	0.512085	-0.025635
-0.021667	-1.167603	0.634155	0.213623
0.104980	-0.840759	0.792542	0.473328
0.216675	-0.552368	0.961304	0.725708
0.304871	-0.314636	1.121521	0.961609
0.361328	-0.126343	1.254883	1.190491
0.387878	0.003662	1.350708	1.403198
0.392761	0.052185	1.407776	1.593018
0.393066	0.025024	1.424255	1.758118
0.397034	-0.059204	1.381226	1.893005
0.401001	-0.197754	1.268921	1.989136
0.403442	-0.383606	1.092529	2.026062
0.391846	-0.620422	0.856934	2.022095
0.367737	-0.890808	0.559082	1.976624
0.335388	-1.171265	0.210266	1.876831
0.290222	-1.442566	-0.149841	1.715088
0.233459	-1.694336	-0.513916	1.510925
0.178223	-1.922302	-0.865479	1.259460
0.144348	-2.116699	-1.184692	0.975342
0.112000	-2.263794	-1.463928	0.678711
0.074463	-2.367554	-1.710205	0.372620
0.030823	-2.427368	-1.940308	0.050049
-0.021057	-2.422485	-2.145386	-0.274353
-0.083618	-2.340698	-2.320557	-0.578918
-0.137939	-2.205811	-2.456360	-0.852051
-0.163879	-2.032166	-2.547607	-1.073914
-0.171204	-1.803894	-2.595215	-1.221008
-0.168152	-1.516418	-2.601929	-1.297913
-0.150757	-1.191101	-2.577820	-1.302185
-0.111084	-0.852966	-2.536926	-1.230469
-0.057373	-0.513611	-2.494507	-1.089172
0.003052	-0.193176	-2.421570	-0.917053
0.062256	0.099182	-2.297974	-0.727539
0.115356	0.362854	-2.137756	-0.526428
0.166321	0.590820	-1.949158	-0.320435
0.226135	0.775452	-1.734314	-0.111084
0.301819	0.929260	-1.511841	0.105286
0.377197	1.066895	-1.295166	0.318909
0.442505	1.189270	-1.077881	0.495300
0.494995	1.292725	-0.877075	0.614014
0.532227	1.392822	-0.693665	0.690918
0.549622	1.474304	-0.524597	0.723877
0.555420	1.524353	-0.350037	0.724792
0.556946	1.553955	-0.178223	0.696411
0.552368	1.559143	-0.032654	0.646667
0.547180	1.524658	0.083923	0.578308
0.542297	1.454163	0.167542	0.488586
0.534668	1.335449	0.217896	0.392151
0.530090	1.154480	0.234680	0.276794
0.512085	0.921326	0.229797	0.133972
0.474548	0.654602	0.218811	-0.016174
0.440674	0.365601	0.213013	-0.152283
0.416260	0.056152	0.218201	-0.268860
0.404053	-0.257568	0.231323	-0.357971
0.409546	-0.565796	0.255127	-0.418091
0.411377	-0.862427	0.293579	-0.446472
0.394897	-1.139832	0.346985	-0.449219
0.351563	-1.390991	0.426941	-0.429382
0.285339	-1.593933	0.541687	-0.399475
0.199585	-1.730347	0.690308	-0.361328
0.103455	-1.792603	0.869446	-0.303650
0.011597	-1.779480	1.075439	-0.227356
-0.076599	-1.706543	1.290894	-0.133667
-0.162048	-1.587830	1.491699	-0.025024
-0.241394	-1.429138	1.670837	0.084534
-0.317383	-1.245728	1.827393	0.184937
-0.388794	-1.053467	1.952209	0.272217
-0.448608	-0.846558	2.040405	0.340576
-0.485840	-0.621948	2.098389	0.395813
-0.504150	-0.390015	2.131348	0.463257
-0.506287	-0.171814	2.127075	0.556030
-0.488586	0.015259	2.072449	0.660706
-0.456848	0.150452	1.979980	0.762634
-0.418396	0.225830	1.850891	0.859375
-0.380249	0.240784	1.681213	0.950928
-0.353088	0.202026	1.477051	1.035156
-0.347900	0.121155	1.259155	1.112366
-0.359802	0.013123	1.038513	1.176147
-0.376282	-0.113220	0.817566	1.234131
-0.392456	-0.254822	0.601196	1.293945
-0.403137	-0.403748	0.387268	1.351013
-0.415039	-0.559692	0.184326	1.383972
-0.434265	-0.721741	0.000610	1.385498
-0.447388	-0.866699	-0.160828	1.366882
-0.447693	-0.987549	-0.290527	1.332703
-0.433655	-1.091919	-0.381470	1.282959
-0.400391	-1.174011	-0.433044	1.223755
-0.340576	-1.225281	-0.441589	1.178284
-0.258484	-1.246033	-0.420227	1.144409
-0.169678	-1.228943	-0.385437	1.116943
-0.078125	-1.174622	-0.351257	1.096802
0.007324	-1.098633	-0.315247	1.085205
0.088501	-0.997925	-0.274353	1.077576
0.174561	-0.857544	-0.236206	1.067505
0.255737	-0.671692	-0.191345	1.065674
0.317993	-0.453186	-0.148010	1.068420
0.368347	-0.209961	-0.114136	1.070862
0.406494	0.047607	-0.083923	1.078491
0.432434	0.326843	-0.061035	1.078796
0.427246	0.628967	-0.046997	1.055603
0.391846	0.948792	-0.042419	1.005249
0.319214	1.275024	-0.032959	0.923767
0.219421	1.591492	-0.010071	0.802002
0.111084	1.889038	0.022888	0.638733
-0.001221	2.160950	0.057678	0.442505
-0.109558	2.398071	0.078125	0.221863
-0.219116	2.588196	0.079956	-0.034485
-0.330811	2.738342	0.068665	-0.322266
-0.439148	2.848511	0.042725	-0.639648
-0.535889	2.917175	-0.006104	-0.984802
-0.617371	2.946472	-0.082397	-1.338196
-0.679016	2.945251	-0.181885	-1.679077
-0.715942	2.923279	-0.296021	-1.986084
-0.724792	2.875671	-0.429382	-2.243652
-0.703125	2.788696	-0.580139	-2.449951
-0.650330	2.659607	-0.744019	-2.606506
-0.585022	2.507629	-0.917358	-2.709351
-0.516968	2.338867	-1.084900	-2.771912
-0.435181	2.152100	-1.222229	-2.809448
-0.340271	1.962585	-1.325073	-2.822266
-0.245361	1.785889	-1.386414	-2.806396
-0.152893	1.625977	-1.385498	-2.758179
-0.044556	1.482544	-1.326294	-2.675781
0.064087	1.344604	-1.225281	-2.562561
0.169373	1.217041	-1.067810	-2.424011
0.275574	1.102600	-0.851135	-2.264404
0.375366	1.003113	-0.596313	-2.068176
0.471802	0.921326	-0.328979	-1.849365
0.571594	0.852356	-0.033569	-1.623535
0.670471	0.778198	0.289001	-1.378784
0.758667	0.709839	0.584412	-1.098022
0.828857	0.640869	0.844421	-0.795593
0.879822	0.571594	1.091003	-0.495911
0.897522	0.502625	1.305542	-0.207825
0.889587	0.415649	1.460571	0.056152
0.875854	0.313416	1.556702	0.291748
0.828247	0.211792	1.607056	0.504761
0.741882	0.118103	1.611328	0.690613
0.652161	0.030518	1.558533	0.836487
0.569153	-0.060425	1.476746	0.934143
0.464783	-0.150452	1.380615	0.983582
0.334778	-0.232239	1.251831	0.987244
0.193481	-0.327148	1.099243	0.931396
0.029602	-0.438843	0.946960	0.824585
-0.151672	-0.540161	0.793457	0.682068
-0.318909	-0.635071	0.634766	0.498962
-0.473328	-0.722656	0.475769	0.293274
-0.621338	-0.787659	0.319519	0.108032
-0.748291	-0.845947	0.178223	-0.054626
-0.844727	-0.899048	0.052490	-0.214233
-0.918579	-0.950317	-0.065308	-0.353699
-0.981750	-0.986938	-0.174561	-0.454407
-1.022339	-1.007690	-0.254211	-0.518188
-1.035461	-1.023560	-0.302429	-0.546875
-1.009216	-1.031799	-0.329590	-0.522461
-0.942688	-1.028442	-0.334473	-0.435181
-0.854492	-1.009827	-0.320129	-0.290527
-0.746155	-0.977173	-0.296631	-0.104370
-0.621643	-0.934143	-0.253601	0.111084
-0.489502	-0.882568	-0.178223	0.338745
-0.359192	-0.827026	-0.073242	0.575867
-0.249329	-0.760498	0.041199	0.795898
-0.149841	-0.671997	0.173950	1.004333
-0.053711	-0.567627	0.335999	1.188049
0.040283	-0.433960	0.512390	1.336060
0.122986	-0.270386	0.684814	1.459045
0.184326	-0.092773	0.843201	1.554260
0.221252	0.109558	0.979614	1.607666
0.238647	0.316162	1.091614	1.627197
0.242615	0.504150	1.183777	1.607971
0.241089	0.675659	1.250916	1.549072
0.232239	0.828247	1.289978	1.482544
0.218811	0.949707	1.293945	1.414490
0.211182	1.035156	1.245728	1.330872
0.217590	1.079712	1.149292	1.246033
0.221863	1.083374	1.023560	1.164246
0.209045	1.048584	0.869141	1.068420
0.178833	0.970764	0.677795	0.947571
0.132141	0.860596	0.458374	0.812988
0.078735	0.733032	0.241394	0.671082
0.030823	0.598145	0.028381	0.517883
-0.013733	0.465393	-0.173645	0.361938
-0.061340	0.343628	-0.354004	0.214539
-0.104065	0.243530	-0.521851	0.067444
-0.144043	0.173645	-0.671997	-0.077820
-0.184021	0.139771	-0.794373	-0.218506
-0.208130	0.131531	-0.891113	-0.348511
-0.219421	0.137329	-0.957642	-0.465393
-0.225220	0.157471	-0.996704	-0.568848
-0.220642	0.188904	-1.015930	-0.650940
-0.193481	0.233459	-1.023865	-0.703430
-0.149536	0.287781	-1.028748	-0.733337
-0.092163	0.347900	-1.026001	-0.745239
-0.018616	0.406799	-1.007996	-0.756226
0.070496	0.451660	-0.976868	-0.759888
0.169983	0.471497	-0.939636	-0.747681
0.281067	0.460205	-0.892639	-0.728149
0.394287	0.398865	-0.832520	-0.707092
0.508728	0.291138	-0.776978	-0.668030
0.623169	0.140686	-0.729065	-0.612488
0.724792	-0.058289	-0.678711	-0.551147
0.801392	-0.287781	-0.630798	-0.495300
0.848694	-0.534058	-0.593262	-0.450439
0.868835	-0.793152	-0.563049	-0.415039
0.862427	-1.051331	-0.538940	-0.401001
0.840149	-1.295776	-0.525818	-0.416870
0.809326	-1.535645	-0.511169	-0.456848
0.765076	-1.762390	-0.500183	-0.512085
0.706482	-1.964111	-0.499878	-0.581360
0.643005	-2.141418	-0.502014	-0.669250
0.572815	-2.290039	-0.501709	-0.775452
0.493469	-2.409973	-0.503845	-0.887451
0.409546	-2.500916	-0.502930	-0.988159
0.329590	-2.582703	-0.490417	-1.067200
0.265503	-2.653198	-0.475769	-1.117249
0.216370	-2.687988	-0.473633	-1.130981
0.182190	-2.681885	-0.471191	-1.102295
0.159302	-2.648621	-0.453186	-1.039734
0.135193	-2.580261	-0.428467	-0.955200
0.111694	-2.465210	-0.396729	-0.848999
0.091553	-2.298279	-0.347290	-0.726318
0.068665	-2.083435	-0.286865	-0.590515
0.030823	-1.825867	-0.227051	-0.435791
-0.020142	-1.543884	-0.150452	-0.271301
-0.069885	-1.251526	-0.036011	-0.107727
-0.123596	-0.956726	0.091858	0.053406
-0.180054	-0.657654	0.220642	0.196533
-0.235291	-0.352783	0.365295	0.311890
-0.289307	-0.048218	0.514221	0.407104
-0.331726	0.234985	0.641479	0.485535
-0.360413	0.474548	0.745850	0.543518
-0.384827	0.677185	0.841064	0.572510
-0.410156	0.851135	0.913696	0.582275
-0.420532	0.974731	0.936584	0.575867
-0.415344	1.020508	0.916443	0.546265
-0.407104	1.015015	0.849609	0.513611
-0.394592	0.981750	0.750122	0.487671
-0.375366	0.895996	0.633850	0.457153
-0.359192	0.754700	0.496216	0.408630
-0.340271	0.579834	0.342712	0.356140
-0.308533	0.377808	0.170288	0.323486
-0.280151	0.147095	-0.006714	0.313110
-0.263367	-0.126038	-0.174561	0.318604
-0.249939	-0.419617	-0.326233	0.332642
-0.231323	-0.700073	-0.465698	0.343628
-0.213013	-0.950012	-0.603638	0.347595
-0.213013	-1.163940	-0.720825	0.352478
-0.203247	-1.368103	-0.804749	0.354614
-0.184631	-1.566772	-0.854797	0.345154
-0.163574	-1.725464	-0.870361	0.344238
-0.139160	-1.833801	-0.852966	0.353699
-0.121155	-1.890564	-0.804138	0.371094
-0.088501	-1.889038	-0.732117	0.422668
-0.035706	-1.834106	-0.638123	0.499268
0.021973	-1.716614	-0.529480	0.585632
0.078430	-1.545105	-0.425110	0.693359
0.142822	-1.330872	-0.324402	0.832214
0.223694	-1.074829	-0.228882	0.985107
0.297852	-0.782776	-0.133972	1.140747
0.364685	-0.466309	-0.043640	1.304321
0.429993	-0.137634	0.034180	1.469116
0.476685	0.211487	0.096130	1.614990
0.510864	0.572510	0.145264	1.726685
0.536194	0.920105	0.195313	1.783142
0.525818	1.238098	0.240173	1.783752
0.484619	1.520081	0.262146	1.747131
0.423584	1.773071	0.273438	1.653442
0.339966	1.977844	0.296021	1.492920
0.232544	2.121887	0.321350	1.278381
0.122070	2.217712	0.348816	1.017151
0.016174	2.272949	0.374146	0.719299
-0.084229	2.285767	0.406189	0.401611
-0.171814	2.247314	0.433655	0.061646
-0.234680	2.155762	0.448914	-0.301819
-0.275269	2.014771	0.450134	-0.647888
-0.305786	1.861267	0.428772	-0.954895
-0.321045	1.696167	0.395508	-1.232605
-0.315247	1.493530	0.350037	-1.487427
-0.298157	1.271973	0.292358	-1.716309
-0.252991	1.054077	0.229797	-1.908875
-0.194397	0.833740	0.167236	-2.047119
-0.142212	0.611877	0.108337	-2.129211
-0.084839	0.412903	0.049438	-2.168274
-0.014954	0.255432	0.001526	-2.179260
0.067749	0.135498	-0.020447	-2.158203
0.143738	0.057983	-0.022278	-2.106323
0.209045	0.016479	-0.006409	-2.016296
0.260620	0.002441	0.029602	-1.907349
0.296936	0.022583	0.091858	-1.788635
0.315857	0.086365	0.177307	-1.642456
0.323181	0.177917	0.275879	-1.485291
0.325623	0.299072	0.375671	-1.324158
0.320129	0.454407	0.467529	-1.159363
0.300293	0.632019	0.567627	-0.973816
0.268250	0.817871	0.686951	-0.774536
0.239868	1.015015	0.815125	-0.578308
0.213623	1.220703	0.931702	-0.389099
0.180054	1.408081	1.038818	-0.208740
0.138245	1.585388	1.119995	-0.034485
0.090332	1.741333	1.162720	0.139771
0.036011	1.860657	1.176147	0.305481
-0.026245	1.954651	1.151123	0.441895
-0.095825	2.017822	1.086731	0.545349
-0.177002	2.043457	0.985413	0.629578
-0.259399	2.018433	0.846252	0.686340
-0.339966	1.945801	0.675964	0.706787
-0.419006	1.838074	0.480957	0.689392
-0.498352	1.709290	0.274963	0.637512
-0.571899	1.568909	0.073853	0.550537
-0.636902	1.430969	-0.125427	0.431213
-0.690002	1.298523	-0.319214	0.287170
-0.724487	1.170044	-0.494690	0.127869
-0.750427	1.047668	-0.646667	-0.027161
-0.762024	0.935364	-0.767517	-0.165405
-0.746460	0.830994	-0.856934	-0.290833
-0.708008	0.738831	-0.921021	-0.381470
-0.650940	0.657043	-0.950317	-0.422668
-0.580444	0.570374	-0.936279	-0.419617
-0.497131	0.472107	-0.889893	-0.366516
-0.395508	0.372314	-0.819092	-0.278320
-0.288086	0.275574	-0.726013	-0.176697
-0.189819	0.174561	-0.614319	-0.059814
-0.106506	0.079041	-0.500183	0.083313
-0.037537	-0.011902	-0.388794	0.243530
0.012512	-0.094604	-0.273743	0.400085
0.046692	-0.166626	-0.153809	0.544434
0.070801	-0.226135	-0.027466	0.675049
0.084534	-0.274048	0.104370	0.785522
0.077209	-0.307312	0.226440	0.868530
0.054932	-0.319824	0.331726	0.928650
0.034180	-0.308228	0.422974	0.957642
0.009155	-0.283203	0.491028	0.950317
-0.027771	-0.242004	0.534058	0.910645
-0.068054	-0.181580	0.554199	0.838623
-0.102539	-0.108032	0.550537	0.733948
-0.144653	-0.010071	0.527344	0.612793
-0.183105	0.108032	0.474243	0.482483
-0.204773	0.225830	0.402832	0.338135
-0.228271	0.340881	0.320740	0.175171
-0.256042	0.457764	0.226440	0.005493
-0.275269	0.567932	0.126038	-0.157471
-0.289307	0.660095	0.029907	-0.313110
-0.300598	0.729980	-0.051880	-0.453186
-0.308228	0.778809	-0.110779	-0.574341
-0.306091	0.800781	-0.147095	-0.676270
-0.301208	0.799255	-0.169067	-0.762329
-0.295410	0.782776	-0.170593	-0.834045
-0.295715	0.753479	-0.143738	-0.894470
-0.297852	0.704041	-0.091858	-0.946045
-0.281067	0.649414	-0.033264	-0.975952
-0.235596	0.604858	0.053406	-0.984497
-0.184326	0.576782	0.191345	-0.980835
-0.134277	0.570679	0.358582	-0.964966
-0.074768	0.578918	0.536194	-0.930176
-0.004272	0.600586	0.716553	-0.870972
0.077515	0.628967	0.899353	-0.793762
0.163574	0.652771	1.066589	-0.712585
0.257874	0.657959	1.212158	-0.626831
0.351868	0.648804	1.318665	-0.538635
0.445251	0.635376	1.385498	-0.447693
0.531616	0.598145	1.407166	-0.356750
0.605774	0.522766	1.374817	-0.269470
0.677185	0.416565	1.285095	-0.191650
0.730591	0.284119	1.152954	-0.120850
0.760498	0.123901	0.982971	-0.062866
0.767822	-0.065308	0.769043	-0.026855
0.753174	-0.285339	0.527954	-0.005493
0.716858	-0.528259	0.274658	0.001526
0.660095	-0.777588	0.020752	-0.013428
0.585022	-1.014404	-0.227051	-0.038147
0.494995	-1.223755	-0.454407	-0.057068
0.393372	-1.408691	-0.653992	-0.074158
0.290527	-1.568298	-0.822449	-0.090027
0.187378	-1.701050	-0.958252	-0.093079
0.089417	-1.808472	-1.062927	-0.075989
-0.001526	-1.889038	-1.139221	-0.043945
-0.075073	-1.939392	-1.195068	0.002136
-0.133057	-1.949463	-1.221924	0.065613
-0.177002	-1.916809	-1.220093	0.151367
-0.204468	-1.842346	-1.200867	0.254822
-0.214539	-1.736450	-1.169739	0.370178
-0.210571	-1.600037	-1.125793	0.492249
-0.191650	-1.433411	-1.071167	0.619812
-0.166016	-1.233215	-1.010132	0.757141
-0.132446	-1.010437	-0.939636	0.893555
-0.092468	-0.775146	-0.859680	1.019287
-0.045776	-0.523987	-0.764160	1.138611
0.003357	-0.264587	-0.651245	1.246643
0.049438	-0.005798	-0.523376	1.340332
0.088501	0.247498	-0.390930	1.411438
0.117493	0.487976	-0.250854	1.451721
0.138245	0.710449	-0.100708	1.461487
0.145264	0.895996	0.044861	1.448059
0.146179	1.024780	0.187683	1.413574
0.140686	1.110535	0.325928	1.351929
0.123901	1.172485	0.458069	1.264648
0.102234	1.200867	0.580750	1.165771
0.075989	1.185913	0.685425	1.055603
0.044250	1.124878	0.761414	0.923157
0.007935	1.026306	0.802002	0.782166
-0.035706	0.877075	0.808411	0.643921
-0.086365	0.671692	0.766296	0.516052
-0.138855	0.421448	0.678711	0.391235
-0.190430	0.133667	0.560608	0.277710
-0.228271	-0.179138	0.420837	0.184937
-0.253906	-0.511475	0.262756	0.109863
-0.277100	-0.844116	0.081482	0.044250
-0.296936	-1.165466	-0.119629	-0.010681
-0.311890	-1.464233	-0.331726	-0.046387
-0.316467	-1.725159	-0.541687	-0.067444
-0.309448	-1.940308	-0.729675	-0.083618
-0.291138	-2.106934	-0.881958	-0.099487
-0.266113	-2.222290	-1.000061	-0.098267
-0.237427	-2.283936	-1.078186	-0.085144
-0.196838	-2.295227	-1.111145	-0.069275
-0.152893	-2.272949	-1.101379	-0.042725
-0.103455	-2.225037	-1.055908	-0.001526
-0.048828	-2.139282	-0.978699	0.052490
0.008850	-2.026367	-0.873413	0.114136
0.071106	-1.897278	-0.755920	0.184021
0.145264	-1.741943	-0.634766	0.263062
0.217285	-1.559448	-0.511169	0.343018
0.273743	-1.361694	-0.381165	0.421753
0.324402	-1.162109	-0.259094	0.496826
0.373840	-0.970764	-0.160522	0.564575
0.416870	-0.785522	-0.083618	0.609741
0.446167	-0.616455	-0.015869	0.631714
0.465698	-0.485840	0.051270	0.630798
0.479126	-0.396118	0.108643	0.598450
0.478821	-0.337524	0.150452	0.529785
0.458679	-0.303345	0.178223	0.439453
0.427246	-0.298767	0.196533	0.340271
0.389709	-0.327759	0.207520	0.222473
0.350647	-0.377197	0.207520	0.071716
0.311584	-0.443420	0.194397	-0.108948
0.273743	-0.529785	0.161133	-0.310974
0.242310	-0.629272	0.101624	-0.521240
0.214844	-0.736389	0.021973	-0.721741
0.192261	-0.849304	-0.059509	-0.900574
0.181274	-0.957642	-0.130310	-1.061707
0.182190	-1.058655	-0.202332	-1.200867
0.189514	-1.150818	-0.287476	-1.309204
0.202026	-1.228333	-0.371704	-1.373596
0.217590	-1.284180	-0.437927	-1.389160
0.226746	-1.324463	-0.484314	-1.368713
0.234680	-1.347351	-0.523987	-1.322937
0.248108	-1.332397	-0.572205	-1.247864
0.254822	-1.274414	-0.618896	-1.148071
0.253906	-1.174622	-0.645142	-1.029358
0.256653	-1.044617	-0.639648	-0.903015
0.265503	-0.899048	-0.621033	-0.770264
0.263977	-0.717468	-0.600891	-0.627441
0.244141	-0.489502	-0.569153	-0.482178
0.216675	-0.229492	-0.515137	-0.344238
0.180359	0.048218	-0.441895	-0.216370
0.136719	0.337830	-0.363159	-0.092773
0.091553	0.635986	-0.280762	0.019531
0.034180	0.953064	-0.194092	0.107422
-0.024414	1.268921	-0.097046	0.177307
-0.066833	1.549072	0.016479	0.231018
-0.108948	1.780701	0.119324	0.261230
-0.165710	1.981201	0.200806	0.278015
-0.211487	2.154846	0.264282	0.295410
-0.243225	2.277527	0.300598	0.293579
-0.275574	2.342529	0.317993	0.261841
-0.292664	2.362976	0.321655	0.218201
-0.299988	2.355042	0.307007	0.176697
-0.323792	2.305908	0.275574	0.135803
-0.352478	2.197266	0.227966	0.096130
-0.368958	2.039490	0.173035	0.051575
-0.386047	1.866455	0.126953	0.001831
-0.406799	1.697998	0.097656	-0.036926
-0.415344	1.523132	0.078125	-0.069275
-0.416565	1.351013	0.060120	-0.105286
-0.415344	1.207886	0.059204	-0.138855
-0.397644	1.077881	0.090332	-0.165710
-0.380859	0.954895	0.128479	-0.163574
-0.367432	0.859680	0.159302	-0.123596
-0.323181	0.785522	0.197754	-0.063477
-0.260925	0.728149	0.250549	0.007324
-0.213928	0.679016	0.317993	0.107422
-0.153198	0.631714	0.388489	0.232849
-0.071411	0.587463	0.457764	0.364685
-0.001831	0.550537	0.513306	0.505066
0.065308	0.517273	0.570984	0.661926
0.141907	0.476074	0.631714	0.824280
0.198669	0.437622	0.679016	0.981750
0.241394	0.399475	0.702209	1.148682
0.285034	0.345764	0.716553	1.288757
0.309143	0.281372	0.733948	1.384888
0.290222	0.203552	0.729370	1.468811
0.259399	0.120850	0.700989	1.526489
0.222168	0.052185	0.664978	1.539001
0.150757	-0.023193	0.626221	1.508179
0.061340	-0.092468	0.574951	1.431580
-0.003357	-0.154724	0.517578	1.316223
-0.068970	-0.216064	0.462036	1.168823
-0.159912	-0.269165	0.411682	0.996399
-0.242615	-0.313721	0.361328	0.791931
-0.313110	-0.365295	0.314636	0.557861
-0.375977	-0.405273	0.263977	0.301208
-0.422058	-0.431213	0.220642	0.028381
-0.471191	-0.463562	0.196228	-0.249939
-0.522766	-0.493469	0.173035	-0.511475
-0.537109	-0.506592	0.143738	-0.755310
-0.520020	-0.506897	0.134277	-0.985718
-0.502014	-0.498352	0.148621	-1.182556
-0.477295	-0.485229	0.168762	-1.341553
-0.422363	-0.451050	0.195313	-1.467590
-0.353394	-0.394897	0.244141	-1.562805
-0.286560	-0.320740	0.297852	-1.641541
-0.204773	-0.226440	0.350342	-1.687927
-0.117493	-0.137329	0.421753	-1.689148
-0.039673	-0.054932	0.508728	-1.661682
0.035706	0.045776	0.608521	-1.612244
0.101318	0.163269	0.728149	-1.538391
0.152283	0.296326	0.851746	-1.441650
0.194702	0.447083	0.965271	-1.333313
0.226746	0.585022	1.076355	-1.224670
0.243530	0.705261	1.180725	-1.112366
0.257568	0.830994	1.257019	-0.999451
0.278625	0.954590	1.302490	-0.886230
0.290833	1.055298	1.318054	-0.770264
0.291443	1.140747	1.286926	-0.662231
0.294495	1.200867	1.205750	-0.567017
0.285034	1.223755	1.079102	-0.476990
