2020/1/9 9:20:23 40us
CH1			CH2			CH3			CH4
-0.002441	-0.000916	0.011597	-0.007324
-0.002747	-0.001221	0.011597	-0.007629
-0.002441	-0.001221	0.011597	-0.007324
-0.002747	-0.001221	0.011597	-0.007324
-0.002747	-0.001221	0.011292	-0.007324
-0.003052	-0.001221	0.011292	-0.007324
-0.002747	-0.001526	0.011597	-0.007324
-0.002747	-0.001221	0.011597	-0.007019
-0.002441	-0.001526	0.011597	-0.007324
-0.003052	-0.001831	0.011597	-0.007019
-0.002747	-0.001526	0.011292	-0.007324
-0.003052	-0.001221	0.011597	-0.007019
-0.002747	-0.001526	0.011292	-0.006714
-0.002747	-0.001526	0.011597	-0.007324
-0.003052	-0.001526	0.011597	-0.007019
-0.002747	-0.001526	0.011292	-0.007019
-0.002747	-0.001221	0.011292	-0.007324
-0.003052	-0.001526	0.011292	-0.006714
-0.003357	-0.001526	0.011597	-0.006409
-0.003052	-0.001221	0.011597	-0.006714
-0.002441	-0.001221	0.011292	-0.007019
-0.003052	-0.001221	0.011292	-0.006409
-0.002747	-0.001831	0.011292	-0.006409
-0.002747	-0.001221	0.011902	-0.007019
-0.002747	-0.001221	0.010986	-0.006714
-0.003052	-0.001221	0.011292	-0.007019
-0.002747	-0.001221	0.010986	-0.007324
-0.003052	-0.002136	0.011292	-0.006714
-0.003052	-0.001526	0.010986	-0.007019
-0.003052	-0.001526	0.011292	-0.006714
-0.003052	-0.001831	0.010986	-0.006409
-0.003052	-0.001831	0.010986	-0.006409
-0.002747	-0.001831	0.011292	-0.006409
-0.003052	-0.001831	0.010986	-0.006714
-0.003052	-0.001831	0.010986	-0.006409
-0.003052	-0.001526	0.010986	-0.006409
-0.003357	-0.001526	0.010986	-0.006714
-0.003357	-0.001831	0.011292	-0.006714
-0.003052	-0.001831	0.011597	-0.007019
-0.003052	-0.001221	0.011292	-0.006714
-0.003052	-0.001831	0.011597	-0.018921
-0.002747	-0.001526	0.011902	0.216064
-0.002136	-0.000916	0.013123	0.550842
-0.002747	-0.000610	0.012512	0.682983
-0.001221	-0.001221	0.012817	0.670166
0.000916	-0.000916	0.012817	0.500488
-0.002747	-0.001221	0.028687	0.252686
-0.014954	0.002441	0.018921	-0.025330
-0.037231	-0.001221	-0.023193	-0.318604
0.012817	0.014038	-0.060730	-0.673218
0.073242	-0.035095	0.034180	-1.068726
0.092773	0.008850	0.197754	-1.497192
0.141296	0.070496	0.226135	-1.929016
0.130615	0.024109	0.102844	-2.387695
-0.016479	-0.116577	-0.125122	-2.848511
-0.117188	-0.078430	-0.265198	-3.278503
-0.206604	0.012512	-0.281372	-3.646545
-0.338440	0.015564	-0.268250	-3.982544
-0.457458	-0.031128	-0.293579	-4.288635
-0.513306	-0.103455	-0.346985	-4.541321
-0.512390	-0.055542	-0.368958	-4.602966
-0.542908	0.091248	-0.330505	-4.598389
-0.562134	0.238037	-0.309753	-4.622192
-0.530090	0.350342	-0.169983	-4.568787
-0.455933	0.422363	-0.060425	-4.403992
-0.328674	0.450745	0.040283	-4.098206
-0.204468	0.389404	0.188293	-3.713379
-0.077209	0.263672	0.316467	-3.310852
0.196838	0.106506	0.437012	-2.902527
0.588684	-0.100403	0.567017	-2.474670
1.022034	-0.351868	0.686646	-2.085571
1.340027	-0.608215	0.734253	-1.678772
1.533203	-0.867920	0.755005	-1.232300
1.677856	-1.025696	0.798950	-0.795898
1.828613	-1.122437	0.886536	-0.385437
2.015381	-1.241760	1.015625	0.051270
2.157288	-1.364746	1.113281	0.534058
2.241821	-1.396790	1.112366	1.033936
2.211609	-1.334534	1.032104	1.499023
2.095032	-1.228333	0.962219	1.932373
1.977234	-1.215515	0.911255	2.325439
1.841125	-1.247253	0.857544	2.696228
1.656494	-1.190186	0.762634	3.002930
1.475830	-0.933228	0.621643	3.253174
1.243591	-0.597534	0.465393	3.394165
0.909729	-0.251465	0.327454	3.458252
0.554504	0.041504	0.147400	3.450623
0.135193	0.307007	-0.023193	3.429565
-0.317688	0.601807	-0.133667	3.386230
-0.795593	0.971985	-0.192871	3.248901
-1.288147	1.434631	-0.213623	3.027954
-1.734314	1.894226	-0.186157	2.793274
-2.077332	2.304077	-0.156860	2.567139
-2.307739	2.667847	-0.168457	2.321472
-2.552185	2.980347	-0.159912	2.055359
-2.771606	3.164368	-0.119324	1.790161
-2.920532	3.228455	-0.062866	1.537476
-2.956543	3.226624	-0.050659	1.307983
-2.871094	3.215637	-0.144348	1.094971
-2.787781	3.152466	-0.294800	0.817261
-2.723694	2.990112	-0.451050	0.513306
-2.650452	2.772827	-0.569763	0.241394
-2.541809	2.564392	-0.640259	0.061646
-2.373047	2.336731	-0.745239	-0.023193
-2.133484	2.031860	-0.955505	-0.039063
-1.844177	1.695251	-1.179504	-0.041809
-1.579895	1.382141	-1.331482	-0.021057
-1.342468	1.127930	-1.458740	0.064697
-1.103210	0.910339	-1.631165	0.201416
-0.836182	0.705872	-1.829529	0.433350
-0.543213	0.481567	-2.046204	0.789185
-0.240479	0.244141	-2.222900	1.236267
0.040894	0.038452	-2.319946	1.719971
0.303345	-0.154419	-2.371521	2.192688
0.549622	-0.349121	-2.338867	2.610779
0.762939	-0.623169	-2.206726	3.007507
0.930176	-0.988770	-1.963196	3.370056
1.052246	-1.340027	-1.592102	3.682556
1.112061	-1.684570	-1.147766	3.898010
1.138000	-1.996155	-0.684204	4.051514
1.157837	-2.296448	-0.232544	4.112244
1.192322	-2.602234	0.196838	4.081116
1.228943	-2.846069	0.593567	3.955688
1.256409	-3.045044	0.955505	3.702393
1.233521	-3.185730	1.284790	3.383789
1.175842	-3.243103	1.613770	3.032227
1.109924	-3.176270	1.893005	2.638550
1.081848	-2.993164	2.070923	2.147827
1.060181	-2.697449	2.124939	1.545105
1.010132	-2.308350	2.134094	0.864258
0.944824	-1.858826	2.149963	0.174866
0.848999	-1.369019	2.127075	-0.532837
0.697937	-0.839233	2.049561	-1.266785
0.485535	-0.314331	1.934814	-1.997375
0.246582	0.171509	1.831970	-2.766418
0.033264	0.585938	1.744080	-3.468933
-0.118713	0.917358	1.638489	-4.102478
-0.213928	1.163635	1.522522	-4.700928
-0.284729	1.326294	1.375122	-5.215454
-0.357666	1.389160	1.203918	-5.594482
-0.435486	1.318970	1.052551	-5.871887
-0.512085	1.101685	0.924988	-6.098022
-0.547485	0.791321	0.790100	-6.259460
-0.528259	0.452271	0.640869	-6.288757
-0.459900	0.086975	0.487366	-6.188965
-0.387268	-0.291748	0.359497	-5.978699
-0.306091	-0.666809	0.247803	-5.708008
-0.179749	-1.098022	0.165100	-5.358887
-0.010986	-1.552734	0.077515	-4.915161
0.181885	-1.959839	-0.039673	-4.409485
0.373840	-2.267151	-0.189819	-3.851318
0.569763	-2.478943	-0.350037	-3.298950
0.789490	-2.586670	-0.540771	-2.769165
1.045837	-2.622986	-0.737610	-2.251282
1.290588	-2.639771	-0.919800	-1.706543
1.482239	-2.636719	-1.109619	-1.109924
1.598511	-2.594910	-1.345520	-0.502319
1.665344	-2.569275	-1.597290	0.046692
1.694946	-2.473450	-1.806335	0.550537
1.684265	-2.275391	-1.980591	1.071777
1.632690	-2.017517	-2.105713	1.615295
1.531372	-1.746216	-2.171326	2.111816
1.394958	-1.378479	-2.172852	2.560425
1.198730	-0.867004	-2.061157	3.000793
0.964966	-0.280762	-1.844788	3.359070
0.715332	0.350342	-1.645813	3.624268
0.443115	0.997009	-1.481018	3.816833
0.185547	1.663513	-1.278992	3.951721
-0.069580	2.322083	-1.004639	4.046326
-0.363770	2.922058	-0.674744	4.109192
-0.660706	3.412781	-0.324097	4.058228
-0.918579	3.800964	-0.006104	3.912048
-1.145325	4.071655	0.225830	3.756714
-1.349182	4.256897	0.396729	3.597717
-1.532898	4.368286	0.530701	3.347473
-1.695557	4.431763	0.644836	2.973633
-1.827087	4.422302	0.720520	2.552185
-1.917725	4.293213	0.729675	2.123108
-1.957703	4.112244	0.697327	1.705933
-1.963501	3.882446	0.625000	1.355286
-1.943359	3.606567	0.496216	1.101685
-1.893921	3.332214	0.301819	0.885315
-1.805115	3.044434	0.092468	0.708618
-1.680603	2.715149	-0.107117	0.566101
-1.503906	2.345276	-0.320740	0.513611
-1.310120	1.923523	-0.539856	0.534668
-1.134033	1.470337	-0.745239	0.597534
-0.942688	1.010132	-0.926819	0.677490
-0.731506	0.491943	-1.078796	0.767212
-0.503845	-0.085144	-1.218262	0.818787
-0.278625	-0.660706	-1.315002	0.810242
-0.080872	-1.268311	-1.349487	0.791321
0.116577	-1.911011	-1.300659	0.816650
0.264587	-2.544556	-1.150208	0.879211
0.362244	-3.128967	-0.920715	0.917358
0.459900	-3.656616	-0.630798	0.946350
0.545044	-4.108887	-0.321350	0.994568
0.626526	-4.458313	-0.042114	1.073303
0.696716	-4.812317	0.239563	1.170654
0.769043	-5.169983	0.523071	1.289063
0.847473	-5.431213	0.815735	1.421509
0.932312	-5.584412	1.130981	1.539001
0.986328	-5.648499	1.419983	1.599731
1.022339	-5.584106	1.676025	1.610413
1.049805	-5.356140	1.910706	1.608887
1.059570	-4.984741	2.128296	1.578064
1.040344	-4.483032	2.290344	1.491699
0.993652	-3.889465	2.380371	1.336670
0.902100	-3.224792	2.467651	1.111145
0.794067	-2.497559	2.579956	0.826416
0.678406	-1.766357	2.667236	0.474548
0.574341	-1.084900	2.659607	0.015564
0.473633	-0.461426	2.557373	-0.509338
0.337219	0.115356	2.412720	-1.050720
0.186157	0.649109	2.252197	-1.538086
0.061951	1.111755	2.076111	-1.998291
-0.032959	1.508484	1.889343	-2.442322
-0.105896	1.806030	1.709595	-2.800293
-0.180054	1.988220	1.505737	-3.105774
-0.254211	2.127991	1.301575	-3.371887
-0.308838	2.215881	1.125793	-3.576965
-0.339050	2.220459	0.978699	-3.721313
-0.337524	2.145386	0.849609	-3.825073
-0.309753	1.954041	0.733032	-3.854065
-0.249329	1.663818	0.614624	-3.820496
-0.160217	1.355286	0.483398	-3.745728
-0.050354	1.042480	0.305481	-3.655701
0.046082	0.710754	0.080872	-3.521729
0.138245	0.378418	-0.214844	-3.317871
0.249023	0.049133	-0.591736	-3.035889
0.345459	-0.280151	-1.006775	-2.713623
0.429993	-0.596008	-1.466980	-2.390747
0.519714	-0.901794	-1.961975	-2.081909
0.610352	-1.162720	-2.449951	-1.753235
0.685730	-1.333923	-2.911987	-1.408386
0.714722	-1.452026	-3.339233	-1.081543
0.721741	-1.524658	-3.710327	-0.777588
0.699158	-1.516113	-3.995667	-0.484009
0.665894	-1.417847	-4.165344	-0.144348
0.626526	-1.245117	-4.212036	0.215149
0.588074	-0.999146	-4.163513	0.533447
0.556335	-0.646362	-4.014893	0.815125
0.506897	-0.213318	-3.750916	1.094971
0.430908	0.231323	-3.413696	1.376038
0.312195	0.695801	-3.030396	1.632080
0.150757	1.193237	-2.590332	1.863708
-0.005798	1.712646	-2.075500	2.072754
-0.154114	2.262268	-1.516113	2.236938
-0.310364	2.811890	-0.970154	2.320862
-0.478821	3.340454	-0.453186	2.332764
-0.637817	3.838501	-0.011292	2.321472
-0.798340	4.291687	0.360413	2.277527
-0.983276	4.687805	0.688782	2.189941
-1.172485	5.035095	0.954590	2.049255
-1.327820	5.281982	1.143188	1.867676
-1.436768	5.445251	1.242981	1.658630
-1.488037	5.580444	1.269836	1.428833
-1.492615	5.630798	1.273499	1.199951
-1.450806	5.567627	1.257324	1.017761
-1.391296	5.415649	1.202393	0.890198
-1.313171	5.198975	1.141052	0.792542
-1.198730	4.924316	1.089172	0.716248
-1.044922	4.570618	1.024780	0.696106
-0.864868	4.132385	0.946655	0.706177
-0.693665	3.614502	0.886841	0.712891
-0.547180	3.026733	0.852966	0.720520
-0.416565	2.381592	0.835876	0.737915
-0.292969	1.674805	0.804138	0.734558
-0.198669	0.901489	0.744629	0.693054
-0.099487	0.080872	0.676575	0.635681
0.014954	-0.769043	0.623474	0.592041
0.121155	-1.632690	0.581970	0.553284
0.202942	-2.476501	0.557556	0.500488
0.270996	-3.293152	0.523376	0.464172
0.327148	-4.069519	0.474854	0.467529
0.389404	-4.750671	0.419922	0.513306
0.447388	-5.343018	0.391846	0.568542
0.501709	-5.836487	0.379333	0.619202
0.562134	-6.172180	0.396118	0.678711
0.645752	-6.445313	0.467224	0.737915
0.729370	-6.675415	0.593262	0.802917
0.787659	-6.740723	0.781860	0.867920
0.837708	-6.609497	1.019592	0.925903
0.862732	-6.379395	1.300659	0.988770
0.851746	-6.028748	1.585999	1.021423
0.826416	-5.497437	1.843567	1.006775
0.777588	-4.837646	2.103577	0.924683
0.715637	-4.118042	2.318115	0.789185
0.613403	-3.388367	2.449951	0.587769
0.505371	-2.674255	2.546082	0.333862
0.409546	-1.997375	2.644653	0.014343
0.276184	-1.358948	2.713013	-0.307922
0.122681	-0.753174	2.712708	-0.671082
-0.025024	-0.148315	2.673035	-1.101074
-0.144958	0.426331	2.575073	-1.487732
-0.223083	0.946960	2.428894	-1.775818
-0.271912	1.378174	2.282410	-2.027893
-0.315247	1.751099	2.170410	-2.308655
-0.341187	2.092590	2.078857	-2.529602
-0.357056	2.335815	1.958923	-2.680664
-0.334778	2.538757	1.811829	-2.808533
-0.290222	2.721863	1.621094	-2.890320
-0.219421	2.768555	1.422729	-2.845764
-0.119629	2.766113	1.207886	-2.704163
-0.014954	2.760315	0.963135	-2.524719
0.075684	2.697449	0.678711	-2.323608
0.161438	2.554321	0.320740	-2.049561
0.270081	2.331238	-0.107422	-1.730652
0.315857	2.057495	-0.553284	-1.390076
0.317993	1.762390	-0.996704	-1.093140
0.310974	1.431274	-1.495972	-0.829468
0.292053	1.105042	-2.034912	-0.596924
0.281982	0.830688	-2.558899	-0.411987
0.293884	0.567322	-3.034668	-0.256348
0.335388	0.285645	-3.453979	-0.143738
0.374756	0.029297	-3.818970	-0.077515
0.371399	-0.127258	-4.131165	-0.068970
0.360413	-0.189819	-4.386902	-0.060730
0.353699	-0.200195	-4.540710	-0.007629
0.375061	-0.154724	-4.589539	0.087891
0.425720	-0.098877	-4.506226	0.191040
0.458069	-0.057983	-4.330139	0.288086
0.443115	0.061951	-4.122620	0.411682
0.390320	0.303650	-3.864136	0.551453
0.291443	0.564575	-3.552856	0.695190
0.176697	0.866394	-3.218994	0.805054
0.041809	1.284180	-2.837219	0.892944
-0.103149	1.760559	-2.411804	0.953064
-0.249023	2.234192	-1.982422	0.998230
-0.390625	2.682800	-1.618958	1.035156
-0.529480	3.067322	-1.280212	1.062317
-0.665283	3.395691	-0.941772	1.084290
-0.790405	3.680725	-0.621033	1.093750
-0.893860	3.883972	-0.350037	1.053467
-0.979614	3.973389	-0.127258	0.979919
-1.023254	3.969116	0.066528	0.905151
-1.022339	3.923035	0.265198	0.884705
-0.957336	3.801880	0.495911	0.877686
-0.854797	3.651428	0.740356	0.814819
-0.720215	3.481140	0.971680	0.772705
-0.584106	3.269958	1.178284	0.781555
-0.444336	3.043213	1.376953	0.780334
-0.297852	2.802124	1.529846	0.789490
-0.164490	2.488098	1.663208	0.788269
-0.034790	2.103882	1.803894	0.747986
0.094299	1.660767	1.948547	0.714722
0.216980	1.119385	2.076416	0.690002
0.318298	0.481567	2.137146	0.664063
0.390015	-0.234985	2.123108	0.610962
0.402527	-0.995178	2.057190	0.568237
0.392761	-1.753540	1.976624	0.543823
0.393982	-2.516785	1.849670	0.516968
0.406799	-3.256836	1.679382	0.483704
0.394287	-3.943481	1.483765	0.446167
0.360718	-4.614868	1.266479	0.389709
0.332336	-5.241699	1.041565	0.328674
0.300293	-5.782166	0.844421	0.288391
0.249634	-6.195984	0.675049	0.254822
0.191650	-6.455383	0.545959	0.238647
0.133972	-6.703491	0.480652	0.264893
0.095215	-6.962280	0.484314	0.332336
0.079041	-7.086182	0.556030	0.397949
0.089417	-7.052612	0.667114	0.435791
0.111084	-6.965027	0.798035	0.490417
0.128784	-6.748047	0.922241	0.549622
0.142212	-6.316528	1.054993	0.590515
0.111084	-5.739136	1.259155	0.556946
0.097961	-5.076599	1.459656	0.452881
0.068970	-4.376221	1.581116	0.294189
0.041504	-3.631287	1.693115	0.106201
0.032043	-2.847290	1.846619	-0.141602
-0.011902	-2.052917	2.012939	-0.380554
-0.057678	-1.264648	2.123108	-0.646973
-0.091248	-0.474243	2.173462	-0.980530
-0.134888	0.260620	2.139893	-1.236572
-0.155334	0.924377	2.036743	-1.344910
-0.156250	1.500854	1.925659	-1.425171
-0.126343	2.024536	1.844788	-1.568909
-0.051880	2.542114	1.783752	-1.633606
0.010071	2.949829	1.645813	-1.605530
0.101013	3.275146	1.448975	-1.530762
0.193176	3.551331	1.213379	-1.367798
0.266724	3.739014	0.993042	-1.094666
0.348816	3.892212	0.783691	-0.799255
0.426636	3.984985	0.598145	-0.521851
0.476074	3.955688	0.430908	-0.280762
0.520020	3.820801	0.220337	-0.032654
0.580444	3.587341	-0.033875	0.208435
0.581665	3.232422	-0.297852	0.444031
0.502014	2.862854	-0.586548	0.639343
0.414734	2.461853	-0.955811	0.784302
0.364990	2.101135	-1.347961	0.854187
0.344238	1.800537	-1.756897	0.838013
0.339661	1.467590	-2.163696	0.758667
0.373535	1.096497	-2.539673	0.606995
0.389709	0.756531	-2.890015	0.436707
0.338745	0.497131	-3.194275	0.251770
0.294189	0.312500	-3.484497	0.052490
0.267334	0.208130	-3.755798	-0.132751
0.255432	0.178528	-3.997803	-0.265198
0.232544	0.221863	-4.150085	-0.343323
0.198669	0.275269	-4.184570	-0.429688
0.143127	0.352783	-4.154053	-0.486755
0.054626	0.494995	-4.015198	-0.479736
-0.029297	0.686340	-3.775330	-0.417175
-0.113831	0.895996	-3.474426	-0.373840
-0.203247	1.147156	-3.099060	-0.325012
-0.268860	1.413879	-2.680664	-0.249329
-0.347290	1.701660	-2.220154	-0.190125
-0.450134	2.008972	-1.769409	-0.138550
-0.570068	2.280579	-1.337280	-0.119019
-0.690918	2.489624	-0.901489	-0.091248
-0.787354	2.646790	-0.477295	-0.098267
-0.888367	2.739868	-0.092468	-0.115967
-0.984497	2.739563	0.249023	-0.100403
-1.038818	2.668152	0.590210	-0.114441
-1.049500	2.580566	0.899048	-0.149231
-0.958557	2.476196	1.163940	-0.182495
-0.833740	2.349548	1.436462	-0.255127
-0.677490	2.208557	1.679077	-0.293884
-0.517883	2.047119	1.861877	-0.275879
-0.371399	1.884155	1.992798	-0.256042
-0.213928	1.734619	2.063904	-0.226135
-0.045471	1.595154	2.093201	-0.175476
0.130615	1.393738	2.127380	-0.102539
0.300598	1.101379	2.160950	0.003967
0.464478	0.751343	2.165527	0.112915
0.592346	0.348511	2.124023	0.196533
0.650024	-0.098572	2.065735	0.272522
0.640259	-0.579834	1.980591	0.357361
0.603027	-1.089172	1.885681	0.438843
0.554810	-1.619568	1.778259	0.494690
0.479431	-2.171021	1.644897	0.568848
0.378723	-2.698059	1.524963	0.650330
0.276794	-3.217773	1.393433	0.672913
0.168762	-3.705444	1.265564	0.664063
0.076904	-4.143066	1.127625	0.653076
-0.023804	-4.494019	0.975647	0.643311
-0.112610	-4.747925	0.839539	0.654297
-0.170288	-4.920654	0.741577	0.668030
-0.223389	-5.126343	0.696716	0.664368
-0.263062	-5.318604	0.729675	0.639038
-0.295410	-5.406189	0.789795	0.582581
-0.295715	-5.386047	0.841064	0.514832
-0.293579	-5.280151	0.876465	0.408630
-0.311279	-5.077820	0.894775	0.231934
-0.350952	-4.713135	0.922241	0.013733
-0.414429	-4.216003	0.963745	-0.239258
-0.475464	-3.636475	0.973816	-0.480652
-0.513000	-2.981567	0.928040	-0.729065
-0.533142	-2.286377	0.875549	-0.992432
-0.536194	-1.607666	0.858459	-1.260986
-0.542297	-0.941162	0.820313	-1.492004
-0.544739	-0.337830	0.731812	-1.709900
-0.567932	0.215149	0.597839	-1.897888
-0.601501	0.716553	0.410156	-1.999512
-0.577698	1.169128	0.209045	-1.992493
-0.511780	1.571655	0.047913	-1.943970
-0.423889	1.964722	-0.049133	-1.847839
-0.339966	2.305298	-0.111389	-1.651306
-0.256042	2.548218	-0.158691	-1.387329
-0.146790	2.763367	-0.221252	-1.066895
-0.034180	2.947693	-0.278625	-0.703735
0.093689	3.074646	-0.297852	-0.311279
0.234985	3.119202	-0.291138	0.064087
0.383606	3.109741	-0.240173	0.399780
0.520935	3.071899	-0.188293	0.692749
0.640564	3.013000	-0.167542	0.954590
0.729980	2.886353	-0.203552	1.186218
0.753784	2.718811	-0.296021	1.385193
0.748901	2.562866	-0.433350	1.522522
0.744019	2.407837	-0.628967	1.551208
0.708008	2.288208	-0.892334	1.486816
0.676880	2.189026	-1.184692	1.341858
0.660095	2.059326	-1.465759	1.135864
0.642090	1.938171	-1.727295	0.894470
0.603638	1.839905	-1.974792	0.643921
0.520630	1.782227	-2.250671	0.365906
0.427856	1.766357	-2.518005	0.067749
0.334778	1.748047	-2.765808	-0.194702
0.251465	1.746216	-2.975159	-0.364685
0.192261	1.719666	-3.086243	-0.520325
0.120544	1.672058	-3.128357	-0.681763
0.042419	1.630249	-3.112183	-0.795898
-0.037842	1.584167	-3.018494	-0.848389
-0.126038	1.488037	-2.848511	-0.877075
-0.214233	1.370850	-2.619324	-0.898132
-0.324402	1.255493	-2.335205	-0.918884
-0.428467	1.132202	-2.006226	-0.943298
-0.534668	1.041565	-1.644287	-0.962830
-0.643616	0.991211	-1.266479	-1.016541
-0.723572	0.931091	-0.872803	-1.081238
-0.769958	0.867615	-0.482483	-1.140442
-0.802307	0.827026	-0.110779	-1.177368
-0.831299	0.803528	0.240784	-1.181946
-0.827637	0.787659	0.558167	-1.169434
-0.762939	0.764160	0.817566	-1.158142
-0.657349	0.740662	1.044312	-1.134644
-0.517883	0.716248	1.268005	-1.106262
-0.339050	0.667725	1.483459	-1.065369
-0.149841	0.598450	1.659546	-0.959778
0.016785	0.516968	1.796875	-0.796509
0.181274	0.431519	1.900940	-0.605164
0.347595	0.323486	1.962891	-0.372620
0.495911	0.186157	2.001648	-0.103455
0.628967	0.006104	2.033081	0.154419
0.732422	-0.215454	2.034302	0.419617
0.806580	-0.474854	2.006531	0.704346
0.858459	-0.778198	1.988220	0.996094
0.848083	-1.105957	1.958008	1.260681
0.784912	-1.450806	1.909485	1.469727
0.693970	-1.835022	1.835327	1.635742
0.582886	-2.276001	1.738586	1.778259
0.456238	-2.736511	1.653748	1.904297
0.313721	-3.190918	1.573486	1.987000
0.165100	-3.630676	1.487732	2.006226
0.019226	-4.005127	1.376648	1.999512
-0.115662	-4.275208	1.239014	1.961670
-0.225525	-4.465637	1.091919	1.882324
-0.316772	-4.585266	0.932922	1.782837
-0.401001	-4.678345	0.783386	1.644592
-0.477295	-4.724121	0.665894	1.469116
-0.550537	-4.685059	0.571594	1.244202
-0.588989	-4.577942	0.469666	1.000061
-0.592041	-4.416809	0.353394	0.764465
-0.595703	-4.200134	0.222473	0.516968
-0.610352	-3.896484	0.102844	0.267944
-0.638428	-3.485107	-0.011597	0.028076
-0.667725	-3.022156	-0.138855	-0.195923
-0.707092	-2.525940	-0.259399	-0.407104
-0.729675	-2.012329	-0.353394	-0.608826
-0.726318	-1.517639	-0.415039	-0.793152
-0.705261	-1.022644	-0.454102	-0.955505
-0.673523	-0.535889	-0.490723	-1.121826
-0.648804	-0.086975	-0.525208	-1.275330
-0.611267	0.301514	-0.570068	-1.368408
-0.541687	0.636597	-0.628357	-1.376343
-0.453186	0.924377	-0.665894	-1.339417
-0.359192	1.171875	-0.659180	-1.278992
-0.265503	1.373596	-0.629883	-1.182861
-0.181580	1.520691	-0.582581	-1.022949
-0.067444	1.636047	-0.553284	-0.805359
0.059509	1.743164	-0.550537	-0.549927
0.205078	1.816711	-0.574951	-0.256958
0.351257	1.857910	-0.607910	0.028992
0.486145	1.890259	-0.637207	0.291748
0.614014	1.908264	-0.681763	0.534668
0.737915	1.903687	-0.747986	0.754089
0.848083	1.868591	-0.833130	0.931396
0.910645	1.824951	-0.938721	1.075134
0.943604	1.789856	-1.049500	1.187439
0.958862	1.748962	-1.171570	1.250610
0.944214	1.715698	-1.311951	1.262512
0.919189	1.681213	-1.446533	1.210632
0.892029	1.631775	-1.573486	1.092529
0.866394	1.585388	-1.676941	0.930481
0.827942	1.539917	-1.756287	0.738831
0.750122	1.510620	-1.823730	0.525513
0.658875	1.483154	-1.885681	0.310364
0.567627	1.437073	-1.924744	0.106506
0.478516	1.375427	-1.925659	-0.089722
0.397034	1.311035	-1.898193	-0.260010
0.331421	1.237488	-1.860046	-0.418091
0.255737	1.172485	-1.805725	-0.543518
0.165405	1.113586	-1.720581	-0.637817
0.070801	1.047058	-1.591492	-0.718994
-0.025635	0.975037	-1.427307	-0.796814
-0.119324	0.908203	-1.238403	-0.886536
-0.208435	0.831909	-1.028137	-0.992432
-0.289917	0.740051	-0.796204	-1.104126
-0.355530	0.646667	-0.564575	-1.217651
-0.409241	0.555115	-0.339661	-1.349182
-0.470276	0.470581	-0.107727	-1.488037
-0.523682	0.382385	0.125122	-1.627197
-0.552673	0.283813	0.336609	-1.736450
-0.558777	0.168762	0.513916	-1.804810
-0.538025	0.059509	0.663147	-1.837463
-0.494690	-0.042114	0.783691	-1.817627
-0.424194	-0.174255	0.899048	-1.748047
-0.327759	-0.329895	1.025696	-1.629028
-0.216064	-0.483398	1.129150	-1.468811
-0.104370	-0.615234	1.196289	-1.255188
0.004578	-0.744934	1.247864	-0.974426
0.121155	-0.880127	1.295471	-0.648804
0.244751	-1.012878	1.337280	-0.303955
0.369568	-1.150818	1.384583	0.056152
0.496216	-1.281128	1.430664	0.433655
0.613708	-1.417236	1.463928	0.825195
0.680542	-1.583862	1.488953	1.206665
0.706482	-1.752625	1.506653	1.549072
0.701599	-1.892700	1.522217	1.828613
0.667419	-2.001343	1.527100	2.053833
0.616455	-2.095337	1.536560	2.247620
0.556030	-2.180481	1.556702	2.401733
0.475159	-2.242432	1.573486	2.505188
0.359802	-2.266541	1.576233	2.556152
0.243530	-2.246704	1.562805	2.551575
0.123596	-2.175293	1.526184	2.500610
-0.012512	-2.064514	1.475525	2.426147
-0.145569	-1.931152	1.419067	2.312622
-0.278015	-1.764526	1.361694	2.167664
-0.405273	-1.578369	1.294250	2.005005
-0.513306	-1.380005	1.209717	1.824646
-0.600891	-1.186829	1.107483	1.636658
-0.679932	-1.009521	0.986328	1.451416
-0.742493	-0.833130	0.855408	1.266479
-0.784607	-0.653381	0.723572	1.070557
-0.823364	-0.472717	0.590210	0.852661
-0.868225	-0.309448	0.464172	0.611572
-0.912781	-0.167542	0.347900	0.374146
-0.940857	-0.025330	0.219116	0.146179
-0.959473	0.128479	0.075378	-0.075378
-0.968628	0.290222	-0.073853	-0.293579
-0.964966	0.439758	-0.212708	-0.506897
-0.953369	0.560303	-0.350952	-0.691833
-0.925903	0.657043	-0.498047	-0.838318
-0.871582	0.746155	-0.641174	-0.956421
-0.785217	0.829163	-0.758362	-1.048279
-0.673523	0.908508	-0.840759	-1.114502
-0.535889	0.981140	-0.894470	-1.132507
-0.384521	1.049500	-0.919495	-1.088562
-0.222778	1.110840	-0.936584	-1.000671
-0.057373	1.163635	-0.969849	-0.878601
0.101624	1.215820	-1.002808	-0.729980
0.256653	1.256409	-1.020813	-0.556030
0.407104	1.301270	-1.023560	-0.353088
0.548096	1.333008	-1.004639	-0.134277
0.679626	1.339111	-0.970459	0.084534
0.798035	1.336060	-0.939636	0.281372
0.888062	1.330566	-0.921631	0.451050
0.944214	1.322327	-0.903931	0.590515
0.969543	1.303101	-0.892639	0.680542
0.967407	1.267090	-0.887146	0.723877
0.946350	1.228027	-0.870667	0.732117
0.908813	1.199036	-0.848083	0.693359
0.848083	1.208496	-0.829468	0.616760
0.761719	1.249084	-0.813904	0.516968
0.671387	1.297913	-0.798035	0.398560
0.585632	1.347656	-0.775146	0.260925
0.495605	1.392822	-0.739441	0.097961
0.407715	1.436157	-0.687561	-0.095520
0.330811	1.474609	-0.626526	-0.308228
0.261230	1.491699	-0.562744	-0.527039
0.190125	1.492615	-0.489502	-0.744019
0.124817	1.487122	-0.419617	-0.968933
0.054626	1.474609	-0.363770	-1.193237
-0.016785	1.458435	-0.302124	-1.406555
-0.073547	1.420898	-0.232239	-1.608276
-0.127869	1.368713	-0.161438	-1.799011
-0.193787	1.286621	-0.103455	-1.974792
-0.262451	1.184082	-0.055237	-2.146606
-0.325317	1.080627	0.014343	-2.306519
-0.387268	0.964661	0.110168	-2.441101
-0.430298	0.823364	0.221863	-2.541809
-0.450745	0.662537	0.337219	-2.598572
-0.464783	0.498352	0.443726	-2.610779
-0.462952	0.339966	0.536499	-2.589111
-0.441895	0.173950	0.624084	-2.533264
-0.415344	-0.009766	0.707703	-2.428589
-0.373840	-0.196838	0.783081	-2.267151
-0.307312	-0.369568	0.853271	-2.057495
-0.230408	-0.529785	0.923157	-1.805115
-0.144043	-0.677185	0.986633	-1.516113
-0.044556	-0.826416	1.041870	-1.190491
0.067139	-0.995789	1.088257	-0.826416
0.176086	-1.168823	1.112976	-0.436401
0.278625	-1.342163	1.114807	-0.039673
0.364990	-1.514587	1.104126	0.348816
0.420837	-1.685791	1.074829	0.717163
0.450439	-1.835327	1.021118	1.056519
0.458984	-1.946106	0.954285	1.350403
0.449219	-2.009888	0.881958	1.604004
0.418701	-2.027893	0.809021	1.822815
0.367737	-1.998901	0.740967	1.994934
0.302734	-1.920471	0.689087	2.121887
0.223999	-1.798401	0.660095	2.203979
0.136414	-1.650085	0.653381	2.240906
0.041504	-1.480103	0.668030	2.245178
-0.064392	-1.289978	0.695801	2.214661
-0.171204	-1.079712	0.737000	2.164307
-0.276184	-0.855408	0.787659	2.115479
-0.375366	-0.632324	0.838318	2.042236
-0.457153	-0.398865	0.877380	1.946411
-0.519104	-0.179138	0.899048	1.841736
-0.571899	0.018005	0.902710	1.724548
-0.622559	0.190430	0.886536	1.593018
-0.663147	0.339050	0.855713	1.445007
-0.686646	0.466614	0.814209	1.286621
-0.706482	0.575562	0.757751	1.120300
-0.720825	0.669861	0.666199	0.961609
-0.722351	0.751038	0.545044	0.812988
-0.715637	0.816650	0.407715	0.662537
-0.697937	0.862732	0.256958	0.503540
-0.671997	0.882263	0.102234	0.335388
-0.644836	0.880737	-0.051880	0.175781
-0.602112	0.866394	-0.196228	0.029297
-0.550537	0.838318	-0.329590	-0.110779
-0.479736	0.798645	-0.449219	-0.242004
-0.392456	0.747681	-0.559387	-0.360413
-0.293884	0.710754	-0.664673	-0.462341
-0.196228	0.690613	-0.753479	-0.543213
-0.105896	0.656128	-0.820618	-0.597839
-0.014648	0.596313	-0.874634	-0.621338
0.075073	0.527649	-0.926208	-0.602722
0.162048	0.444641	-0.971069	-0.543213
0.248718	0.359802	-1.000671	-0.458069
0.333252	0.262451	-1.012573	-0.348511
0.418396	0.138550	-1.021729	-0.218811
0.504150	0.009460	-1.029968	-0.079651
0.585327	-0.111084	-1.036987	0.060425
0.658569	-0.226135	-1.043396	0.196533
0.705872	-0.331116	-1.039429	0.301514
0.734863	-0.416565	-1.024170	0.367126
0.749512	-0.475464	-0.990601	0.407410
0.752869	-0.488281	-0.935974	0.431824
0.751953	-0.454712	-0.860596	0.424500
0.742798	-0.375061	-0.766907	0.379028
0.722656	-0.253601	-0.655823	0.297546
0.686035	-0.096436	-0.531616	0.183105
0.632019	0.090637	-0.403442	0.046997
0.565491	0.298767	-0.272217	-0.113831
0.502625	0.502625	-0.134277	-0.298462
0.442505	0.687866	0.001831	-0.494080
0.380249	0.847473	0.130005	-0.679932
0.310364	0.979004	0.249939	-0.853271
0.240173	1.079407	0.344543	-1.026306
0.172729	1.147766	0.389404	-1.201172
0.117798	1.180420	0.403442	-1.366577
0.062256	1.181641	0.420837	-1.510620
0.000916	1.150818	0.424500	-1.645508
-0.062561	1.059570	0.422058	-1.767273
-0.117188	0.913391	0.424500	-1.859741
-0.162659	0.735168	0.414124	-1.919556
-0.200195	0.544128	0.392151	-1.943665
-0.208740	0.338745	0.387268	-1.937256
-0.193481	0.092773	0.375366	-1.913757
-0.193481	-0.171814	0.328064	-1.865234
-0.195923	-0.409241	0.266418	-1.795654
-0.184937	-0.628662	0.201721	-1.707153
-0.160217	-0.846558	0.127869	-1.600952
-0.128784	-1.065674	0.041504	-1.465759
-0.069885	-1.285400	-0.041199	-1.302490
-0.009766	-1.460876	-0.127563	-1.112061
0.026855	-1.592712	-0.213928	-0.892334
0.085754	-1.715393	-0.297852	-0.666809
0.147400	-1.846619	-0.370789	-0.445862
0.185852	-1.954956	-0.452576	-0.218506
0.217896	-2.032166	-0.543213	0.035706
0.245056	-2.122803	-0.607605	0.292664
0.255432	-2.224426	-0.649414	0.537415
0.260620	-2.296753	-0.671997	0.783081
0.278625	-2.339783	-0.664368	1.011963
0.276184	-2.352295	-0.637512	1.226501
0.239868	-2.321472	-0.608521	1.428223
0.207520	-2.228699	-0.557556	1.606750
0.168152	-2.070923	-0.453186	1.735229
0.101624	-1.850891	-0.338135	1.823730
0.021973	-1.576843	-0.223083	1.901245
-0.057678	-1.285095	-0.091553	1.948853
-0.148315	-0.974121	0.051270	1.967163
-0.255432	-0.651245	0.204163	1.965637
-0.345459	-0.343628	0.357056	1.930542
-0.429993	-0.058899	0.494690	1.854553
-0.514832	0.235291	0.576782	1.757202
-0.571289	0.513611	0.629578	1.643677
-0.622559	0.752869	0.678101	1.513367
-0.663147	0.956116	0.708618	1.367798
-0.671082	1.122742	0.696106	1.204529
-0.659180	1.256409	0.648499	1.029053
-0.641174	1.348267	0.592651	0.858154
-0.634155	1.405640	0.528259	0.707397
-0.612793	1.413269	0.451355	0.566406
-0.577087	1.398010	0.365295	0.433044
-0.535583	1.365967	0.279846	0.299988
-0.485840	1.310730	0.203857	0.152588
-0.435791	1.217346	0.139465	0.026855
-0.381775	1.071472	0.081787	-0.058289
-0.327759	0.911560	0.030518	-0.119324
-0.281677	0.751648	0.002441	-0.173950
-0.234070	0.602722	-0.035400	-0.225830
-0.169373	0.466003	-0.091858	-0.278320
-0.106201	0.347595	-0.133972	-0.318909
-0.062256	0.217590	-0.163269	-0.346069
-0.009766	0.069275	-0.202026	-0.365906
0.065002	-0.087891	-0.260620	-0.369263
0.136414	-0.246887	-0.317078	-0.343018
0.207214	-0.379333	-0.376282	-0.310669
0.273132	-0.511780	-0.442810	-0.270081
0.335999	-0.645752	-0.498047	-0.195618
0.406189	-0.770264	-0.545654	-0.126648
0.484009	-0.873108	-0.592957	-0.082397
0.549316	-0.946350	-0.630798	-0.024414
0.593872	-0.986938	-0.647583	0.055847
0.645752	-0.985413	-0.652466	0.126953
0.692139	-0.954895	-0.644531	0.164795
0.708008	-0.876770	-0.616150	0.162964
0.716248	-0.739746	-0.567322	0.124207
0.708313	-0.559387	-0.487671	0.074463
0.672913	-0.364380	-0.375671	0.013733
0.608521	-0.152588	-0.249329	-0.086060
0.531616	0.079041	-0.108032	-0.208740
0.454712	0.324402	0.054626	-0.337830
0.369263	0.566711	0.213013	-0.485535
0.277405	0.793152	0.362549	-0.641479
0.191345	0.990906	0.516968	-0.778198
0.099182	1.163025	0.654907	-0.897217
0.018005	1.312561	0.756836	-1.020203
-0.046997	1.434631	0.842896	-1.137085
-0.095215	1.540222	0.907898	-1.231079
-0.124817	1.609802	0.944824	-1.308289
-0.150146	1.628418	0.953064	-1.359863
-0.150757	1.611328	0.933533	-1.381226
-0.142517	1.587524	0.887146	-1.380310
-0.132141	1.552124	0.818176	-1.363831
-0.116577	1.464233	0.741577	-1.323242
-0.099792	1.325073	0.663757	-1.264954
-0.076904	1.167603	0.570679	-1.195984
-0.054626	1.024780	0.451660	-1.109924
-0.035706	0.880737	0.323792	-1.032715
-0.024719	0.721436	0.187988	-0.955200
-0.014648	0.551147	0.041504	-0.856934
0.001831	0.388184	-0.088806	-0.743408
0.007324	0.235596	-0.209045	-0.625000
-0.003662	0.087280	-0.338745	-0.521240
-0.009766	-0.050659	-0.458374	-0.414124
-0.017395	-0.178833	-0.541687	-0.295105
-0.036621	-0.289612	-0.624390	-0.158386
-0.074463	-0.395813	-0.700989	-0.020142
-0.119019	-0.494995	-0.738831	0.130615
-0.159912	-0.589294	-0.754700	0.299072
-0.194092	-0.672913	-0.767212	0.470886
-0.209961	-0.758057	-0.753479	0.639343
-0.205688	-0.833435	-0.711060	0.797119
-0.214233	-0.860596	-0.661316	0.941162
-0.242310	-0.860596	-0.600586	1.058044
-0.270081	-0.828552	-0.517273	1.148987
-0.298157	-0.742188	-0.417786	1.224365
-0.326233	-0.616455	-0.315552	1.291504
-0.351563	-0.448303	-0.201416	1.328430
-0.380554	-0.235596	-0.079651	1.322632
-0.424194	0.010071	0.035095	1.286621
-0.463867	0.265808	0.150146	1.227722
-0.491638	0.509338	0.255737	1.144104
-0.520935	0.740662	0.362244	1.039429
-0.543823	0.959473	0.458679	0.915527
-0.556030	1.149292	0.537415	0.768127
-0.555420	1.314392	0.587463	0.620728
-0.533752	1.455383	0.607910	0.495300
-0.495605	1.550293	0.626831	0.373535
-0.455322	1.593628	0.652466	0.256042
-0.419922	1.597290	0.669861	0.158997
-0.393372	1.561584	0.663147	0.082703
-0.363159	1.481934	0.640259	0.035400
-0.323181	1.369629	0.610962	0.025024
-0.265198	1.242371	0.582886	0.045471
-0.191956	1.087036	0.553589	0.061951
-0.134888	0.922241	0.521545	0.072937
-0.087280	0.746460	0.484009	0.104065
-0.051575	0.538330	0.442505	0.145874
-0.020447	0.301819	0.382385	0.184326
0.017700	0.065308	0.310974	0.207825
0.054626	-0.150146	0.249329	0.212708
0.087891	-0.357361	0.194702	0.206299
0.121460	-0.567627	0.140686	0.190430
0.166321	-0.774536	0.072632	0.143738
0.208740	-0.968323	-0.005493	0.075684
0.252380	-1.133423	-0.087585	0.006104
0.296631	-1.257324	-0.167542	-0.071106
0.335999	-1.351929	-0.245056	-0.151062
0.375977	-1.434021	-0.325012	-0.228271
0.424805	-1.500244	-0.399780	-0.295715
0.466919	-1.550903	-0.465698	-0.350037
0.492249	-1.582336	-0.515747	-0.406799
0.507507	-1.571960	-0.541687	-0.465698
0.520630	-1.534424	-0.541687	-0.505066
0.523376	-1.473389	-0.525818	-0.527344
0.519104	-1.374817	-0.485535	-0.545959
0.504456	-1.225281	-0.417786	-0.569153
0.470581	-1.044006	-0.319519	-0.602417
0.419922	-0.827637	-0.193787	-0.652771
0.362549	-0.594788	-0.050049	-0.711365
0.300903	-0.357666	0.107422	-0.767517
0.232849	-0.119019	0.268860	-0.827942
0.165405	0.117493	0.421448	-0.902710
0.100708	0.357361	0.566406	-0.987854
0.025635	0.589600	0.694885	-1.064758
-0.034790	0.798340	0.796814	-1.123047
-0.068970	0.978088	0.877380	-1.156616
-0.099182	1.135864	0.940552	-1.174011
-0.114441	1.267700	0.975342	-1.171570
-0.108643	1.371460	0.976563	-1.139526
-0.090027	1.447449	0.939331	-1.077881
-0.049744	1.491089	0.861511	-0.991821
0.006104	1.495361	0.754395	-0.885925
0.059814	1.475525	0.630493	-0.762939
0.110779	1.447144	0.497131	-0.631409
0.161438	1.385193	0.358887	-0.498352
0.210266	1.289978	0.221252	-0.365601
0.249634	1.174011	0.074463	-0.226135
0.269165	1.050720	-0.083923	-0.084839
0.264282	0.924072	-0.230408	0.054321
0.244751	0.792236	-0.376282	0.182190
0.216980	0.643616	-0.524597	0.299072
0.180664	0.470276	-0.654297	0.405579
0.133972	0.301514	-0.759277	0.507813
0.086670	0.137024	-0.855713	0.604553
0.038757	-0.024109	-0.943604	0.679321
-0.012207	-0.174255	-1.017151	0.738831
-0.065308	-0.302124	-1.083679	0.804138
-0.110779	-0.414429	-1.137390	0.874023
-0.147705	-0.513306	-1.169128	0.946960
-0.172729	-0.600281	-1.169128	1.022034
-0.189209	-0.686951	-1.141052	1.098328
-0.208435	-0.760498	-1.100159	1.169128
-0.220337	-0.809631	-1.052551	1.241150
-0.225830	-0.855713	-0.989685	1.312866
-0.229187	-0.888672	-0.915833	1.368408
-0.231934	-0.894470	-0.830688	1.405029
-0.231628	-0.871582	-0.725098	1.415710
-0.234985	-0.803833	-0.603027	1.406250
-0.246277	-0.700684	-0.473328	1.372375
-0.257874	-0.572815	-0.333252	1.313477
-0.272217	-0.418701	-0.192261	1.234131
-0.290833	-0.248108	-0.060120	1.132202
-0.303955	-0.076599	0.066528	1.009827
-0.316772	0.084229	0.190735	0.875244
-0.330811	0.218506	0.311279	0.736084
-0.338440	0.312500	0.430298	0.590515
-0.334473	0.375061	0.544128	0.451965
-0.328369	0.414734	0.647278	0.328979
-0.315857	0.433960	0.734253	0.221863
-0.286560	0.438232	0.809021	0.136108
-0.245667	0.415039	0.873413	0.081787
-0.193176	0.356445	0.919495	0.060120
-0.136719	0.261841	0.941467	0.054932
-0.075684	0.144348	0.935364	0.051575
-0.009155	0.012512	0.914917	0.051880
0.052795	-0.140686	0.887146	0.060120
0.112610	-0.314331	0.841370	0.075073
0.161133	-0.498657	0.779114	0.089722
0.193176	-0.685425	0.704346	0.100403
0.219116	-0.866394	0.626831	0.108032
0.243530	-1.047058	0.549622	0.103149
0.258789	-1.225281	0.464783	0.081787
0.267334	-1.387634	0.370483	0.048828
0.276794	-1.524353	0.272217	-0.007019
0.281982	-1.632080	0.175171	-0.083923
0.281982	-1.718140	0.083313	-0.169983
0.284424	-1.788635	0.000916	-0.270386
0.286865	-1.837463	-0.081177	-0.374451
0.286255	-1.871033	-0.170288	-0.466309
0.289612	-1.886902	-0.246887	-0.546265
0.297852	-1.885681	-0.304871	-0.621948
0.307312	-1.864624	-0.340576	-0.686340
0.317383	-1.814270	-0.351563	-0.729980
0.318909	-1.731262	-0.347290	-0.758057
0.311890	-1.613464	-0.335999	-0.785522
0.300598	-1.464233	-0.311584	-0.817566
0.290833	-1.287537	-0.273132	-0.845947
0.277405	-1.082153	-0.234985	-0.871277
0.251160	-0.854797	-0.192871	-0.898132
0.220032	-0.616455	-0.141602	-0.932007
0.182495	-0.369568	-0.087891	-0.969849
0.132141	-0.114746	-0.033875	-1.019897
0.083008	0.143433	0.017700	-1.067505
0.047302	0.390625	0.067139	-1.098938
0.009155	0.610352	0.111389	-1.115112
-0.027771	0.797424	0.142517	-1.125488
-0.048828	0.963745	0.166931	-1.127014
-0.063477	1.118469	0.179443	-1.111450
-0.072021	1.241760	0.170898	-1.078491
-0.063477	1.338501	0.140381	-1.018982
-0.041809	1.409607	0.099487	-0.925293
-0.017090	1.456909	0.049744	-0.804443
0.017700	1.484070	-0.014343	-0.664063
0.061340	1.489258	-0.083008	-0.506287
0.108337	1.462097	-0.154114	-0.332642
0.160217	1.406555	-0.238037	-0.149231
0.204468	1.334229	-0.325012	0.037231
0.229492	1.245422	-0.402222	0.224915
0.234070	1.150208	-0.474548	0.406189
0.224304	1.053162	-0.546875	0.570374
0.208130	0.953369	-0.617676	0.712891
0.186462	0.852966	-0.693665	0.822144
0.158081	0.753784	-0.767822	0.894775
0.121460	0.663757	-0.826721	0.935669
0.072632	0.581665	-0.870972	0.942383
0.011902	0.505371	-0.901184	0.926514
-0.048218	0.444031	-0.912476	0.898132
-0.104065	0.395813	-0.906982	0.858459
-0.156860	0.355225	-0.875244	0.812683
-0.204773	0.321045	-0.824280	0.764160
-0.246277	0.294800	-0.765076	0.726013
-0.277710	0.276794	-0.693970	0.696411
-0.304260	0.258179	-0.609741	0.677795
-0.325623	0.236511	-0.521240	0.669556
-0.341187	0.216980	-0.429382	0.658569
-0.350647	0.207825	-0.328979	0.643311
-0.353088	0.213318	-0.217590	0.622864
-0.354614	0.224609	-0.093689	0.593262
-0.364685	0.228271	0.037842	0.556946
-0.386658	0.235291	0.172119	0.520325
-0.411682	0.254211	0.296936	0.473938
-0.433960	0.273438	0.413208	0.417480
-0.458374	0.283813	0.523987	0.353699
-0.484314	0.291748	0.630188	0.277100
-0.498962	0.302734	0.733948	0.189514
-0.498657	0.322571	0.831299	0.104065
-0.484009	0.347900	0.920105	0.026550
-0.453491	0.360107	0.998535	-0.040588
-0.411377	0.354614	1.061707	-0.089722
-0.355530	0.345154	1.112976	-0.111694
-0.289307	0.339355	1.148682	-0.108643
-0.221252	0.324402	1.171265	-0.087280
-0.141296	0.295715	1.178589	-0.050964
-0.049438	0.253296	1.179199	0.005798
0.039978	0.191040	1.166992	0.085144
0.120239	0.113525	1.134949	0.178528
0.192871	0.022583	1.084900	0.272522
0.254517	-0.081787	1.023560	0.360718
0.304871	-0.201416	0.956421	0.433350
0.351257	-0.342407	0.882568	0.487976
0.383301	-0.498047	0.800476	0.527649
0.397949	-0.663452	0.712280	0.542908
0.397034	-0.831299	0.629272	0.525818
0.382690	-0.984192	0.559082	0.486450
0.359497	-1.124268	0.489197	0.431519
0.326538	-1.244507	0.416260	0.352783
0.289917	-1.335754	0.338745	0.252991
0.256348	-1.396179	0.268250	0.143127
0.214539	-1.433105	0.209351	0.015564
0.175171	-1.446838	0.162659	-0.120850
0.140991	-1.441956	0.123901	-0.254822
0.109253	-1.408997	0.080872	-0.388489
0.079041	-1.349182	0.038147	-0.513916
0.054321	-1.267395	-0.000916	-0.628967
0.034485	-1.166077	-0.040894	-0.739136
0.012817	-1.046448	-0.092163	-0.843811
-0.006714	-0.906067	-0.143127	-0.935669
-0.030823	-0.746155	-0.191345	-1.015015
-0.054932	-0.569153	-0.239563	-1.085205
-0.073242	-0.387573	-0.288391	-1.151123
-0.086975	-0.203552	-0.330505	-1.211853
-0.099792	-0.019226	-0.367432	-1.265564
-0.114441	0.156860	-0.400085	-1.305847
-0.125427	0.328674	-0.425415	-1.336670
-0.134277	0.485535	-0.445557	-1.355896
-0.142517	0.629272	-0.458984	-1.354675
-0.148315	0.766907	-0.462646	-1.327515
-0.144653	0.901184	-0.454407	-1.276550
