2020/1/9 9:21:04 40us
CH1			CH2			CH3			CH4
-0.004578	-0.001831	0.010681	-0.007019
-0.004272	-0.001831	0.010681	-0.007019
-0.004272	-0.001526	0.010376	-0.007629
-0.004272	-0.001526	0.010681	-0.007324
-0.004272	-0.001526	0.011292	-0.007324
-0.004578	-0.001526	0.010986	-0.007324
-0.003967	-0.001526	0.010681	-0.007324
-0.004578	-0.001526	0.011292	-0.007324
-0.004272	-0.001831	0.010986	-0.007629
-0.004272	-0.001526	0.010986	-0.007324
-0.004578	-0.001831	0.011292	-0.007324
-0.004272	-0.001526	0.011597	-0.007324
-0.004272	-0.001221	0.010986	-0.007324
-0.004578	-0.001526	0.010986	-0.007019
-0.004272	-0.001526	0.010986	-0.007629
-0.004578	-0.001221	0.010986	-0.007324
-0.004272	-0.001221	0.010681	-0.007324
-0.004883	-0.001831	0.010986	-0.007324
-0.004578	-0.001526	0.010681	-0.007019
-0.004578	-0.001526	0.010986	-0.007935
-0.004272	-0.001526	0.011292	-0.007629
-0.004578	-0.001221	0.011292	-0.007629
-0.004578	-0.001221	0.010681	-0.007629
-0.004578	-0.001221	0.011597	-0.007629
-0.004578	-0.001526	0.011292	-0.007324
-0.004883	-0.001221	0.010986	-0.007629
-0.004578	-0.001221	0.010986	-0.007629
-0.005188	-0.001221	0.010986	-0.007324
-0.004272	-0.001526	0.010986	-0.007324
-0.004578	-0.001526	0.010986	-0.007324
-0.004578	-0.001526	0.010681	-0.007629
-0.004883	-0.001221	0.011292	-0.007324
-0.004883	-0.001221	0.010986	-0.007324
-0.004578	-0.001526	0.010681	-0.007324
-0.004578	-0.001526	0.010986	-0.007629
-0.004578	-0.001526	0.010986	-0.007324
-0.004883	-0.001221	0.010986	-0.007324
-0.002747	-0.001526	0.010986	-0.007935
0.009460	-0.000610	0.011292	-0.008240
-0.096436	-0.000305	0.011292	-0.009766
0.043030	-0.000610	0.010986	0.025024
0.199585	-0.000305	0.010681	-0.005188
0.257263	0.005188	0.010681	-0.054016
0.346985	-0.006104	0.016174	-0.101624
0.432129	0.021973	-0.002441	-0.174561
0.458374	-0.000610	0.018005	-0.270081
0.477295	-0.073242	0.057678	-0.315857
0.591431	-0.065002	-0.040588	-0.258179
0.768433	0.018616	-0.074158	-0.127258
0.932007	0.154724	-0.040894	0.018616
1.038818	0.274048	0.042114	0.145569
1.181030	0.216064	0.147095	0.382996
1.265869	0.038452	0.164795	0.683899
1.257935	-0.108643	0.091858	0.989380
1.222229	-0.133057	0.066528	1.351318
1.131592	-0.148315	0.080566	1.793518
0.932007	-0.181274	0.099182	2.344666
0.789490	-0.282288	0.093994	2.864075
0.570984	-0.409851	0.060120	3.433838
0.250244	-0.570984	-0.076599	4.041138
-0.090027	-0.693359	-0.252075	4.584656
-0.410767	-0.818787	-0.379639	4.992981
-0.623169	-0.845032	-0.478821	5.188599
-0.789490	-0.870972	-0.577393	5.300598
-1.007080	-0.874329	-0.690918	5.434265
-1.258240	-0.782471	-0.791626	5.461731
-1.521912	-0.648193	-0.805664	5.208435
-1.800232	-0.520630	-0.813293	4.768982
-2.013855	-0.401306	-0.780945	4.203491
-2.105713	-0.281677	-0.711365	3.589172
-2.135315	-0.135193	-0.678101	2.931824
-2.153015	0.066833	-0.595093	2.257690
-2.161865	0.280762	-0.466003	1.501465
-2.140503	0.560303	-0.296631	0.693054
-2.090759	0.880737	-0.073853	-0.109558
-1.979370	1.230774	0.136414	-0.916443
-1.818542	1.587524	0.287170	-1.684875
-1.684265	1.987610	0.361938	-2.398682
-1.529236	2.443237	0.437622	-3.059692
-1.378479	2.876587	0.540161	-3.615723
-1.262512	3.132629	0.665894	-4.048157
-1.129761	3.214722	0.754395	-4.430237
-0.910950	3.206787	0.821228	-4.739685
-0.659485	3.144836	0.916748	-4.931641
-0.439453	3.108521	1.062622	-5.008850
-0.231934	3.063354	1.222229	-5.039368
-0.035400	2.905273	1.437988	-5.034485
0.188293	2.663269	1.697998	-5.018616
0.436096	2.368469	1.968079	-4.937134
0.669861	2.102356	2.218323	-4.735413
0.854797	1.862488	2.493286	-4.429932
1.033020	1.596069	2.765198	-4.135132
1.203918	1.357422	2.998962	-3.870544
1.337585	1.089172	3.223877	-3.608093
1.447449	0.791016	3.397217	-3.325806
1.527100	0.508728	3.497925	-3.038635
1.595764	0.231323	3.580627	-2.798157
1.674500	-0.045166	3.616028	-2.662659
1.658936	-0.325317	3.559570	-2.616577
1.577759	-0.640869	3.426208	-2.645264
1.489563	-0.937500	3.186951	-2.698364
1.363220	-1.168823	2.860107	-2.718811
1.235046	-1.347046	2.449341	-2.727356
1.119080	-1.491394	2.009277	-2.730103
1.004333	-1.581116	1.585693	-2.705383
0.874023	-1.641235	1.145935	-2.701416
0.714417	-1.662598	0.631714	-2.704773
0.573730	-1.611633	0.058899	-2.668457
0.450439	-1.504211	-0.509644	-2.581787
0.299377	-1.377258	-1.009216	-2.398682
0.144653	-1.183777	-1.494751	-2.129211
-0.003662	-0.931396	-1.938477	-1.824036
-0.201111	-0.697937	-2.377930	-1.521912
-0.393372	-0.544128	-2.854004	-1.205444
-0.572510	-0.499878	-3.314514	-0.876770
-0.691223	-0.543213	-3.708191	-0.571594
-0.791016	-0.662842	-4.025879	-0.311279
-0.898132	-0.855408	-4.219055	-0.123901
-0.975037	-1.101990	-4.292603	0.024719
-1.005859	-1.366577	-4.294128	0.183411
-0.968628	-1.643066	-4.271851	0.354919
-0.897522	-1.954956	-4.236145	0.483093
-0.804443	-2.260742	-4.191589	0.526428
-0.709229	-2.517395	-4.114685	0.508118
-0.626526	-2.710876	-3.953857	0.528259
-0.524902	-2.855530	-3.737183	0.643005
-0.410461	-2.962036	-3.547974	0.802307
-0.320740	-3.023071	-3.379517	0.967712
-0.236816	-3.016968	-3.171692	1.133423
-0.159302	-2.968140	-2.884216	1.310425
-0.083923	-2.849121	-2.553101	1.494141
-0.021362	-2.643433	-2.259521	1.701965
0.031738	-2.377319	-2.013855	1.947021
0.072632	-2.096863	-1.765137	2.227783
0.062866	-1.770935	-1.490479	2.494202
0.036621	-1.367188	-1.180115	2.719116
0.015259	-0.903625	-0.853271	2.861023
-0.035400	-0.408020	-0.590515	2.937012
-0.104980	0.060120	-0.376282	3.018188
-0.180359	0.464172	-0.119934	3.087463
-0.249939	0.833130	0.192871	3.122559
-0.328369	1.170654	0.540466	3.115540
-0.422974	1.492920	0.885925	3.021240
-0.527344	1.820984	1.228943	2.900085
-0.610352	2.158508	1.541748	2.792664
-0.656433	2.490845	1.835022	2.640076
-0.707092	2.797546	2.141724	2.425842
-0.780945	3.083801	2.442322	2.132568
-0.848389	3.338013	2.737427	1.810608
-0.899353	3.543701	2.989197	1.486816
-0.903320	3.697510	3.157654	1.139221
-0.875854	3.815308	3.253784	0.777893
-0.834351	3.881226	3.274841	0.445251
-0.788269	3.810730	3.222046	0.148010
-0.756226	3.601990	3.126526	-0.140686
-0.721741	3.310547	2.970581	-0.412598
-0.665283	2.928467	2.740173	-0.636902
-0.556335	2.458191	2.453308	-0.814514
-0.448608	1.898499	2.092285	-0.920715
-0.339966	1.258240	1.705627	-0.962524
-0.193176	0.555115	1.316833	-0.967407
-0.017700	-0.138550	0.921936	-0.939026
0.174866	-0.801697	0.517883	-0.896912
0.382996	-1.495667	0.116882	-0.843201
0.629272	-2.220764	-0.266418	-0.738831
0.924072	-2.921753	-0.612793	-0.558167
1.228333	-3.569946	-0.909119	-0.366821
1.457214	-4.111938	-1.140747	-0.250244
1.630554	-4.626160	-1.314392	-0.132751
1.785889	-5.148926	-1.438293	0.025635
1.962891	-5.670166	-1.479492	0.175476
2.145081	-6.090393	-1.454773	0.294495
2.290039	-6.520691	-1.375122	0.422668
2.347412	-6.943665	-1.256714	0.561218
2.347107	-7.240295	-1.112671	0.709839
2.353821	-7.349548	-0.946960	0.857239
2.370605	-7.316284	-0.782776	0.995178
2.362976	-7.166138	-0.649414	1.124268
2.286072	-6.857605	-0.517273	1.263428
2.121582	-6.327820	-0.343323	1.386414
1.918945	-5.619812	-0.206909	1.527405
1.710815	-4.828491	-0.192871	1.679993
1.486511	-3.971558	-0.249939	1.807556
1.246948	-3.105164	-0.315552	1.897278
0.966797	-2.239075	-0.345764	1.988220
0.666809	-1.371765	-0.356140	2.025146
0.373535	-0.471497	-0.388184	1.954651
0.111389	0.415649	-0.458374	1.810303
-0.132446	1.238403	-0.549011	1.651917
-0.337524	2.011719	-0.629272	1.467590
-0.497437	2.735901	-0.666809	1.159058
-0.643311	3.419189	-0.669250	0.749817
-0.805969	4.007874	-0.674133	0.274353
-0.954895	4.464417	-0.672607	-0.248108
-1.089783	4.808044	-0.642395	-0.757446
-1.189270	5.007324	-0.580444	-1.219482
-1.241455	5.108643	-0.512695	-1.659546
-1.286316	5.169983	-0.430298	-2.070923
-1.358948	5.148621	-0.349121	-2.444458
-1.419067	5.012207	-0.296021	-2.738037
-1.424866	4.809875	-0.280762	-2.942505
-1.430664	4.577942	-0.270996	-3.075867
-1.434631	4.321899	-0.247192	-3.161621
-1.396484	4.044189	-0.259705	-3.171692
-1.336670	3.781433	-0.333252	-3.117065
-1.250305	3.581848	-0.441284	-3.017883
-1.116943	3.363647	-0.544434	-2.879944
-0.958557	3.099670	-0.665283	-2.676086
-0.795593	2.757263	-0.783386	-2.393799
-0.694580	2.376404	-0.866394	-2.081299
-0.614319	2.014465	-0.933838	-1.750183
-0.526733	1.652222	-0.966797	-1.398010
-0.414734	1.291809	-0.990295	-1.003113
-0.275574	0.912476	-0.994873	-0.573425
-0.158997	0.525818	-1.001587	-0.138550
-0.049744	0.134888	-1.023560	0.323792
0.044556	-0.249329	-1.038513	0.798340
0.119324	-0.615540	-0.997925	1.272278
0.179138	-0.958252	-0.922546	1.697998
0.232849	-1.226807	-0.834351	2.055969
0.289612	-1.401367	-0.741882	2.369995
0.331421	-1.506958	-0.643005	2.676392
0.367737	-1.535034	-0.521851	2.939148
0.360107	-1.527405	-0.369873	3.120117
0.307617	-1.529236	-0.224609	3.212280
0.240784	-1.531677	-0.132446	3.207092
0.185852	-1.531982	-0.080261	3.139038
0.109863	-1.551819	-0.033264	3.063965
0.006409	-1.559448	0.011597	2.951660
-0.099182	-1.530762	0.046387	2.773438
-0.194397	-1.479187	0.058594	2.540588
-0.260010	-1.411743	0.042114	2.263184
-0.300903	-1.373901	0.006714	1.999817
-0.317688	-1.421814	-0.034485	1.766052
-0.332947	-1.488342	-0.095520	1.506348
-0.347290	-1.517334	-0.145874	1.213379
-0.339966	-1.542053	-0.145569	0.920105
-0.312500	-1.600037	-0.082703	0.640564
-0.260315	-1.711731	0.011597	0.378418
-0.171204	-1.903076	0.107117	0.146484
-0.063782	-2.133484	0.218811	-0.093689
0.021057	-2.362976	0.359497	-0.362854
0.105286	-2.603760	0.539551	-0.670471
0.210876	-2.842407	0.763855	-0.997009
0.347900	-3.081360	0.995483	-1.335449
0.485229	-3.320923	1.209106	-1.667480
0.581665	-3.516541	1.435547	-1.958618
0.644836	-3.662720	1.662292	-2.235413
0.693665	-3.751221	1.845703	-2.505188
0.716248	-3.745422	1.964417	-2.776794
0.709229	-3.631287	2.000122	-3.027954
0.694580	-3.427124	1.997375	-3.211060
0.635376	-3.126221	1.987305	-3.308411
0.521545	-2.722778	1.985779	-3.343811
0.390625	-2.222595	1.987305	-3.354187
0.253906	-1.635132	1.975708	-3.327942
0.151978	-0.992432	1.966553	-3.229065
0.079346	-0.300293	1.957397	-3.070984
0.013123	0.409546	1.952820	-2.877808
-0.060120	1.135559	1.948853	-2.659607
-0.136108	1.892700	1.948853	-2.429199
-0.216980	2.664795	1.973267	-2.161255
-0.282593	3.409729	2.036438	-1.867371
-0.325317	4.110718	2.110596	-1.591797
-0.355530	4.761963	2.166443	-1.342773
-0.360718	5.343628	2.168579	-1.116943
-0.362549	5.851440	2.118835	-0.922546
-0.386658	6.282349	2.045898	-0.748901
-0.426331	6.608582	1.952820	-0.600586
-0.458984	6.811523	1.821289	-0.496521
-0.486755	6.932678	1.623535	-0.426636
-0.501404	7.023926	1.378479	-0.358582
-0.507507	7.077942	1.125793	-0.286865
-0.494690	7.071533	0.868835	-0.218811
-0.466919	7.007446	0.584106	-0.136719
-0.448303	6.931458	0.274963	-0.017395
-0.394287	6.836243	-0.040588	0.144348
-0.307312	6.696472	-0.369568	0.355225
-0.202332	6.508789	-0.684509	0.597229
-0.075378	6.251831	-0.955200	0.817871
0.040588	5.921936	-1.172485	1.022949
0.123901	5.497437	-1.361694	1.221313
0.200806	4.973450	-1.573181	1.434326
0.277710	4.346924	-1.815491	1.671143
0.331421	3.645630	-2.082214	1.914368
0.346069	2.884521	-2.324219	2.153320
0.329895	2.090759	-2.530518	2.364197
0.312500	1.298218	-2.706299	2.538147
0.295410	0.493774	-2.885132	2.707520
0.286865	-0.299683	-3.063049	2.856140
0.288086	-1.073914	-3.216248	2.986450
0.287476	-1.805725	-3.322754	3.099365
0.297852	-2.441711	-3.372498	3.169250
0.323486	-2.970276	-3.342896	3.176575
0.358887	-3.405762	-3.257141	3.114014
0.376892	-3.738403	-3.134460	3.023987
0.378418	-3.981323	-2.945862	2.921448
0.350342	-4.120178	-2.659912	2.805176
0.284424	-4.096069	-2.280884	2.672119
0.214233	-4.014587	-1.853943	2.515869
0.146179	-3.951416	-1.401978	2.339478
0.057373	-3.801880	-0.973206	2.153015
-0.040588	-3.488159	-0.542603	1.931763
-0.129700	-3.103943	-0.100403	1.656189
-0.232239	-2.673645	0.315247	1.337585
-0.360413	-2.122498	0.703735	1.001587
-0.513306	-1.489563	1.089172	0.670471
-0.665588	-0.861511	1.448364	0.360107
-0.791321	-0.268860	1.722107	0.081482
-0.891113	0.267944	1.947021	-0.178833
-0.953064	0.716553	2.205811	-0.473022
-1.005249	1.072388	2.510376	-0.746460
-1.031494	1.313782	2.816772	-0.994873
-1.006165	1.408386	3.100586	-1.295166
-0.947876	1.378479	3.362732	-1.615601
-0.857239	1.317444	3.594666	-1.872864
-0.722961	1.213989	3.823547	-2.086792
-0.566711	1.056213	4.042969	-2.343445
-0.386047	0.901184	4.227905	-2.593079
-0.224609	0.737305	4.340820	-2.790222
-0.102539	0.530396	4.392395	-2.982483
0.000610	0.313110	4.341736	-3.133545
0.085754	0.042114	4.196777	-3.205872
0.150146	-0.272217	3.993530	-3.228149
0.195618	-0.614319	3.736267	-3.218384
0.209961	-0.983887	3.433533	-3.181458
0.212097	-1.385193	3.045654	-3.109436
0.230103	-1.806946	2.568970	-3.016663
0.239868	-2.249146	2.021179	-2.873535
0.247498	-2.664795	1.439514	-2.650146
0.267944	-3.045959	0.842285	-2.398071
0.312195	-3.372192	0.246277	-2.169189
0.394897	-3.601990	-0.344849	-1.941833
0.490112	-3.795471	-0.897217	-1.680908
0.594177	-3.997192	-1.396790	-1.399231
0.691528	-4.267883	-1.831055	-1.083984
0.737915	-4.478455	-2.189026	-0.741577
0.737000	-4.532776	-2.484436	-0.382690
0.739136	-4.497681	-2.724304	-0.005188
0.766602	-4.411316	-2.934265	0.413513
0.826111	-4.215393	-3.115540	0.848389
0.857239	-3.923035	-3.244324	1.238403
0.849915	-3.557129	-3.342896	1.586304
0.820007	-3.124084	-3.466187	1.915283
0.780334	-2.648010	-3.597717	2.211914
0.754700	-2.138977	-3.707581	2.417297
0.718079	-1.593323	-3.742981	2.561646
0.676575	-1.058044	-3.723755	2.660522
0.643921	-0.520630	-3.671265	2.647095
0.581055	0.005798	-3.588562	2.571411
0.513916	0.504761	-3.489685	2.512207
0.452576	0.956116	-3.353271	2.476807
0.394897	1.362000	-3.161011	2.375488
0.351563	1.760559	-2.902832	2.219238
0.291748	2.113037	-2.630615	2.077637
0.220337	2.392578	-2.361450	1.918640
0.155945	2.653503	-2.077942	1.745300
0.116272	2.871704	-1.769104	1.611328
0.085754	3.050537	-1.440125	1.487122
0.053101	3.176880	-1.119080	1.371765
0.018311	3.240051	-0.805664	1.245422
-0.017090	3.273315	-0.499268	1.113892
-0.029297	3.271484	-0.240479	1.009827
-0.030823	3.189697	-0.010986	0.898132
-0.063477	3.033447	0.242310	0.743408
-0.104675	2.827759	0.493774	0.570984
-0.140686	2.565613	0.706787	0.398865
-0.176086	2.272339	0.858765	0.217285
-0.210876	1.964722	0.948486	0.016479
-0.232239	1.635742	1.004639	-0.218811
-0.235291	1.320496	1.056213	-0.461121
-0.251465	1.052246	1.094971	-0.685120
-0.267029	0.813904	1.100464	-0.860901
-0.280151	0.612183	1.112976	-0.961304
-0.296326	0.452576	1.146545	-0.976257
-0.315857	0.350342	1.192627	-0.899048
-0.332031	0.296936	1.238403	-0.790710
-0.349731	0.287476	1.275635	-0.684814
-0.371704	0.298462	1.343384	-0.539551
-0.382996	0.331116	1.445618	-0.324707
-0.400696	0.345459	1.598511	-0.085754
-0.447083	0.339966	1.793518	0.135193
-0.492554	0.332642	2.004089	0.316467
-0.517273	0.321960	2.209778	0.479126
-0.524597	0.295715	2.392883	0.628967
-0.523682	0.258179	2.559509	0.740356
-0.544739	0.172119	2.723083	0.837708
-0.558167	0.049133	2.860107	0.916138
-0.547791	-0.108948	2.951050	0.970764
-0.536804	-0.304260	3.000183	1.029968
-0.484009	-0.504761	3.009949	1.090088
-0.379944	-0.734558	2.963562	1.112366
-0.268860	-0.933533	2.863159	1.113892
-0.137024	-1.090088	2.736816	1.103821
-0.004578	-1.236572	2.588501	1.096191
0.162964	-1.408997	2.410889	1.086731
0.323486	-1.566772	2.187805	1.091003
0.458984	-1.704712	1.939697	1.092224
0.599060	-1.819153	1.681213	1.066284
0.706177	-1.940308	1.430054	1.050720
0.786743	-2.095032	1.194153	1.042786
0.856018	-2.299805	0.952759	1.030579
0.880737	-2.529602	0.713806	1.037903
0.886230	-2.766418	0.477905	1.058655
0.876770	-3.005066	0.264893	1.091309
0.839539	-3.213501	0.063782	1.121521
0.812073	-3.401184	-0.158691	1.130066
0.773621	-3.591309	-0.379944	1.123352
0.697632	-3.763428	-0.571899	1.115112
0.585938	-3.914795	-0.751343	1.091614
0.433350	-4.031372	-0.944519	1.052551
0.299988	-4.095764	-1.151733	0.988770
0.169678	-4.084778	-1.343994	0.909424
0.043030	-3.983765	-1.521301	0.820007
-0.078125	-3.792419	-1.679993	0.698853
-0.195618	-3.508606	-1.787415	0.550537
-0.304871	-3.146973	-1.848755	0.361328
-0.409241	-2.726440	-1.916504	0.112915
-0.492249	-2.250366	-1.995850	-0.151672
-0.538635	-1.716309	-2.066040	-0.437622
-0.583191	-1.109619	-2.115479	-0.780029
-0.618896	-0.466309	-2.141724	-1.170044
-0.637817	0.231628	-2.152100	-1.583862
-0.675354	0.935669	-2.161865	-1.996765
-0.742188	1.615295	-2.159424	-2.387695
-0.819092	2.282715	-2.118835	-2.766113
-0.895386	2.921753	-2.035217	-3.118896
-0.962219	3.524780	-1.908264	-3.439941
-1.017151	4.111023	-1.734009	-3.731079
-1.041870	4.633789	-1.517029	-3.954468
-1.030273	5.089417	-1.273193	-4.125671
-1.007996	5.487061	-1.026306	-4.221497
-0.970459	5.790405	-0.768738	-4.268799
-0.927429	6.020203	-0.503235	-4.270020
-0.906982	6.160583	-0.223083	-4.170227
-0.842285	6.214294	0.052795	-3.999634
-0.747375	6.216125	0.307007	-3.795166
-0.628662	6.184998	0.541382	-3.540649
-0.498962	6.058655	0.751648	-3.257446
-0.368652	5.860596	0.931091	-2.940369
-0.220337	5.629883	1.078491	-2.590637
-0.082703	5.354919	1.195068	-2.253113
0.056763	5.057373	1.289978	-1.931152
0.196838	4.709778	1.316528	-1.650085
0.313721	4.322205	1.264038	-1.404114
0.424500	3.926392	1.153870	-1.191101
0.520935	3.518372	0.989075	-0.993958
0.593262	3.081055	0.775757	-0.804443
0.655823	2.624207	0.519714	-0.608215
0.713806	2.153015	0.219727	-0.401001
0.773315	1.689758	-0.115356	-0.168152
0.802307	1.229248	-0.465088	0.051880
0.790100	0.743103	-0.821533	0.254517
0.744019	0.231628	-1.142578	0.448303
0.681152	-0.287781	-1.394348	0.634460
0.619202	-0.803223	-1.596375	0.817566
0.548096	-1.302490	-1.760864	0.983887
0.479736	-1.781616	-1.893921	1.133423
0.402222	-2.234802	-1.993408	1.272278
0.280762	-2.655334	-2.015076	1.389771
0.133667	-3.013611	-1.954041	1.495667
0.004578	-3.338013	-1.841125	1.604614
-0.122375	-3.657837	-1.641846	1.691589
-0.240173	-3.975830	-1.358643	1.781311
-0.331726	-4.231873	-1.062317	1.857910
-0.402832	-4.394226	-0.772400	1.890869
-0.451660	-4.471130	-0.468750	1.869507
-0.472717	-4.464417	-0.174255	1.764526
-0.486145	-4.358215	0.093384	1.620483
-0.494080	-4.138184	0.383301	1.464539
-0.467224	-3.854675	0.703735	1.270447
-0.435181	-3.505554	0.981140	1.040955
-0.407715	-3.100891	1.206360	0.786743
-0.341187	-2.654114	1.458740	0.534668
-0.244446	-2.196350	1.750183	0.322571
-0.165405	-1.749878	1.988831	0.129700
-0.073853	-1.313782	2.165833	-0.056152
0.039368	-0.866699	2.357788	-0.202026
0.098267	-0.431824	2.551880	-0.311279
0.118713	-0.043945	2.705078	-0.398865
0.180969	0.291748	2.845764	-0.482483
0.216675	0.589600	2.979126	-0.542908
0.169373	0.865173	3.041382	-0.533447
0.128174	1.128235	3.063049	-0.490112
0.088196	1.331177	3.077393	-0.461121
-0.026550	1.489258	3.073730	-0.404968
-0.169678	1.598511	3.036194	-0.326538
-0.269165	1.653748	2.992859	-0.285950
-0.383301	1.683960	2.929993	-0.249939
-0.523376	1.708984	2.818909	-0.166016
-0.594177	1.698914	2.657776	-0.082092
-0.642090	1.682129	2.449341	-0.038147
-0.708008	1.672058	2.171936	0.011902
-0.727234	1.689453	1.842041	0.066833
-0.690002	1.719666	1.453857	0.077209
-0.665283	1.765137	1.002197	0.039673
-0.603638	1.816406	0.528564	-0.004883
-0.504456	1.887512	0.079956	-0.051880
-0.415344	1.961365	-0.377502	-0.108337
-0.353699	2.041321	-0.871887	-0.198059
-0.278015	2.116089	-1.337585	-0.312195
-0.185852	2.167053	-1.755676	-0.395508
-0.117493	2.200623	-2.144775	-0.421448
-0.039063	2.229919	-2.492371	-0.477295
0.050659	2.245789	-2.763062	-0.559387
0.102234	2.232971	-2.985229	-0.622864
0.155640	2.219238	-3.177490	-0.651550
0.245667	2.153320	-3.318176	-0.639038
0.299988	1.995544	-3.397827	-0.606384
0.340576	1.824951	-3.421021	-0.538940
0.410767	1.627502	-3.388062	-0.428467
0.474548	1.399231	-3.326721	-0.328979
0.505676	1.192627	-3.250122	-0.220337
0.539856	0.965576	-3.143616	-0.083618
0.561218	0.672302	-2.993774	0.039673
0.553589	0.379333	-2.828979	0.147095
0.566711	0.093994	-2.667542	0.296631
0.581665	-0.215759	-2.479553	0.464478
0.609436	-0.541992	-2.301331	0.605469
0.658264	-0.871887	-2.193298	0.708923
0.726318	-1.181641	-2.108154	0.784607
0.779114	-1.485291	-2.018738	0.817566
0.807190	-1.769714	-1.989746	0.811462
0.831604	-2.019043	-2.002869	0.792236
0.846863	-2.252197	-2.014771	0.770569
0.873108	-2.442932	-2.041626	0.721436
0.897217	-2.584229	-2.075500	0.645142
0.891418	-2.697754	-2.072449	0.540771
0.870361	-2.806396	-2.034912	0.420532
0.823975	-2.908936	-1.965942	0.300903
0.752258	-2.998962	-1.832581	0.194092
0.646667	-3.058167	-1.658325	0.089417
0.516357	-3.049316	-1.485291	-0.021667
0.397644	-3.005981	-1.280823	-0.117188
0.273438	-2.958069	-1.035156	-0.209656
0.137024	-2.870178	-0.772095	-0.315247
0.007019	-2.768860	-0.494080	-0.386963
-0.143738	-2.672729	-0.222778	-0.433350
-0.310974	-2.557373	0.039978	-0.498962
-0.470276	-2.463684	0.308533	-0.570068
-0.599365	-2.369080	0.592346	-0.628357
-0.711060	-2.261658	0.888977	-0.715942
-0.802917	-2.156982	1.201477	-0.853271
-0.883789	-2.050476	1.499939	-1.004333
-0.958252	-1.947632	1.795654	-1.153870
-1.015930	-1.848145	2.069702	-1.294861
-1.048889	-1.747742	2.315979	-1.431885
-1.055298	-1.636047	2.547302	-1.574402
-1.032410	-1.524048	2.752380	-1.717529
-0.984192	-1.402588	2.902832	-1.828918
-0.906982	-1.278992	2.999878	-1.917114
-0.812378	-1.196899	3.051758	-1.972046
-0.704346	-1.121216	3.060303	-1.983948
-0.585632	-1.045227	3.035583	-1.939087
-0.484619	-1.015930	2.962036	-1.843262
-0.395508	-1.033630	2.834473	-1.725464
-0.297546	-1.077881	2.661743	-1.546021
-0.182495	-1.141968	2.476196	-1.283875
-0.075378	-1.220398	2.272339	-0.978088
0.025024	-1.312866	2.039185	-0.644836
0.116577	-1.404114	1.802368	-0.259094
0.194092	-1.492310	1.566772	0.158386
0.271606	-1.576538	1.321716	0.596008
0.345764	-1.659546	1.067200	1.056824
0.419312	-1.735535	0.824280	1.528931
0.484619	-1.790161	0.587769	1.998901
0.527649	-1.816406	0.367432	2.468567
0.568237	-1.824646	0.169678	2.941589
0.615845	-1.819153	-0.031433	3.375244
0.641174	-1.776428	-0.250549	3.763733
0.659790	-1.694946	-0.465088	4.097290
0.685120	-1.601563	-0.670166	4.339294
0.698853	-1.510010	-0.887756	4.515381
0.684814	-1.404419	-1.087952	4.636841
0.661316	-1.278076	-1.262207	4.684448
0.626831	-1.148682	-1.423950	4.654236
0.576477	-1.023865	-1.570129	4.547424
0.549927	-0.894775	-1.696167	4.389954
0.528259	-0.754089	-1.822815	4.176636
0.483398	-0.603943	-1.969910	3.900757
0.426941	-0.443726	-2.113647	3.584290
0.374146	-0.283203	-2.226868	3.237305
0.304260	-0.149841	-2.309265	2.845154
0.202637	-0.025024	-2.376099	2.443848
0.100403	0.114136	-2.394104	2.044067
0.008545	0.273438	-2.344971	1.628113
-0.077515	0.466003	-2.250671	1.203613
-0.165710	0.664673	-2.120361	0.760498
-0.248413	0.850220	-1.943665	0.315857
-0.310059	1.045837	-1.737671	-0.105896
-0.379333	1.243286	-1.506042	-0.511475
-0.430603	1.441956	-1.228638	-0.905151
-0.458984	1.654358	-0.903015	-1.278992
-0.473938	1.879272	-0.561218	-1.621399
-0.468140	2.081299	-0.219116	-1.906433
-0.429382	2.245789	0.102234	-2.150269
-0.374146	2.398682	0.399170	-2.349548
-0.312500	2.534485	0.692444	-2.481384
-0.245972	2.634583	0.969849	-2.578430
-0.169983	2.727966	1.208801	-2.632446
-0.074768	2.839050	1.427612	-2.617188
0.024719	2.945862	1.626587	-2.555542
0.101929	3.030396	1.799316	-2.465210
0.148621	3.099060	1.947021	-2.333069
0.188904	3.149414	2.064209	-2.162781
0.231934	3.183289	2.154541	-1.980591
0.264893	3.190613	2.204285	-1.802979
0.293274	3.187256	2.214355	-1.607056
0.299988	3.167725	2.203979	-1.406860
0.290222	3.119202	2.182007	-1.215210
0.267029	3.057861	2.142334	-1.042480
0.222473	2.972107	2.080383	-0.895386
0.181885	2.838135	1.985779	-0.756226
0.139465	2.670288	1.867676	-0.617371
0.077209	2.462769	1.729126	-0.486145
0.002441	2.213440	1.572571	-0.373230
-0.073853	1.935730	1.396790	-0.286560
-0.150757	1.656494	1.201477	-0.232849
-0.209045	1.349487	0.999146	-0.193787
-0.268860	1.011963	0.795898	-0.159607
-0.327454	0.664978	0.596619	-0.127563
-0.372620	0.313416	0.421753	-0.099182
-0.409241	-0.045471	0.255127	-0.095215
-0.432129	-0.398560	0.085449	-0.107727
-0.437012	-0.743408	-0.080261	-0.108337
-0.432129	-1.091003	-0.234070	-0.101624
-0.428162	-1.432190	-0.378113	-0.096436
-0.390930	-1.751709	-0.499268	-0.087280
-0.339661	-2.033691	-0.583496	-0.078735
-0.309143	-2.286072	-0.635071	-0.065308
-0.292053	-2.525635	-0.680237	-0.035095
-0.268860	-2.746887	-0.716858	0.022888
-0.239868	-2.931519	-0.722961	0.099792
-0.214844	-3.077393	-0.713501	0.183716
-0.194092	-3.203430	-0.703735	0.272217
-0.165405	-3.306274	-0.680237	0.380554
-0.149841	-3.359070	-0.654602	0.496521
-0.148621	-3.365173	-0.637207	0.614319
-0.133972	-3.342590	-0.640564	0.737000
-0.113220	-3.272705	-0.658875	0.852966
-0.104065	-3.124390	-0.678711	0.971680
-0.097961	-2.913818	-0.683594	1.079102
-0.092163	-2.666626	-0.685120	1.164856
-0.091858	-2.409058	-0.697021	1.228333
-0.090637	-2.128906	-0.694580	1.264954
-0.087585	-1.814270	-0.661621	1.278687
-0.100403	-1.477051	-0.619507	1.270752
-0.117798	-1.119385	-0.593262	1.223450
-0.146179	-0.739746	-0.573120	1.141663
-0.197754	-0.332947	-0.541992	1.044617
-0.248718	0.077515	-0.493469	0.929565
-0.300598	0.473633	-0.427246	0.775452
-0.357056	0.853271	-0.332031	0.585632
-0.419312	1.214294	-0.213623	0.386658
-0.489502	1.570740	-0.096741	0.177917
-0.555115	1.915283	0.014954	-0.041199
-0.604553	2.238159	0.133057	-0.251770
-0.631104	2.538147	0.252991	-0.451355
-0.644836	2.807007	0.364990	-0.644226
-0.651855	3.040771	0.485535	-0.821838
-0.654907	3.256531	0.612488	-0.993042
-0.637817	3.459778	0.745239	-1.150513
-0.603333	3.617859	0.871277	-1.296997
-0.568542	3.717957	0.984497	-1.438293
-0.526428	3.800049	1.094666	-1.576538
-0.462036	3.875732	1.189575	-1.705627
-0.384827	3.927917	1.260986	-1.843567
-0.287476	3.964233	1.310425	-1.991882
-0.182190	3.970947	1.344604	-2.131348
-0.088806	3.937683	1.360474	-2.254944
-0.002441	3.873901	1.336365	-2.356567
0.059814	3.777161	1.260376	-2.428894
0.105286	3.649902	1.161194	-2.471008
0.163269	3.470764	1.046143	-2.475281
0.239563	3.244629	0.912476	-2.413940
0.330811	2.978821	0.771484	-2.306824
0.422974	2.671509	0.616455	-2.176819
0.510864	2.322998	0.441284	-2.008362
0.587158	1.936951	0.245361	-1.780090
0.657349	1.522522	0.055847	-1.496887
0.721436	1.101379	-0.119324	-1.190491
0.774231	0.674744	-0.280762	-0.853577
0.823669	0.229797	-0.442810	-0.479431
0.872803	-0.197754	-0.601196	-0.083313
0.914307	-0.602417	-0.745544	0.320129
0.941467	-0.988159	-0.868225	0.716553
0.961304	-1.347961	-0.981445	1.099243
0.974731	-1.682129	-1.079407	1.463928
0.968628	-1.974792	-1.159668	1.795349
0.935364	-2.229004	-1.221619	2.081604
0.891418	-2.454224	-1.253967	2.328491
0.834961	-2.634583	-1.256104	2.524109
0.771484	-2.737122	-1.240234	2.653503
0.719299	-2.774658	-1.207581	2.726746
0.671997	-2.757874	-1.167603	2.750854
0.614929	-2.691650	-1.127625	2.723083
0.548096	-2.572632	-1.060486	2.636719
0.486145	-2.412415	-0.943298	2.491455
0.428772	-2.229919	-0.791016	2.295227
0.366211	-2.027588	-0.608215	2.063599
0.310974	-1.809082	-0.398560	1.817627
0.254822	-1.585693	-0.181580	1.566772
0.194397	-1.369934	0.039673	1.313782
0.127258	-1.159058	0.254822	1.064758
0.038452	-0.963745	0.457153	0.808105
-0.068665	-0.805664	0.634155	0.552979
-0.179749	-0.680847	0.791931	0.308228
-0.285950	-0.584412	0.937195	0.079346
-0.390015	-0.528564	1.065369	-0.139160
-0.497742	-0.497437	1.173401	-0.343933
-0.601196	-0.476685	1.253662	-0.524597
-0.688171	-0.460815	1.323853	-0.685120
-0.767212	-0.452271	1.376038	-0.828552
-0.838928	-0.445862	1.399536	-0.953674
-0.899353	-0.426941	1.395569	-1.064758
-0.949402	-0.391541	1.377258	-1.160889
-0.984497	-0.342102	1.346741	-1.222534
-0.989075	-0.295410	1.302185	-1.233826
-0.957031	-0.260010	1.236877	-1.214600
-0.903320	-0.213318	1.152649	-1.179810
-0.832825	-0.156860	1.060791	-1.119995
-0.756226	-0.108948	0.953979	-1.053772
-0.677795	-0.065918	0.826416	-0.973511
-0.593872	-0.025330	0.677795	-0.867920
-0.509033	0.021667	0.514832	-0.734558
-0.418396	0.075378	0.339355	-0.585022
-0.312500	0.140686	0.155029	-0.424500
-0.205078	0.214233	-0.031738	-0.252686
-0.109558	0.266418	-0.210571	-0.079651
-0.018921	0.289917	-0.394897	0.097656
0.061951	0.289917	-0.577087	0.279541
0.125122	0.269775	-0.740967	0.449219
0.184326	0.236511	-0.874634	0.597839
0.238647	0.189819	-0.982361	0.744019
0.288391	0.119019	-1.072388	0.867615
0.350037	0.018005	-1.145935	0.986023
0.404663	-0.106201	-1.198730	1.099854
0.449524	-0.239868	-1.241760	1.198425
0.478821	-0.381165	-1.291809	1.268311
0.491943	-0.527039	-1.334229	1.300354
0.493774	-0.659180	-1.372375	1.292419
0.494385	-0.797119	-1.414185	1.243896
0.496826	-0.955811	-1.452637	1.152344
0.503540	-1.118164	-1.484680	1.035461
0.503235	-1.284485	-1.515198	0.910339
0.491638	-1.465149	-1.552734	0.763550
0.476074	-1.654968	-1.593933	0.596008
0.462341	-1.846313	-1.645508	0.413513
0.443726	-2.056885	-1.697388	0.208130
0.432434	-2.262268	-1.730042	-0.005493
0.426025	-2.434082	-1.749268	-0.208740
0.415955	-2.578125	-1.752014	-0.407104
0.413513	-2.693176	-1.743774	-0.592957
0.428162	-2.767029	-1.733093	-0.768738
0.444336	-2.804871	-1.713867	-0.927734
0.460205	-2.805481	-1.675110	-1.076660
0.480652	-2.766113	-1.621704	-1.215515
0.498352	-2.695618	-1.546021	-1.323242
0.508728	-2.586060	-1.438293	-1.386108
0.511169	-2.440796	-1.301880	-1.406860
0.511475	-2.276001	-1.149292	-1.399536
0.500488	-2.092285	-0.997314	-1.372070
0.467834	-1.895142	-0.850220	-1.322632
0.428467	-1.681824	-0.707703	-1.245728
0.391235	-1.449890	-0.558167	-1.144104
0.353699	-1.197510	-0.401001	-1.029358
0.317993	-0.930481	-0.229492	-0.927429
0.281067	-0.654297	-0.041504	-0.842896
0.235596	-0.362549	0.154724	-0.772095
0.186768	-0.066528	0.358887	-0.711365
0.131836	0.220947	0.572205	-0.670471
0.074768	0.501709	0.783386	-0.653076
0.019531	0.785217	1.001282	-0.661011
-0.038452	1.055908	1.232605	-0.689697
-0.101318	1.311951	1.475220	-0.726013
-0.164795	1.548767	1.713562	-0.768433
-0.225220	1.767578	1.940002	-0.820313
-0.280762	1.972961	2.144470	-0.881958
-0.328674	2.164307	2.319031	-0.943298
-0.370178	2.329102	2.453003	-0.984802
-0.403137	2.461548	2.538757	-1.005554
-0.423584	2.565918	2.580261	-1.018066
-0.436401	2.640991	2.577515	-1.017151
-0.444336	2.684021	2.528992	-0.989990
-0.444946	2.699890	2.445374	-0.942383
-0.439453	2.690125	2.326965	-0.866394
-0.430298	2.645264	2.174988	-0.754395
-0.412292	2.555542	1.996155	-0.609741
-0.390930	2.413025	1.802979	-0.442810
-0.365906	2.229614	1.605225	-0.272827
-0.334778	2.027283	1.409607	-0.090942
-0.293884	1.814270	1.217346	0.115356
-0.248718	1.604004	1.025085	0.340576
-0.197144	1.409607	0.831299	0.575562
-0.150146	1.228333	0.639648	0.822449
-0.114136	1.054382	0.448914	1.074524
-0.085144	0.878601	0.250549	1.322937
-0.057068	0.703430	0.046692	1.570435
-0.036621	0.533447	-0.150452	1.813660
-0.022888	0.368652	-0.328674	2.053223
-0.015869	0.217896	-0.480347	2.286682
-0.012817	0.081177	-0.619812	2.496033
-0.014038	-0.054016	-0.758972	2.680054
-0.020447	-0.195007	-0.907288	2.839355
-0.021057	-0.338135	-1.054077	2.963867
-0.019531	-0.489197	-1.188354	3.050232
-0.018921	-0.657959	-1.305237	3.090515
-0.007935	-0.824890	-1.397095	3.090210
0.004272	-0.968018	-1.474609	3.051758
0.014038	-1.083069	-1.544189	2.973022
0.014954	-1.157227	-1.595154	2.857666
0.015869	-1.182251	-1.615601	2.709045
0.017090	-1.146851	-1.597595	2.524109
0.014038	-1.054688	-1.549988	2.300720
0.005493	-0.918884	-1.478577	2.046814
-0.008850	-0.736694	-1.378174	1.770935
-0.032654	-0.517883	-1.233826	1.468506
-0.072632	-0.270691	-1.044922	1.131287
-0.116577	-0.001831	-0.828247	0.773315
-0.158081	0.281677	-0.606995	0.400696
-0.201111	0.570679	-0.371704	0.016479
-0.238953	0.858459	-0.127869	-0.365601
-0.263672	1.130676	0.115967	-0.740967
-0.284729	1.383057	0.370483	-1.113281
-0.311890	1.610413	0.628967	-1.483459
-0.335388	1.812134	0.882568	-1.835327
-0.351257	1.975708	1.124878	-2.145996
-0.357361	2.106018	1.348267	-2.409973
-0.357056	2.214355	1.555176	-2.631531
-0.354919	2.303162	1.732788	-2.805786
-0.352173	2.379456	1.871338	-2.930603
-0.344849	2.427368	1.979675	-3.008728
-0.334778	2.441406	2.053528	-3.049011
-0.328674	2.446289	2.086487	-3.046570
-0.316467	2.445068	2.071533	-3.000488
-0.300903	2.434998	2.019043	-2.920532
-0.288391	2.416382	1.931152	-2.824402
-0.264282	2.376099	1.802673	-2.725830
-0.227051	2.324829	1.632080	-2.622681
-0.190430	2.261658	1.424255	-2.516479
-0.167542	2.183838	1.174622	-2.410583
-0.141907	2.083435	0.899963	-2.315979
-0.115051	1.942749	0.620728	-2.231750
-0.101318	1.779785	0.347290	-2.132874
-0.086060	1.596680	0.073853	-2.025452
-0.066223	1.394043	-0.192871	-1.917114
-0.045166	1.180420	-0.435181	-1.781616
-0.019836	0.959473	-0.661011	-1.620483
0.011902	0.737305	-0.860901	-1.449585
0.033264	0.509949	-1.023865	-1.264038
0.043640	0.291443	-1.142578	-1.061401
0.057373	0.084534	-1.221008	-0.845642
0.071716	-0.108643	-1.260376	-0.631409
0.087891	-0.280457	-1.267090	-0.416870
0.106201	-0.439758	-1.251831	-0.183716
0.120850	-0.580750	-1.211853	0.057678
0.131226	-0.694580	-1.146545	0.282288
0.134583	-0.791321	-1.073303	0.477600
0.123596	-0.872498	-0.993958	0.648804
0.113831	-0.945435	-0.913086	0.799255
0.097656	-1.014709	-0.842285	0.923767
0.071411	-1.067810	-0.777283	1.028137
0.055847	-1.105652	-0.709229	1.111145
0.045776	-1.133728	-0.647583	1.169434
0.034790	-1.138916	-0.604858	1.206970
0.030518	-1.130066	-0.579224	1.227112
0.032959	-1.113892	-0.565186	1.224365
0.037842	-1.069641	-0.560913	1.203308
0.036011	-0.993652	-0.553589	1.178284
0.035400	-0.896301	-0.540161	1.140442
0.028076	-0.773010	-0.516663	1.105652
0.013123	-0.655823	-0.482788	1.086731
0.001221	-0.550842	-0.436707	1.062012
-0.014648	-0.447998	-0.369263	1.021118
-0.050964	-0.357056	-0.286865	0.972290
-0.101929	-0.278015	-0.191345	0.915833
-0.160217	-0.209351	-0.078430	0.845337
-0.220642	-0.156555	0.036621	0.771179
-0.283203	-0.109863	0.153809	0.696106
-0.339050	-0.074463	0.281982	0.614929
-0.389099	-0.053711	0.410767	0.533752
-0.439453	-0.035095	0.531616	0.465088
-0.478210	-0.013428	0.645142	0.406799
-0.504761	0.014648	0.751343	0.358276
-0.525818	0.058289	0.845642	0.314331
-0.535583	0.117493	0.937500	0.281677
-0.525513	0.180359	1.030273	0.257568
-0.505981	0.252991	1.119995	0.241089
-0.480652	0.334778	1.203308	0.236816
-0.435791	0.412903	1.281128	0.245361
-0.375366	0.493164	1.361389	0.257874
-0.310669	0.573425	1.438599	0.258484
-0.243225	0.647583	1.507874	0.244141
-0.177002	0.722961	1.571655	0.211487
-0.110168	0.797119	1.617432	0.160522
-0.047302	0.861206	1.651001	0.097046
0.008545	0.902405	1.683044	0.014954
0.063782	0.914001	1.700745	-0.076904
0.114136	0.900879	1.697083	-0.166626
0.154114	0.867615	1.679077	-0.259705
0.180359	0.802002	1.649780	-0.342712
0.190430	0.708923	1.596069	-0.404053
0.192261	0.586853	1.526794	-0.443115
0.200195	0.437012	1.444702	-0.456848
0.214539	0.270386	1.341553	-0.444946
0.238953	0.085754	1.215820	-0.404663
0.259399	-0.116272	1.063843	-0.326538
0.275574	-0.328064	0.886841	-0.216980
0.299072	-0.543213	0.688477	-0.080261
0.332642	-0.755920	0.466614	0.081482
0.371704	-0.964661	0.224915	0.261230
0.415955	-1.172180	-0.022583	0.450134
0.461426	-1.380920	-0.276794	0.639343
0.506897	-1.588440	-0.534973	0.819397
0.554199	-1.797485	-0.791016	0.982666
0.594177	-2.005615	-1.044312	1.131592
0.623169	-2.205505	-1.292114	1.261292
0.643616	-2.393494	-1.528931	1.369324
0.655212	-2.557068	-1.744080	1.457214
0.655518	-2.678528	-1.939087	1.520081
0.650024	-2.773132	-2.113342	1.543274
0.645447	-2.854309	-2.266846	1.533203
0.636292	-2.911072	-2.396545	1.506042
0.620728	-2.922668	-2.490540	1.464844
0.605774	-2.883301	-2.545471	1.410828
0.589294	-2.803955	-2.563171	1.338501
0.566406	-2.687073	-2.545776	1.251221
0.535583	-2.533875	-2.491150	1.154785
0.502014	-2.360535	-2.397156	1.049500
0.462036	-2.171936	-2.275696	0.942078
0.408020	-1.967773	-2.138367	0.836487
0.344849	-1.750488	-1.979370	0.724182
0.281067	-1.523743	-1.795654	0.601196
0.209961	-1.301575	-1.601563	0.473328
0.130615	-1.089172	-1.405945	0.330505
0.048523	-0.880432	-1.212463	0.171814
-0.036011	-0.672913	-1.027527	0.007629
-0.118408	-0.460815	-0.843506	-0.163574
-0.193787	-0.249939	-0.659485	-0.345154
-0.264587	-0.052185	-0.480347	-0.530396
-0.335083	0.136108	-0.307312	-0.707703
-0.404358	0.311890	-0.154114	-0.870667
-0.457764	0.481873	-0.016479	-1.027527
-0.496826	0.654602	0.117188	-1.174622
-0.523071	0.818787	0.242310	-1.298828
-0.536194	0.963135	0.359802	-1.398315
-0.536194	1.090698	0.474548	-1.476440
-0.521545	1.204834	0.576782	-1.532288
-0.497131	1.300659	0.656738	-1.563721
-0.469055	1.372070	0.715942	-1.568909
-0.438538	1.418762	0.759888	-1.534729
-0.404358	1.443787	0.786438	-1.463928
-0.369873	1.447144	0.787048	-1.361694
-0.329590	1.427307	0.758057	-1.234131
-0.291443	1.389771	0.698853	-1.087036
-0.259399	1.327515	0.628052	-0.917358
-0.227356	1.238403	0.552368	-0.728760
-0.199890	1.120911	0.451660	-0.530396
-0.179138	0.981140	0.322266	-0.329285
-0.152893	0.807190	0.205994	-0.122986
-0.122681	0.616455	0.099487	0.083923
-0.090637	0.413818	-0.009155	0.277710
-0.043030	0.191040	-0.115967	0.455322
0.013733	-0.030823	-0.224915	0.622559
0.065308	-0.245361	-0.333252	0.776978
0.113220	-0.439453	-0.413818	0.919189
0.175476	-0.631409	-0.458374	1.037903
0.244141	-0.840759	-0.513000	1.126099
0.293884	-1.038208	-0.574341	1.200562
0.335388	-1.212158	-0.604858	1.259766
0.389404	-1.374207	-0.590210	1.289673
0.434875	-1.535645	-0.570068	1.294250
0.470581	-1.698303	-0.558472	1.272278
0.503235	-1.863708	-0.539246	1.225281
0.500793	-1.994019	-0.525513	1.164856
0.481567	-2.102051	-0.501404	1.079407
0.483704	-2.220154	-0.452271	0.961914
0.465698	-2.326355	-0.402222	0.825195
0.418701	-2.370605	-0.359802	0.697021
0.391541	-2.353821	-0.294189	0.589600
0.365906	-2.314758	-0.207825	0.470276
0.318604	-2.244568	-0.118408	0.350342
0.292969	-2.130127	-0.042114	0.231934
0.286560	-1.953430	0.040588	0.126038
0.262451	-1.738586	0.128479	0.051575
0.223389	-1.518555	0.231628	0.003357
0.225830	-1.288757	0.361633	-0.060120
0.223389	-1.029053	0.490112	-0.136414
0.194092	-0.734253	0.588684	-0.171204
0.174866	-0.444336	0.674438	-0.178833
0.171814	-0.180054	0.756836	-0.198059
0.153198	0.090637	0.827026	-0.226746
0.126038	0.356750	0.885010	-0.253601
0.103455	0.596924	0.940857	-0.281982
0.064087	0.832825	0.984497	-0.310974
0.027466	1.067505	0.992737	-0.350952
0.002747	1.267395	0.995178	-0.426941
-0.039063	1.451721	1.015625	-0.495605
-0.099792	1.637268	1.022949	-0.539856
-0.142212	1.806641	1.013184	-0.617371
-0.182495	1.958618	1.019287	-0.721741
-0.230103	2.091675	1.033325	-0.809937
-0.269165	2.201843	1.041260	-0.892029
-0.307617	2.308960	1.039734	-0.967102
-0.354004	2.417297	1.035156	-1.033936
-0.379639	2.522583	1.025696	-1.108398
-0.403137	2.620239	1.021423	-1.183777
-0.434875	2.685852	1.012268	-1.234131
-0.454712	2.734375	0.975952	-1.269531
-0.454407	2.782898	0.919495	-1.290588
-0.461121	2.796326	0.863647	-1.318359
-0.466003	2.788391	0.788269	-1.348267
-0.449524	2.784729	0.691223	-1.344299
-0.420837	2.755737	0.585327	-1.302185
-0.404053	2.708740	0.474243	-1.250000
-0.383911	2.640076	0.348206	-1.184998
-0.352783	2.533875	0.221863	-1.098938
-0.309143	2.427673	0.106812	-0.995789
-0.256653	2.312622	0.000916	-0.878906
-0.227356	2.169495	-0.092468	-0.741882
-0.201416	2.019653	-0.164490	-0.582275
-0.144043	1.887207	-0.226440	-0.423584
-0.075684	1.756592	-0.283203	-0.260620
-0.039673	1.622620	-0.320129	-0.089417
-0.008240	1.496582	-0.348206	0.087280
0.034485	1.376343	-0.371704	0.270081
0.058899	1.259460	-0.381775	0.456543
0.068970	1.143188	-0.405273	0.637512
0.081177	1.011047	-0.449219	0.815430
0.081787	0.867004	-0.490112	0.986938
0.081482	0.697021	-0.535278	1.141663
0.076904	0.514221	-0.596924	1.264343
0.064087	0.335693	-0.665588	1.374512
0.050659	0.142517	-0.746155	1.484070
0.041199	-0.074158	-0.846863	1.553345
0.030823	-0.290527	-0.941772	1.586304
0.018311	-0.499268	-1.025696	1.602478
0.004883	-0.675659	-1.102295	1.582336
-0.015259	-0.830994	-1.155396	1.530151
-0.035400	-0.994568	-1.191406	1.462402
-0.046082	-1.132813	-1.213379	1.365662
-0.038757	-1.238098	-1.210327	1.230164
-0.037537	-1.333923	-1.189575	1.069641
-0.052185	-1.413879	-1.148376	0.882568
-0.075378	-1.470947	-1.060181	0.672913
-0.101929	-1.517334	-0.946655	0.468750
-0.128784	-1.550598	-0.814819	0.256042
-0.147705	-1.576843	-0.651245	0.028076
-0.166016	-1.588135	-0.468140	-0.203247
-0.194092	-1.561279	-0.277100	-0.427246
