2020/1/9 9:21:07 40us
CH1			CH2			CH3			CH4
-0.004578	-0.000916	0.012207	-0.007019
-0.004578	-0.000916	0.012207	-0.007019
-0.004883	-0.001221	0.012207	-0.007019
-0.004578	-0.000610	0.012207	-0.006714
-0.004883	-0.000305	0.012512	-0.007019
-0.004578	-0.000305	0.012512	-0.007019
-0.004578	-0.000305	0.012207	-0.006714
-0.004883	0.000000	0.012512	-0.007019
-0.004883	-0.000610	0.012207	-0.006409
-0.004883	-0.000305	0.012207	-0.007019
-0.004883	-0.000305	0.012512	-0.006714
-0.004578	0.000000	0.012207	-0.007019
-0.004883	-0.000305	0.012207	-0.006714
-0.004578	0.000000	0.012207	-0.006714
-0.004883	0.000000	0.011902	-0.006409
-0.003967	0.000000	0.012207	-0.006409
-0.004272	0.000000	0.012512	-0.006714
-0.004272	0.000610	0.012207	-0.007019
-0.004578	0.000305	0.012207	-0.006409
-0.004272	0.000610	0.012207	-0.006714
-0.004272	0.000610	0.012512	-0.006714
-0.004272	0.000305	0.012512	-0.006714
-0.004272	0.000610	0.012207	-0.006714
-0.004578	0.000610	0.012512	-0.006409
-0.004272	0.000916	0.012817	-0.006714
-0.004578	0.001221	0.012817	-0.006104
-0.004578	0.001221	0.012207	-0.006409
-0.004272	0.001221	0.012512	-0.006409
-0.004272	0.001221	0.012817	-0.006409
-0.004578	0.000916	0.012512	-0.006714
-0.004272	0.001526	0.012512	-0.006714
-0.004272	0.001526	0.012817	-0.006104
-0.003357	0.001526	0.012207	-0.006409
0.017700	0.002136	0.013123	-0.006714
0.242004	0.003052	0.012817	-0.006714
0.388184	0.003357	0.013428	-0.005798
0.351257	0.003357	0.012817	-0.003357
0.230103	0.007019	0.011597	-0.016479
0.144348	-0.006409	0.011292	-0.022583
0.162048	0.016785	0.011902	-0.009460
0.214844	0.010376	0.016174	0.057983
0.255432	-0.079346	-0.004883	0.100403
0.234070	-0.045471	0.002747	0.092773
0.142517	0.094299	0.063782	0.006104
0.027466	0.203247	0.018005	-0.149536
-0.105591	0.244446	-0.043335	-0.351257
-0.286255	0.111694	-0.068359	-0.554199
-0.459290	-0.082397	-0.011902	-0.644531
-0.693970	-0.177002	0.043945	-0.682373
-0.907898	-0.182495	0.050659	-0.635071
-1.065063	-0.209656	0.062866	-0.630798
-1.289368	-0.274353	0.096436	-0.643616
-1.456909	-0.393982	0.087280	-0.640564
-1.564636	-0.517883	0.096436	-0.592041
-1.679382	-0.607300	0.151062	-0.499573
-1.776123	-0.673218	0.225830	-0.323181
-1.810608	-0.669556	0.241699	-0.016479
-1.771851	-0.609131	0.209045	0.367126
-1.739502	-0.542603	0.157166	0.823364
-1.687927	-0.472107	0.126648	1.271973
-1.604309	-0.344543	0.084534	1.824951
-1.552124	-0.179443	0.033875	2.533569
-1.495667	-0.024414	-0.017395	3.267517
-1.341553	0.159302	-0.153198	3.939209
-1.074524	0.368347	-0.335083	4.497375
-0.816956	0.553284	-0.522766	5.040283
-0.590820	0.779419	-0.783081	5.559692
-0.392761	1.007385	-1.076965	6.043091
-0.211487	1.231384	-1.390381	6.413269
-0.042114	1.422424	-1.698608	6.665955
0.083008	1.595764	-1.919861	6.790771
0.249939	1.709290	-2.030945	6.737061
0.407715	1.754761	-2.144470	6.546326
0.566101	1.792603	-2.248230	6.257324
0.707397	1.881409	-2.173157	5.834961
0.818176	1.991882	-1.870422	5.349121
0.887146	2.113647	-1.411133	4.717712
0.888367	2.185974	-0.877686	3.990479
0.883789	2.230530	-0.335693	3.142090
0.880737	2.264099	0.190735	2.186890
0.859375	2.286377	0.790100	1.169434
0.842896	2.250977	1.428833	0.121765
0.838928	2.198181	2.087402	-1.006165
0.801697	2.074890	2.767944	-2.134094
0.761719	1.869202	3.359070	-3.210449
0.752869	1.609802	3.878174	-4.277344
0.681152	1.292114	4.346008	-5.344543
0.578918	0.951538	4.670105	-6.435852
0.526733	0.582886	4.915161	-7.501221
0.519714	0.229797	5.100403	-8.419495
0.535889	-0.114746	5.162659	-9.151917
0.523987	-0.440369	5.057678	-9.683533
0.493774	-0.765381	4.826660	-10.000000
0.479431	-1.057739	4.479675	-10.000000
0.522156	-1.279907	4.101868	-10.000000
0.631104	-1.512146	3.699646	-10.000000
0.747681	-1.743774	3.210144	-10.000000
0.842896	-1.949768	2.595825	-10.000000
0.916748	-2.139587	1.932983	-9.649963
0.982056	-2.256165	1.360474	-8.994446
1.029663	-2.375793	0.815125	-8.208618
1.047974	-2.576294	0.263672	-7.355042
1.062317	-2.772522	-0.310059	-6.451416
1.066284	-2.879639	-0.924072	-5.485535
1.040955	-2.902527	-1.468201	-4.473572
0.978088	-2.945862	-1.960144	-3.492432
0.904236	-2.990723	-2.396545	-2.519226
0.826721	-3.001709	-2.752380	-1.574707
0.756531	-2.967529	-3.098755	-0.657654
0.695190	-2.836304	-3.453369	0.262451
0.637817	-2.621460	-3.735352	1.150818
0.587463	-2.359009	-3.925171	1.939392
0.552063	-2.075195	-4.008179	2.630920
0.520630	-1.793213	-4.010010	3.225403
0.477600	-1.481018	-3.978882	3.732910
0.403748	-1.129150	-3.922424	4.182129
0.328674	-0.726013	-3.816528	4.532776
0.265198	-0.292358	-3.652039	4.800415
0.186157	0.098267	-3.433533	4.923706
0.097961	0.446167	-3.153381	4.851074
-0.015259	0.752869	-2.806702	4.694214
-0.164795	1.031494	-2.456665	4.460144
-0.327759	1.287231	-2.116394	4.116516
-0.489197	1.475830	-1.778564	3.722534
-0.655518	1.613770	-1.458130	3.271484
-0.838318	1.716003	-1.112366	2.767029
-1.051636	1.804504	-0.766907	2.250366
-1.260071	1.881104	-0.477600	1.767273
-1.447449	1.915283	-0.195618	1.327209
-1.618347	1.901855	0.059204	0.958252
-1.753540	1.870117	0.311890	0.681152
-1.849670	1.862488	0.562744	0.454102
-1.905823	1.884155	0.770264	0.239563
-1.949463	1.923828	0.903625	0.051880
-1.984253	1.954346	0.982361	-0.083923
-2.005615	1.949768	1.012878	-0.132141
-1.972046	1.929321	1.007080	-0.071106
-1.906433	1.916199	0.981445	0.029602
-1.862793	1.910706	0.895081	0.183716
-1.799316	1.867371	0.739441	0.446777
-1.675720	1.770325	0.510254	0.808411
-1.486816	1.599731	0.227356	1.247559
-1.276245	1.380615	-0.079041	1.682434
-1.070862	1.133728	-0.386963	2.108765
-0.869446	0.844421	-0.658875	2.541199
-0.653992	0.557251	-0.879822	3.017578
-0.402832	0.291443	-1.087341	3.473206
-0.136719	0.039673	-1.274109	3.835144
0.127258	-0.227356	-1.411438	4.090576
0.364990	-0.514221	-1.438293	4.241333
0.568237	-0.755005	-1.336670	4.327393
0.748596	-0.953979	-1.142578	4.351501
0.911560	-1.154785	-0.894470	4.298401
1.069641	-1.382446	-0.602417	4.162598
1.189880	-1.611938	-0.242920	3.911438
1.265869	-1.833801	0.183716	3.544922
1.336670	-2.020569	0.636292	3.082275
1.381531	-2.189026	1.093140	2.563782
1.418457	-2.388611	1.546021	1.992188
1.452332	-2.616272	1.968994	1.364746
1.455994	-2.854919	2.369690	0.720825
1.439209	-3.060303	2.747192	0.044861
1.393738	-3.254089	3.083496	-0.649109
1.315613	-3.396912	3.360291	-1.334839
1.265564	-3.466187	3.537598	-1.963501
1.232300	-3.504944	3.663330	-2.510681
1.199036	-3.509827	3.749084	-3.013306
1.169434	-3.498840	3.746033	-3.459473
1.138611	-3.475952	3.671875	-3.832092
1.123352	-3.415833	3.549500	-4.129944
1.105652	-3.331604	3.344421	-4.355774
1.120911	-3.222351	3.049316	-4.497681
1.150818	-3.127747	2.686157	-4.552612
1.150208	-3.059387	2.262268	-4.514465
1.120300	-2.993774	1.783752	-4.383850
1.036377	-2.884827	1.252441	-4.165955
0.972290	-2.728882	0.667114	-3.895569
0.913391	-2.499084	0.072632	-3.572388
0.833435	-2.242737	-0.513306	-3.201294
0.774841	-2.000122	-1.073303	-2.816467
0.696411	-1.756287	-1.633606	-2.396851
0.594177	-1.441650	-2.177124	-1.962585
0.483398	-1.092529	-2.649536	-1.549072
0.369568	-0.757141	-3.059998	-1.141052
0.280762	-0.410156	-3.430481	-0.715942
0.237122	-0.022278	-3.753357	-0.290833
0.213318	0.412903	-4.021912	0.133667
0.162964	0.840759	-4.226074	0.536194
0.090027	1.236877	-4.364624	0.928955
0.026550	1.596680	-4.436035	1.271667
-0.018616	1.949768	-4.421997	1.519165
-0.031128	2.315369	-4.377747	1.664429
-0.012207	2.640991	-4.283447	1.746216
-0.010681	2.949524	-4.089661	1.741943
-0.069580	3.257751	-3.824158	1.679993
-0.144348	3.554993	-3.496094	1.549683
-0.205383	3.821716	-3.106079	1.369629
-0.259399	4.044800	-2.691345	1.183472
-0.314331	4.215088	-2.245789	0.990601
-0.362549	4.362183	-1.783447	0.790710
-0.419312	4.487000	-1.327820	0.577698
-0.478210	4.581604	-0.898132	0.368042
-0.540466	4.661560	-0.448303	0.195618
-0.583801	4.682922	0.021362	0.008545
-0.643005	4.579773	0.467834	-0.181274
-0.730286	4.449158	0.870056	-0.321960
-0.798340	4.358826	1.259460	-0.445251
-0.850220	4.270325	1.592407	-0.553894
-0.931396	4.185486	1.876831	-0.620422
-0.989990	4.006958	2.121887	-0.682678
-1.059875	3.789368	2.283020	-0.687561
-1.145935	3.579102	2.361755	-0.667419
-1.248779	3.377075	2.312012	-0.604248
-1.313477	3.110962	2.205200	-0.464478
-1.347351	2.748718	2.008057	-0.267029
-1.372070	2.311401	1.713867	-0.005493
-1.301575	1.850281	1.361389	0.284729
-1.251831	1.354980	0.974731	0.594788
-1.222534	0.840759	0.569153	0.946045
-1.100769	0.252075	0.109558	1.316223
-0.975342	-0.396729	-0.378113	1.667786
-0.855103	-1.031494	-0.844116	2.007446
-0.698242	-1.649475	-1.299133	2.353210
-0.556641	-2.270508	-1.707764	2.657471
-0.395813	-2.862244	-2.045898	2.905273
-0.222473	-3.465576	-2.301025	3.081360
-0.057983	-4.060669	-2.456055	3.193359
0.111694	-4.662476	-2.513123	3.254395
0.254517	-5.180969	-2.466431	3.262939
0.433044	-5.646057	-2.330933	3.215027
0.555115	-6.089478	-2.100220	3.078003
0.661926	-6.479492	-1.781311	2.922058
0.783386	-6.800842	-1.392517	2.747192
0.867310	-7.000732	-0.920410	2.483826
0.941467	-7.105713	-0.405273	2.156372
0.995789	-7.142029	0.119324	1.779785
0.999756	-6.993408	0.675659	1.322327
1.003723	-6.697083	1.267090	0.827637
1.014099	-6.273193	1.878052	0.276184
1.027527	-5.756531	2.478943	-0.312500
1.015320	-5.179749	3.061523	-0.878906
1.014404	-4.556885	3.618469	-1.445313
0.997009	-3.888245	4.176941	-1.958618
0.919189	-3.221741	4.691467	-2.424622
0.835571	-2.569885	5.089722	-2.899475
0.769958	-1.914368	5.373535	-3.341675
0.740967	-1.247559	5.531006	-3.681641
0.699158	-0.635071	5.571899	-3.930359
0.629578	-0.030518	5.539246	-4.165344
0.541077	0.535583	5.408325	-4.331665
0.422668	1.029663	5.186768	-4.443665
0.338745	1.528625	4.894714	-4.544678
0.236816	2.001038	4.501953	-4.566345
0.096436	2.420654	4.045105	-4.473572
-0.053711	2.803345	3.498535	-4.327698
-0.184326	3.134766	2.894897	-4.137878
-0.315247	3.428955	2.312622	-3.896790
-0.446472	3.682251	1.691895	-3.580933
-0.501099	3.882751	1.036682	-3.190613
-0.554810	4.021912	0.356750	-2.776489
-0.627441	4.175720	-0.341187	-2.339783
-0.662537	4.328918	-1.033936	-1.917419
-0.678406	4.457092	-1.711731	-1.494141
-0.679016	4.558411	-2.315979	-1.066284
-0.621643	4.584961	-2.868347	-0.670166
-0.522156	4.551697	-3.367310	-0.284729
-0.422974	4.508667	-3.789978	0.090942
-0.349426	4.476929	-4.139404	0.431213
-0.274048	4.432678	-4.398804	0.707092
-0.200500	4.358826	-4.553833	0.949707
-0.112305	4.300232	-4.629822	1.195068
-0.000610	4.242249	-4.601135	1.408081
0.093689	4.128418	-4.492798	1.593628
0.183105	4.006958	-4.361877	1.750488
0.284119	3.883362	-4.158936	1.853943
0.383301	3.725281	-3.859863	1.929932
0.476074	3.536987	-3.514099	1.973877
0.540771	3.366699	-3.128052	1.973877
0.585327	3.226929	-2.715149	1.977539
0.594177	3.107605	-2.322693	1.968994
0.572815	3.035889	-1.929321	1.929321
0.538635	2.969666	-1.504211	1.868591
0.450745	2.932434	-1.078796	1.818542
0.343933	2.938843	-0.662842	1.764832
0.220032	2.922363	-0.288391	1.729126
0.072327	2.921753	0.034485	1.716309
-0.069275	2.906494	0.323792	1.689148
-0.244446	2.838135	0.575562	1.661072
-0.413818	2.732239	0.792236	1.658325
-0.553589	2.600098	0.939331	1.664429
-0.668030	2.392273	0.994873	1.708679
-0.748596	2.173157	0.950928	1.792297
-0.819702	1.924744	0.860596	1.869202
-0.867004	1.674194	0.781250	1.953430
-0.897522	1.432190	0.662537	2.030029
-0.894775	1.146545	0.521240	2.075500
-0.868530	0.848694	0.367432	2.106018
-0.808411	0.498657	0.247498	2.138367
-0.699463	0.123291	0.149231	2.156067
-0.593872	-0.263367	0.086670	2.149658
-0.526123	-0.671082	0.035706	2.091675
-0.463867	-1.048279	0.034180	1.995850
-0.396118	-1.444092	0.096741	1.896362
-0.301514	-1.842041	0.126953	1.800232
-0.195007	-2.191162	0.173035	1.699219
-0.096741	-2.552490	0.269470	1.549988
-0.022888	-2.930908	0.383606	1.356506
0.019531	-3.265991	0.484009	1.126099
0.077820	-3.577271	0.646057	0.873108
0.125122	-3.860168	0.851440	0.580444
0.123596	-4.128113	1.086731	0.226135
0.118408	-4.400940	1.405945	-0.162354
0.125427	-4.664612	1.817627	-0.563049
0.122681	-4.870300	2.252502	-1.007080
0.108643	-5.031433	2.663269	-1.458435
0.118713	-5.237732	3.088989	-1.860657
0.107422	-5.469055	3.488464	-2.258301
0.072937	-5.580750	3.871155	-2.625427
0.087891	-5.617371	4.237366	-2.940674
0.090332	-5.590820	4.573975	-3.206177
0.078735	-5.450745	4.772949	-3.411865
0.096130	-5.187988	4.892883	-3.528137
0.147095	-4.848633	4.968872	-3.662415
0.185242	-4.454346	4.925232	-3.750916
0.198059	-3.999023	4.714661	-3.739319
0.242920	-3.523254	4.415588	-3.680725
0.283203	-3.044434	4.076843	-3.606262
0.269775	-2.572327	3.677673	-3.415222
0.304260	-2.084656	3.210754	-3.179321
0.339050	-1.560059	2.695618	-2.964172
0.308533	-1.037598	2.095032	-2.677002
0.313416	-0.585022	1.443787	-2.270813
0.363159	-0.194092	0.768433	-1.831360
0.357361	0.198669	0.079651	-1.390686
0.375061	0.580139	-0.575562	-0.896301
0.415649	0.914001	-1.183777	-0.427551
0.452881	1.192322	-1.769409	0.058594
0.472412	1.479492	-2.397766	0.583801
0.460510	1.746216	-2.942810	1.086731
0.457153	1.954041	-3.438721	1.576233
0.455322	2.076416	-3.868713	2.041626
0.429382	2.132263	-4.267883	2.421875
0.408020	2.180481	-4.617004	2.733154
0.390320	2.133179	-4.900513	2.971497
0.340576	2.069397	-5.115051	3.131104
0.326233	1.956787	-5.205688	3.220215
0.314941	1.788330	-5.238647	3.182983
0.303345	1.618958	-5.254211	3.052673
0.310669	1.454163	-5.280151	2.855225
0.334167	1.257019	-5.268555	2.590637
0.358276	1.080322	-5.221863	2.234192
0.404663	0.955200	-5.145874	1.836548
0.420227	0.805359	-5.007629	1.379089
0.392761	0.743408	-4.828796	0.935059
0.385742	0.726929	-4.588013	0.548401
0.376587	0.776672	-4.284363	0.185852
0.351563	0.874939	-3.895569	-0.178833
0.296021	0.981750	-3.445129	-0.534668
0.263672	1.119690	-2.947693	-0.793457
0.231018	1.283264	-2.425537	-1.011353
0.171204	1.476135	-1.837463	-1.174011
0.113525	1.683350	-1.209412	-1.309204
0.011292	1.953125	-0.575256	-1.380310
-0.073242	2.283936	0.041809	-1.412964
-0.152283	2.626648	0.624390	-1.371765
-0.277710	2.935486	1.179199	-1.270142
-0.404358	3.189392	1.703796	-1.101990
-0.513611	3.428955	2.126770	-0.881348
-0.591736	3.646240	2.511597	-0.656128
-0.688477	3.797302	2.870483	-0.398560
-0.803223	3.851929	3.139954	-0.095825
-0.855713	3.808899	3.334045	0.234985
-0.900574	3.710022	3.461914	0.573425
-0.905151	3.591309	3.568115	0.887756
-0.871887	3.422852	3.601074	1.129150
-0.830994	3.174438	3.540955	1.393127
-0.780640	2.883301	3.404541	1.665344
-0.700073	2.532349	3.229065	1.883240
-0.598755	2.151794	2.964172	2.084961
-0.498047	1.762390	2.676697	2.229614
-0.341492	1.300049	2.414551	2.278748
-0.191956	0.816650	2.156677	2.308960
-0.065918	0.225830	1.945801	2.319946
0.044556	-0.454407	1.725159	2.269897
0.129700	-1.161194	1.473999	2.167053
0.180664	-1.818848	1.263428	2.030640
0.245667	-2.499390	1.105347	1.847534
0.278320	-3.175049	0.961914	1.633301
0.287476	-3.826294	0.884399	1.428833
0.296326	-4.482117	0.893555	1.203613
0.298157	-5.101624	0.918274	0.941772
0.302124	-5.643616	0.938721	0.694885
0.284119	-6.127930	1.032104	0.515747
0.268250	-6.527710	1.172791	0.316467
0.252991	-6.821899	1.300659	0.117188
0.238037	-7.184143	1.500549	-0.049438
0.247192	-7.505798	1.749573	-0.194702
0.260620	-7.657776	1.958923	-0.340271
0.267334	-7.700195	2.160339	-0.444336
0.297241	-7.672729	2.368469	-0.468445
0.320740	-7.483521	2.515564	-0.477295
0.300598	-7.073059	2.601318	-0.486755
0.286560	-6.506042	2.664795	-0.523987
0.296631	-5.850220	2.612915	-0.563354
0.265198	-5.098572	2.456665	-0.548096
0.234985	-4.290466	2.237549	-0.509338
0.252075	-3.433838	1.981812	-0.524902
0.209961	-2.521973	1.682129	-0.525208
0.143127	-1.608887	1.291504	-0.544739
0.095825	-0.733337	0.814514	-0.616760
0.034485	0.084534	0.286560	-0.607605
-0.032349	0.836182	-0.271301	-0.502319
-0.096741	1.540222	-0.836182	-0.431824
-0.158997	2.219849	-1.317749	-0.440674
-0.242310	2.792664	-1.734619	-0.401001
-0.311584	3.235168	-2.111206	-0.322571
-0.357056	3.631592	-2.448730	-0.284424
-0.430908	3.984070	-2.735291	-0.208435
-0.498657	4.270020	-2.973938	-0.116272
-0.535278	4.529419	-3.110046	-0.062256
-0.525818	4.674683	-3.118286	-0.055237
-0.538940	4.745483	-3.089294	-0.064392
-0.503235	4.733582	-3.052979	-0.086365
-0.451660	4.633179	-2.972107	-0.141602
-0.452576	4.525146	-2.858582	-0.216675
-0.449829	4.442749	-2.731018	-0.361023
-0.408936	4.319153	-2.624817	-0.549622
-0.364685	4.204712	-2.554626	-0.798340
-0.297546	4.148560	-2.483215	-1.097412
-0.229492	4.024048	-2.375183	-1.470032
-0.110474	3.882446	-2.258301	-1.877136
0.000000	3.760681	-2.168274	-2.287903
0.039368	3.655396	-2.075806	-2.687988
0.087891	3.568115	-1.983948	-3.047791
0.129700	3.500061	-1.894531	-3.383484
0.181885	3.436584	-1.782837	-3.649597
0.231628	3.346252	-1.620483	-3.870239
0.281677	3.231506	-1.483154	-4.025879
0.336304	3.155212	-1.387634	-4.025879
0.362244	3.092957	-1.279602	-3.923340
0.345459	3.009644	-1.105347	-3.777771
0.308533	2.871704	-0.897217	-3.558655
0.223694	2.702332	-0.677795	-3.258667
0.162659	2.502441	-0.470886	-2.918091
0.071411	2.308350	-0.241089	-2.554016
-0.011597	2.103882	-0.013733	-2.156677
-0.095215	1.900024	0.168152	-1.716614
-0.204163	1.673279	0.313416	-1.252747
-0.297241	1.445313	0.435181	-0.788574
-0.399170	1.196594	0.501099	-0.305786
-0.488892	0.900879	0.533142	0.170288
-0.554199	0.621033	0.549316	0.651245
-0.582581	0.372314	0.522461	1.110535
-0.557556	0.142212	0.467529	1.524048
-0.456848	-0.100403	0.401001	1.877136
-0.322266	-0.336914	0.302429	2.195435
-0.184326	-0.584106	0.217590	2.462769
-0.018311	-0.816650	0.184631	2.661743
0.126038	-1.029053	0.146484	2.828674
0.267029	-1.225281	0.144958	2.961731
0.410767	-1.407776	0.202026	3.016357
0.563660	-1.603394	0.291443	2.998047
0.686340	-1.813049	0.437012	2.928162
0.754700	-2.082520	0.621643	2.821960
0.763855	-2.361145	0.775757	2.655640
0.737915	-2.618103	0.959778	2.442322
0.716553	-2.882385	1.223450	2.169189
0.680542	-3.186340	1.506653	1.840210
0.607300	-3.509827	1.777344	1.502686
0.460815	-3.852234	2.077026	1.185608
0.304871	-4.209900	2.384338	0.874939
0.142517	-4.522400	2.645569	0.567627
0.014038	-4.736023	2.855835	0.269165
-0.117798	-4.892883	3.030396	-0.014648
-0.284424	-4.988403	3.178406	-0.274353
-0.469666	-5.000305	3.297119	-0.506287
-0.623169	-4.934387	3.400574	-0.699463
-0.719604	-4.805298	3.496399	-0.884094
-0.821533	-4.597473	3.539734	-1.058350
-0.914612	-4.283142	3.522339	-1.170349
-0.940552	-3.870850	3.446960	-1.269836
-0.961609	-3.392029	3.296204	-1.342773
-0.983276	-2.867432	3.023376	-1.387634
-0.966797	-2.260742	2.685547	-1.418152
-0.950317	-1.574707	2.315979	-1.402893
-0.940857	-0.838623	1.911926	-1.300659
-0.910339	-0.090637	1.481323	-1.214600
-0.834656	0.641479	1.046753	-1.152954
-0.743408	1.350098	0.601196	-1.042175
-0.661621	2.009888	0.136719	-0.870361
-0.551147	2.605896	-0.316162	-0.680542
-0.439148	3.167114	-0.714417	-0.517273
-0.355225	3.699951	-1.044617	-0.334778
-0.261230	4.177246	-1.333313	-0.120239
-0.168457	4.566956	-1.593933	0.114136
-0.083618	4.826660	-1.822510	0.380859
0.006104	5.002441	-1.997986	0.679016
0.116882	5.119934	-2.132568	0.989380
0.242004	5.130615	-2.256165	1.284485
0.345154	5.113220	-2.380981	1.540222
0.464172	5.062866	-2.476807	1.758728
0.571289	4.956970	-2.521362	1.901855
0.671692	4.767456	-2.534485	1.962891
0.755005	4.518433	-2.549438	1.972351
0.803833	4.186401	-2.539368	1.918640
0.822754	3.832397	-2.532654	1.802979
0.840454	3.460693	-2.550354	1.630859
0.875854	3.025513	-2.562256	1.361389
0.909729	2.551880	-2.580261	1.005859
0.929871	2.070618	-2.622375	0.595398
0.931091	1.618042	-2.691040	0.158691
0.920105	1.161499	-2.741089	-0.294189
0.913391	0.755005	-2.760620	-0.737915
0.922241	0.375977	-2.774963	-1.143799
0.914612	-0.020752	-2.791748	-1.527100
0.881653	-0.412903	-2.835693	-1.895142
0.835266	-0.765381	-2.869873	-2.146301
0.776978	-1.096497	-2.875671	-2.333679
0.700378	-1.390076	-2.843933	-2.471313
0.600586	-1.603394	-2.758484	-2.534180
0.477295	-1.739807	-2.634583	-2.533875
0.335388	-1.836243	-2.497253	-2.467957
0.206604	-1.932373	-2.333679	-2.348328
0.065918	-2.008972	-2.110291	-2.180176
-0.091248	-2.037659	-1.850281	-1.966858
-0.227356	-2.040100	-1.592407	-1.727295
-0.347290	-1.997986	-1.334839	-1.476746
-0.434265	-1.880493	-1.065063	-1.225891
-0.502319	-1.726685	-0.793457	-1.002502
-0.535889	-1.570129	-0.531006	-0.792236
-0.574951	-1.416016	-0.296326	-0.569763
-0.616760	-1.233215	-0.069275	-0.353699
-0.615540	-1.072083	0.159912	-0.158081
-0.586548	-0.962524	0.394897	0.044556
-0.537415	-0.895386	0.650940	0.256042
-0.467834	-0.852966	0.896606	0.386353
-0.382690	-0.835266	1.122131	0.438538
-0.286865	-0.877075	1.330872	0.486145
-0.166931	-0.950012	1.548157	0.531921
-0.049744	-1.055603	1.766968	0.545044
0.051270	-1.200867	1.989746	0.529785
0.141296	-1.389160	2.190247	0.517273
0.211487	-1.608582	2.357483	0.480652
0.258179	-1.820984	2.525940	0.413513
0.287781	-2.033081	2.710266	0.339050
0.290222	-2.256165	2.886353	0.281067
0.258179	-2.490845	3.041077	0.237427
0.219421	-2.737122	3.184509	0.187378
0.143127	-2.984619	3.308411	0.142517
0.038452	-3.221436	3.402710	0.119324
-0.079346	-3.488770	3.458252	0.087891
-0.199280	-3.732300	3.461609	0.057983
-0.303040	-3.903809	3.406372	0.038757
-0.394897	-4.023438	3.325806	0.039368
-0.462341	-4.081421	3.217468	0.058899
-0.527039	-4.091187	3.072815	0.102234
-0.573730	-4.063110	2.875977	0.181580
-0.586243	-3.971863	2.618408	0.276489
-0.570068	-3.795471	2.322388	0.388489
-0.533142	-3.580322	1.990051	0.526123
-0.500183	-3.339539	1.646729	0.705261
-0.473633	-3.066406	1.284790	0.906372
-0.453491	-2.762451	0.907593	1.148682
-0.437317	-2.435608	0.518188	1.390381
-0.408325	-2.106323	0.104980	1.599731
-0.370178	-1.755371	-0.324402	1.786194
-0.328979	-1.358337	-0.758362	1.977844
-0.286560	-0.961914	-1.182556	2.157898
-0.249023	-0.584412	-1.582947	2.316895
-0.212708	-0.217590	-1.950684	2.442017
-0.175781	0.144348	-2.291870	2.544250
-0.145264	0.479736	-2.576294	2.626953
-0.127258	0.783997	-2.823181	2.693176
-0.094910	1.051331	-3.020020	2.747192
-0.039978	1.285400	-3.157349	2.774963
0.007019	1.485901	-3.211670	2.767944
0.050659	1.651001	-3.185120	2.745667
0.097656	1.763000	-3.108826	2.704163
0.166016	1.857910	-2.984314	2.625122
0.255127	1.934814	-2.805481	2.508240
0.364685	2.012939	-2.549744	2.337036
0.472717	2.067566	-2.241211	2.137146
0.566406	2.086182	-1.923523	1.903687
0.643311	2.119751	-1.608887	1.601257
0.699463	2.160950	-1.296692	1.253967
0.753479	2.171021	-1.013794	0.874023
0.826111	2.162170	-0.746460	0.460510
0.883789	2.160950	-0.471191	0.027771
0.914307	2.158203	-0.191956	-0.415955
0.924988	2.155151	0.076904	-0.853882
0.901489	2.145996	0.304260	-1.264343
0.839233	2.133484	0.491638	-1.636963
0.760193	2.156372	0.644836	-1.972351
0.689392	2.185059	0.761719	-2.269897
0.618286	2.219238	0.860291	-2.513733
0.539551	2.278442	0.942383	-2.709351
0.452271	2.344055	0.981140	-2.857361
0.351868	2.393799	0.968933	-2.943726
0.239563	2.440491	0.916138	-2.971802
0.119019	2.489014	0.851135	-2.944641
-0.003052	2.526245	0.798950	-2.869263
-0.129395	2.534485	0.756531	-2.754822
-0.246277	2.533569	0.722046	-2.606812
-0.360413	2.517700	0.685425	-2.426453
-0.467834	2.461853	0.627441	-2.253113
-0.567627	2.367554	0.554199	-2.075806
-0.653381	2.230225	0.491028	-1.897583
-0.736694	2.041321	0.433655	-1.718140
-0.802612	1.830139	0.370789	-1.539917
-0.820923	1.607666	0.304565	-1.366577
-0.812073	1.371765	0.248718	-1.212158
-0.775757	1.116028	0.208130	-1.089172
-0.699768	0.867004	0.183716	-0.966187
-0.592041	0.618896	0.181885	-0.838928
-0.476074	0.358582	0.177612	-0.704956
-0.347900	0.097046	0.191650	-0.552979
-0.196838	-0.174255	0.243835	-0.385437
-0.048218	-0.451965	0.320740	-0.207520
0.091248	-0.729370	0.418701	-0.017090
0.216980	-1.015625	0.537415	0.161438
0.324097	-1.303101	0.661621	0.329285
0.414124	-1.589050	0.777893	0.510254
0.494690	-1.871338	0.899963	0.683594
0.546875	-2.143250	1.020508	0.845337
0.567017	-2.395325	1.128845	0.995178
0.557556	-2.645264	1.220093	1.121826
0.521545	-2.892761	1.305237	1.237793
0.461426	-3.130798	1.380005	1.342163
0.379028	-3.334961	1.451416	1.436157
0.274658	-3.486328	1.514282	1.526794
0.155334	-3.587036	1.540222	1.596069
0.027466	-3.635254	1.538696	1.644897
-0.104675	-3.623047	1.508484	1.665039
-0.241699	-3.558044	1.455688	1.670227
-0.369568	-3.457031	1.381226	1.657104
-0.488281	-3.300781	1.284485	1.640625
-0.592957	-3.092346	1.162415	1.615295
-0.686951	-2.835693	1.011353	1.576843
-0.771790	-2.554016	0.834656	1.522522
-0.847778	-2.233582	0.604553	1.445313
-0.924683	-1.885071	0.320435	1.337280
-0.986023	-1.528931	0.005798	1.220093
-1.029053	-1.167297	-0.314331	1.123047
-1.058960	-0.802002	-0.624084	1.036987
-1.072388	-0.429993	-0.929871	0.941162
-1.074829	-0.053406	-1.217651	0.827942
-1.071167	0.326538	-1.477661	0.727234
-1.063232	0.694580	-1.718140	0.613403
-1.046448	1.045227	-1.925049	0.483398
-1.012573	1.378784	-2.086792	0.362244
-0.961609	1.697083	-2.181396	0.237122
-0.900269	2.010498	-2.200623	0.099487
-0.821533	2.290649	-2.138672	-0.044861
-0.721130	2.534790	-2.010193	-0.191040
-0.599365	2.735291	-1.835632	-0.331421
-0.462952	2.907410	-1.602783	-0.453491
-0.314331	3.051758	-1.315918	-0.556641
-0.149231	3.162537	-1.001892	-0.657654
0.025635	3.225098	-0.674438	-0.764465
0.201416	3.248901	-0.340576	-0.888062
0.360107	3.252258	-0.018311	-1.013794
0.498962	3.209229	0.285034	-1.130676
0.619202	3.128662	0.557251	-1.255188
0.718079	3.054199	0.801086	-1.368713
0.804138	2.965088	1.008301	-1.475525
0.885010	2.861328	1.164856	-1.567383
0.960083	2.732544	1.251831	-1.637573
1.016235	2.582092	1.282043	-1.687622
1.054077	2.423096	1.285400	-1.729431
1.073303	2.269897	1.247559	-1.746521
1.083984	2.120056	1.178284	-1.748352
1.083679	1.965027	1.083069	-1.738892
1.066895	1.811218	0.953979	-1.711731
1.043396	1.653137	0.796814	-1.657410
0.996704	1.505127	0.631714	-1.570129
0.926514	1.365051	0.453491	-1.470947
0.850220	1.228333	0.270081	-1.349792
0.762634	1.091003	0.086670	-1.208496
0.667114	0.960388	-0.096741	-1.051941
0.567322	0.833435	-0.282898	-0.874023
0.451660	0.686646	-0.462646	-0.685120
0.332947	0.525513	-0.635681	-0.491638
0.216675	0.350037	-0.803833	-0.303955
0.112915	0.174255	-0.949097	-0.129395
0.022583	-0.008240	-1.082153	0.025024
-0.050659	-0.199280	-1.196594	0.157776
-0.115051	-0.390625	-1.278687	0.280151
-0.152588	-0.562744	-1.324463	0.390015
-0.171509	-0.723267	-1.344910	0.476990
-0.173645	-0.878601	-1.328430	0.535583
-0.153198	-1.024475	-1.259155	0.570679
-0.105591	-1.171875	-1.151428	0.582581
-0.037537	-1.319275	-1.013489	0.582581
0.038757	-1.465454	-0.847168	0.578308
0.101318	-1.597290	-0.663757	0.558167
0.143127	-1.712646	-0.463562	0.532837
0.183716	-1.805115	-0.248413	0.513611
0.228577	-1.868896	-0.035095	0.494690
0.278015	-1.921082	0.178528	0.471802
0.312500	-1.972351	0.383911	0.460205
0.329590	-2.017822	0.588379	0.457458
0.326538	-2.065430	0.793457	0.454407
0.305176	-2.108459	0.987854	0.456543
0.276489	-2.142029	1.183472	0.455322
0.245667	-2.161255	1.370239	0.454407
0.195007	-2.157288	1.534119	0.463257
0.126953	-2.140503	1.679077	0.478516
0.050049	-2.101746	1.802673	0.489807
-0.053101	-2.031860	1.909180	0.486755
-0.173340	-1.925964	1.983337	0.476685
-0.288696	-1.772766	2.033997	0.469360
-0.399170	-1.571045	2.055969	0.495605
-0.503845	-1.318970	2.047424	0.543213
-0.598755	-1.035767	2.002258	0.601501
-0.686951	-0.723877	1.904907	0.686340
-0.767517	-0.397339	1.773682	0.781250
-0.831299	-0.072937	1.601868	0.884399
-0.875854	0.240784	1.378174	0.989990
-0.907898	0.531006	1.131287	1.091309
-0.930786	0.800476	0.860291	1.184692
-0.945740	1.043091	0.557251	1.272888
-0.943298	1.249695	0.232239	1.350708
-0.923157	1.418457	-0.104980	1.394043
-0.877380	1.547852	-0.440369	1.406555
-0.817261	1.629028	-0.764771	1.403809
-0.748291	1.658630	-1.082153	1.385803
-0.682068	1.621399	-1.381226	1.351624
-0.622253	1.557617	-1.635437	1.303406
-0.548706	1.472168	-1.835022	1.227112
-0.455017	1.336060	-1.988831	1.124268
-0.364075	1.176453	-2.093811	1.017456
-0.269775	1.008911	-2.147827	0.894470
-0.170898	0.833130	-2.158813	0.750427
-0.073853	0.642700	-2.115173	0.594177
0.025635	0.438843	-2.042236	0.438843
0.124207	0.224304	-1.950073	0.264587
0.220642	-0.005798	-1.836548	0.064392
0.312805	-0.248718	-1.697998	-0.139160
0.409851	-0.516052	-1.516724	-0.352173
0.507202	-0.813293	-1.329346	-0.582275
0.594788	-1.130371	-1.152954	-0.807800
0.681152	-1.459961	-1.003113	-0.990295
0.756531	-1.769409	-0.870667	-1.128845
0.827332	-2.043762	-0.749512	-1.246033
0.908203	-2.294312	-0.642395	-1.338806
0.981750	-2.528381	-0.544128	-1.398010
1.035156	-2.713318	-0.481262	-1.421814
1.076660	-2.802124	-0.456238	-1.418457
1.108398	-2.825012	-0.448914	-1.388550
1.134644	-2.797852	-0.451660	-1.343994
1.143188	-2.702026	-0.461426	-1.291809
1.122131	-2.524414	-0.479431	-1.235046
1.075439	-2.285461	-0.497131	-1.162109
1.010437	-1.990967	-0.507202	-1.076660
0.927429	-1.663208	-0.498047	-0.983276
0.825195	-1.318970	-0.458984	-0.882568
0.708923	-0.967102	-0.410767	-0.778809
0.589905	-0.604858	-0.368958	-0.697632
0.468445	-0.231323	-0.332031	-0.669861
0.342712	0.122681	-0.298767	-0.679321
0.227661	0.424805	-0.272217	-0.693359
0.118408	0.690613	-0.233765	-0.718384
0.007629	0.939941	-0.166626	-0.773010
-0.099182	1.159058	-0.080872	-0.849609
-0.195618	1.331482	0.006104	-0.917969
-0.272827	1.455994	0.102844	-0.986023
-0.330200	1.532898	0.201111	-1.048584
-0.376892	1.559448	0.301819	-1.114807
-0.405273	1.547546	0.410156	-1.174011
-0.404358	1.518555	0.526733	-1.221619
-0.393677	1.459045	0.659790	-1.276245
-0.374451	1.346436	0.794983	-1.336060
-0.341187	1.199951	0.917053	-1.385803
-0.297546	1.049500	1.020203	-1.424255
-0.249023	0.899048	1.109009	-1.458435
-0.197144	0.752869	1.172791	-1.481018
-0.148926	0.614929	1.207581	-1.480713
-0.115356	0.489197	1.232605	-1.467285
-0.083313	0.353394	1.261597	-1.442566
-0.050049	0.206299	1.289978	-1.397095
-0.034790	0.060730	1.317139	-1.313477
-0.035400	-0.085449	1.340027	-1.188965
-0.043945	-0.215149	1.354370	-1.027832
-0.055542	-0.339355	1.366577	-0.832520
-0.053406	-0.447998	1.363220	-0.609131
-0.040588	-0.524292	1.343994	-0.345154
-0.038147	-0.573730	1.311646	-0.039978
-0.044556	-0.597839	1.265564	0.302124
-0.057068	-0.580444	1.209106	0.670166
-0.067139	-0.509949	1.150513	1.059875
-0.090637	-0.404663	1.080933	1.459656
-0.127563	-0.282898	0.993042	1.849670
-0.173645	-0.137634	0.880737	2.229004
-0.231628	0.017090	0.763245	2.592163
-0.288086	0.185852	0.635681	2.928162
-0.347900	0.368042	0.496521	3.208313
-0.408325	0.547180	0.345459	3.424377
-0.474854	0.720215	0.167236	3.574829
-0.532227	0.873108	-0.039978	3.674927
-0.570984	0.993652	-0.257263	3.739624
-0.594482	1.080017	-0.476074	3.760376
-0.609131	1.143494	-0.692444	3.720398
-0.607300	1.195984	-0.906677	3.625793
-0.595703	1.241455	-1.115417	3.481445
-0.568542	1.270447	-1.307678	3.287964
-0.535583	1.266785	-1.466370	3.053284
-0.503540	1.224060	-1.571350	2.788391
-0.475159	1.158142	-1.614990	2.485962
-0.447998	1.086121	-1.608582	2.148438
-0.412292	1.002502	-1.544189	1.785889
-0.363464	0.908508	-1.435547	1.409302
-0.299683	0.800476	-1.289368	1.018677
-0.239258	0.666504	-1.103516	0.617981
-0.188599	0.523682	-0.885010	0.205688
-0.138855	0.389404	-0.657043	-0.195618
-0.083313	0.259399	-0.425110	-0.574646
-0.021667	0.137329	-0.182190	-0.936584
0.040894	0.014954	0.072327	-1.276245
0.091248	-0.108948	0.331726	-1.592407
0.133362	-0.223083	0.566101	-1.867371
0.166931	-0.315552	0.763550	-2.100220
0.198975	-0.371094	0.928650	-2.287598
0.229797	-0.384827	1.064758	-2.425232
0.258484	-0.369263	1.161194	-2.514648
0.286865	-0.327454	1.229858	-2.558899
0.298157	-0.261230	1.272583	-2.561035
0.309753	-0.174561	1.285095	-2.537537
0.330505	-0.082703	1.276855	-2.502441
0.349121	0.019531	1.247864	-2.440796
0.362549	0.145874	1.189575	-2.357788
0.368347	0.296631	1.105347	-2.260132
0.364380	0.465698	0.998840	-2.143555
0.342102	0.661621	0.878906	-2.023315
0.307617	0.879517	0.759277	-1.921997
0.264282	1.103821	0.638733	-1.842651
0.201416	1.325378	0.510864	-1.774597
0.128479	1.537781	0.383301	-1.718445
0.051270	1.723633	0.254822	-1.676941
-0.030212	1.870117	0.136719	-1.648865
-0.111694	1.973877	0.028076	-1.636353
-0.189514	2.048340	-0.076904	-1.627197
-0.252380	2.080383	-0.178833	-1.611633
-0.289001	2.053223	-0.274353	-1.585083
-0.304260	1.977539	-0.355530	-1.541138
-0.298462	1.876831	-0.426025	-1.482239
-0.274658	1.744995	-0.480957	-1.408081
-0.239868	1.573792	-0.532532	-1.319275
-0.190735	1.372986	-0.576172	-1.223755
-0.127563	1.158142	-0.597229	-1.134949
-0.046387	0.928955	-0.600891	-1.036072
0.044556	0.696411	-0.599670	-0.914612
0.128479	0.463562	-0.588074	-0.788269
0.197449	0.222473	-0.552673	-0.678711
0.242310	-0.021667	-0.498657	-0.571289
0.280762	-0.274048	-0.440674	-0.467224
0.314941	-0.524597	-0.400391	-0.370483
0.341797	-0.761108	-0.371704	-0.280457
0.351563	-0.979004	-0.352173	-0.183105
0.348206	-1.187134	-0.337524	-0.087280
0.337830	-1.376343	-0.326233	-0.007629
0.310974	-1.537476	-0.314941	0.075684
0.269165	-1.669617	-0.316467	0.170898
0.221252	-1.777344	-0.338440	0.272827
0.163879	-1.863708	-0.371399	0.376892
0.097351	-1.956177	-0.396118	0.490723
0.027161	-2.021484	-0.411682	0.626831
-0.047607	-2.028503	-0.425720	0.790710
-0.122375	-2.000122	-0.438843	0.970459
-0.195923	-1.931763	-0.445862	1.163330
-0.263977	-1.799011	-0.448608	1.365051
-0.342712	-1.597290	-0.450745	1.577148
-0.422363	-1.333923	-0.459595	1.791687
-0.490112	-1.043396	-0.496521	2.006836
-0.550537	-0.737305	-0.540161	2.203369
-0.600891	-0.419617	-0.568542	2.372131
-0.645447	-0.103149	-0.571594	2.508545
-0.679626	0.205994	-0.553284	2.600708
-0.698242	0.509033	-0.533142	2.626038
-0.716553	0.798340	-0.503235	2.598572
-0.731812	1.055603	-0.457458	2.553711
-0.737610	1.271057	-0.380859	2.489929
-0.728149	1.444397	-0.270081	2.385559
-0.700073	1.592407	-0.118713	2.236328
-0.662231	1.699524	0.065308	2.055359
-0.612488	1.745300	0.271912	1.852417
-0.541992	1.758423	0.502014	1.629333
-0.463562	1.748352	0.755005	1.409607
-0.375671	1.714478	1.019897	1.194153
-0.280457	1.658020	1.285400	0.973206
-0.178528	1.580505	1.540833	0.752869
-0.075989	1.488037	1.777649	0.538635
0.018921	1.377563	1.981812	0.336304
0.097046	1.233826	2.141113	0.144348
0.148010	1.053772	2.260742	-0.040894
0.187683	0.845337	2.341003	-0.221863
0.219727	0.610046	2.371826	-0.395508
0.234070	0.357361	2.358093	-0.564575
0.249329	0.081177	2.294006	-0.744324
0.274963	-0.231628	2.186890	-0.925903
0.315552	-0.562744	2.035828	-1.074829
0.347290	-0.888367	1.848145	-1.187439
0.368958	-1.205139	1.625366	-1.267395
0.384827	-1.496887	1.375732	-1.303101
0.407715	-1.753540	1.104431	-1.286011
0.442200	-1.972046	0.816345	-1.219177
0.486145	-2.147827	0.526733	-1.117859
0.525208	-2.298279	0.234985	-0.979004
0.563049	-2.419434	-0.046692	-0.789490
0.596313	-2.515869	-0.312195	-0.569153
0.620117	-2.590027	-0.556641	-0.341797
0.632629	-2.613831	-0.776367	-0.115967
0.635986	-2.579346	-0.969543	0.105591
0.632324	-2.495422	-1.137085	0.318298
0.610046	-2.355347	-1.280212	0.507507
0.580139	-2.158508	-1.401367	0.654297
0.543518	-1.927185	-1.495361	0.766907
0.495300	-1.664734	-1.576233	0.849304
0.437012	-1.378479	-1.654663	0.899048
0.377808	-1.091919	-1.711731	0.920410
0.328369	-0.818481	-1.735535	0.910339
0.289612	-0.557556	-1.726685	0.870361
0.258179	-0.312195	-1.685181	0.799255
0.228271	-0.076904	-1.617432	0.694275
0.210571	0.137329	-1.534119	0.583496
0.214539	0.314636	-1.444092	0.479126
0.226440	0.459595	-1.337585	0.360413
0.236206	0.588684	-1.216125	0.216064
0.250854	0.693359	-1.083374	0.067444
0.267334	0.761414	-0.942383	-0.082092
0.281677	0.798645	-0.813293	-0.239258
0.293884	0.806580	-0.688477	-0.395813
0.302429	0.775452	-0.558167	-0.545349
0.297852	0.709229	-0.436707	-0.688782
0.274353	0.615540	-0.333862	-0.826416
0.236511	0.503845	-0.246582	-0.965271
0.191956	0.383606	-0.184326	-1.092834
0.142212	0.250244	-0.147705	-1.190491
0.069275	0.107727	-0.119934	-1.261292
-0.027161	-0.025635	-0.103455	-1.312256
-0.132446	-0.133057	-0.113831	-1.336975
-0.232544	-0.206299	-0.150146	-1.337585
-0.324402	-0.236206	-0.202332	-1.307068
-0.401306	-0.233765	-0.257568	-1.248474
-0.462036	-0.205078	-0.303955	-1.158447
-0.514832	-0.149536	-0.338440	-1.027527
-0.567322	-0.075684	-0.365906	-0.864258
-0.607605	0.018921	-0.386963	-0.675354
-0.627747	0.136108	-0.409851	-0.445862
-0.624390	0.275879	-0.432129	-0.188293
-0.606384	0.420837	-0.458374	0.071411
-0.583496	0.555725	-0.494080	0.331726
-0.559692	0.676575	-0.535889	0.592041
-0.537109	0.782776	-0.574341	0.843811
-0.517883	0.867310	-0.610352	1.061096
-0.495605	0.931702	-0.639648	1.244202
-0.469971	0.970154	-0.654297	1.378174
-0.438232	0.986938	-0.651550	1.478882
-0.401917	0.978699	-0.630493	1.545715
-0.364990	0.928955	-0.585938	1.574097
-0.334778	0.844727	-0.524597	1.558533
-0.310364	0.746460	-0.453491	1.508789
-0.282593	0.633850	-0.370178	1.429443
-0.249634	0.506287	-0.271301	1.327820
-0.213013	0.364990	-0.165710	1.218262
-0.170288	0.214539	-0.045776	1.098328
-0.119934	0.057373	0.091248	0.965576
-0.062256	-0.114136	0.234680	0.831604
0.000916	-0.309143	0.383911	0.700989
0.069275	-0.528259	0.534363	0.581055
0.145874	-0.758057	0.681763	0.473328
0.223999	-0.993958	0.826111	0.373840
0.298157	-1.232910	0.956116	0.274353
0.358276	-1.473083	1.060181	0.178223
0.407410	-1.710815	1.140137	0.094299
0.454712	-1.938782	1.198425	0.015869
0.498962	-2.161255	1.226807	-0.053711
0.535889	-2.372437	1.235046	-0.113831
0.562439	-2.551880	1.217651	-0.164185
0.576172	-2.689819	1.170349	-0.210571
0.582886	-2.781067	1.100159	-0.250549
0.585938	-2.827454	1.014404	-0.271912
0.585022	-2.822266	0.917969	-0.277100
0.579834	-2.758484	0.819092	-0.277405
0.566711	-2.645874	0.718689	-0.278320
0.540161	-2.489319	0.609436	-0.271301
0.503845	-2.284241	0.496521	-0.251465
0.460205	-2.031250	0.388489	-0.224915
0.409851	-1.736145	0.289612	-0.191956
0.353394	-1.408081	0.200806	-0.162659
0.289612	-1.051636	0.122375	-0.147400
0.220947	-0.676270	0.049438	-0.141907
0.150452	-0.302124	-0.012207	-0.151978
0.082092	0.053711	-0.060425	-0.187073
0.012512	0.396118	-0.091248	-0.242004
-0.068665	0.724487	-0.114441	-0.315247
-0.157166	1.029358	-0.137024	-0.401001
-0.239563	1.314697	-0.148315	-0.506897
-0.307617	1.580200	-0.137024	-0.625305
-0.361633	1.819763	-0.103149	-0.749207
-0.399780	2.044067	-0.059204	-0.884094
-0.420532	2.247009	-0.003052	-1.021423
-0.420837	2.437439	0.065308	-1.154175
-0.397949	2.605286	0.140991	-1.275330
-0.357056	2.725220	0.227356	-1.386108
-0.300903	2.788696	0.331116	-1.482239
-0.240173	2.828369	0.443115	-1.561279
-0.170593	2.866211	0.551453	-1.615601
-0.088501	2.892456	0.644226	-1.644897
-0.001221	2.909241	0.715332	-1.652222
0.080261	2.908630	0.761719	-1.636658
0.137939	2.895813	0.784607	-1.588135
0.178528	2.873535	0.785217	-1.508484
0.203857	2.833557	0.749207	-1.390686
0.223083	2.768860	0.683899	-1.250610
0.238037	2.676392	0.600586	-1.092834
0.240784	2.564087	0.504761	-0.910034
0.226440	2.431335	0.402527	-0.711670
0.199280	2.281189	0.272827	-0.521545
0.160522	2.117615	0.111389	-0.332642
0.112000	1.949158	-0.077515	-0.117188
0.061340	1.783447	-0.274963	0.115967
0.003967	1.614685	-0.466919	0.347290
-0.053711	1.454773	-0.634155	0.558167
-0.110474	1.301575	-0.789185	0.760803
-0.169983	1.146545	-0.943298	0.959473
-0.227661	0.993042	-1.098328	1.156921
-0.286865	0.830078	-1.248779	1.356506
-0.339966	0.664368	-1.394043	1.539001
-0.383911	0.499573	-1.530762	1.690674
-0.419617	0.334473	-1.649780	1.806335
-0.450134	0.167236	-1.754761	1.894226
-0.473633	-0.002747	-1.841125	1.957703
-0.490112	-0.169983	-1.908264	1.998291
-0.506592	-0.324402	-1.950378	1.999207
-0.513916	-0.466003	-1.963806	1.950989
-0.507813	-0.598755	-1.951294	1.860657
-0.492249	-0.713196	-1.909790	1.733704
-0.469055	-0.814209	-1.827087	1.575012
-0.442505	-0.906677	-1.690674	1.385193
-0.407104	-0.985107	-1.500854	1.163025
-0.367737	-1.049500	-1.255798	0.917969
-0.330200	-1.099548	-0.968018	0.661621
-0.289001	-1.134644	-0.641479	0.407410
-0.245361	-1.160583	-0.282898	0.162659
-0.197754	-1.174316	0.096130	-0.065613
-0.148621	-1.178284	0.481873	-0.284119
-0.098877	-1.177368	0.854492	-0.492554
-0.046082	-1.175232	1.212463	-0.674438
0.003357	-1.177673	1.555481	-0.830994
0.046082	-1.190186	1.874084	-0.973511
