2020/1/9 9:21:08 40us
CH1			CH2			CH3			CH4
-0.006104	-0.009155	0.007935	-0.008850
-0.005798	-0.009155	0.007935	-0.009155
-0.005493	-0.009460	0.007629	-0.009155
-0.005798	-0.009766	0.007629	-0.008850
-0.006104	-0.009460	0.007935	-0.009155
-0.005493	-0.009460	0.007935	-0.009155
-0.005493	-0.009766	0.007629	-0.009460
-0.006104	-0.009460	0.007629	-0.009155
-0.005798	-0.009766	0.007935	-0.009155
-0.005798	-0.009766	0.007935	-0.009155
-0.005798	-0.009766	0.007935	-0.008850
-0.006104	-0.010071	0.007629	-0.008850
-0.006104	-0.010071	0.007629	-0.008850
-0.006104	-0.010071	0.007324	-0.008545
-0.006104	-0.010376	0.007629	-0.008850
-0.006104	-0.010071	0.007324	-0.009155
-0.005798	-0.010376	0.007324	-0.008850
-0.006104	-0.010376	0.007324	-0.008850
-0.006104	-0.010376	0.007629	-0.008545
-0.006104	-0.010071	0.007324	-0.008545
-0.005798	-0.010376	0.007324	-0.008850
-0.005798	-0.010376	0.007324	-0.008850
-0.005798	-0.010681	0.007324	-0.008545
-0.005798	-0.010986	0.007629	-0.008850
-0.005798	-0.010681	0.007324	-0.008850
-0.006104	-0.010376	0.007935	-0.008545
-0.005798	-0.010681	0.007629	-0.008545
-0.005798	-0.010376	0.007629	-0.008850
-0.005798	-0.010376	0.007935	-0.008850
-0.006104	-0.010681	0.007324	-0.008545
-0.005798	-0.010681	0.007324	-0.008545
-0.006104	-0.010376	0.007629	-0.008545
-0.006104	-0.010376	0.007324	-0.008545
-0.006104	-0.010986	0.007629	-0.008850
-0.005798	-0.010681	0.007629	-0.008545
-0.006104	-0.010376	0.007935	-0.008850
-0.006104	-0.010986	0.007935	-0.009155
-0.006104	-0.010986	0.007324	-0.008850
-0.006104	-0.010681	0.007324	-0.008850
-0.005798	-0.010986	0.007935	-0.008850
-0.005798	-0.010681	0.007019	-0.009155
-0.005798	-0.010986	0.007629	-0.008850
-0.005798	-0.010681	0.007324	-0.009155
-0.006409	-0.010986	0.007935	-0.008850
-0.006104	-0.011292	0.007935	-0.008850
0.028687	-0.010681	0.007629	-0.009155
-0.014038	-0.010681	0.007629	-0.008545
-0.239563	-0.009766	0.008240	-0.009460
-0.534058	-0.009460	0.010071	-0.008240
-0.772095	-0.009460	0.010986	-0.009460
-1.043701	-0.005798	0.011902	-0.012207
-1.280823	-0.011902	0.013428	-0.022278
-1.518860	-0.034180	0.015869	0.029602
-1.754150	-0.012817	0.008240	0.029602
-1.965332	0.051880	0.020752	-0.007019
-2.139893	0.092773	0.036926	-0.042114
-2.261963	0.065002	0.013428	-0.052185
-2.333984	-0.025940	-0.014343	-0.051575
-2.369995	-0.112000	-0.015869	-0.104675
-2.360840	-0.176086	0.009155	-0.179138
-2.315369	-0.218506	0.030823	-0.190125
-2.230225	-0.304871	0.062561	-0.161133
-2.141113	-0.414429	0.110779	-0.145874
-2.020264	-0.470276	0.148621	-0.144958
-1.861267	-0.454407	0.147095	-0.162048
-1.708374	-0.385437	0.148621	-0.199585
-1.575012	-0.275269	0.164490	-0.248718
-1.414490	-0.129700	0.161438	-0.308533
-1.192627	0.032349	0.094910	-0.354614
-0.938110	0.222168	-0.018921	-0.354919
-0.691223	0.448303	-0.173035	-0.313416
-0.475769	0.714111	-0.371399	-0.200195
-0.311584	0.964966	-0.593262	-0.001221
-0.140686	1.172791	-0.773010	0.229797
0.085754	1.372681	-0.890808	0.458374
0.299377	1.504822	-0.935669	0.701904
0.500183	1.557617	-0.856628	1.000671
0.702820	1.544800	-0.720825	1.350403
0.915222	1.549072	-0.529480	1.688538
1.101990	1.546631	-0.316772	2.027283
1.234436	1.506653	-0.062256	2.322998
1.314697	1.432495	0.209656	2.614136
1.365967	1.328125	0.466003	2.878418
1.419067	1.206360	0.682373	3.152771
1.452942	1.042175	0.843811	3.419189
1.477966	0.862122	0.989380	3.636780
1.496277	0.670471	1.118164	3.821716
1.520081	0.444031	1.192627	3.959961
1.488647	0.203552	1.192322	4.025574
1.432190	-0.041809	1.150818	3.986816
1.365356	-0.244446	1.087646	3.827515
1.295776	-0.406799	1.040039	3.531494
1.204529	-0.545349	0.987854	3.099365
1.108093	-0.656738	0.899658	2.546387
1.031189	-0.739746	0.811768	1.900635
0.962524	-0.806885	0.705872	1.207581
0.912476	-0.837097	0.602417	0.472107
0.859375	-0.835266	0.539551	-0.325012
0.794983	-0.845337	0.506592	-1.158142
0.748901	-0.877380	0.469666	-1.955261
0.731812	-0.928650	0.442200	-2.663269
0.697937	-0.976563	0.414429	-3.257446
0.644836	-1.013184	0.358582	-3.738403
0.589905	-1.041260	0.267639	-4.163818
0.525513	-1.067200	0.150757	-4.515076
0.474548	-1.083984	0.026550	-4.777832
0.419006	-1.102600	-0.068054	-4.946594
0.350952	-1.133423	-0.152283	-5.042114
0.277405	-1.158752	-0.241089	-5.133362
0.226440	-1.183472	-0.297852	-5.208740
0.202026	-1.209717	-0.270691	-5.235901
0.222473	-1.243286	-0.194702	-5.177307
0.271301	-1.299133	-0.126343	-5.068970
0.335388	-1.368713	-0.074768	-4.942017
0.390320	-1.430359	-0.023193	-4.780884
0.436707	-1.487732	0.052795	-4.573364
0.502930	-1.559448	0.146790	-4.350891
0.582581	-1.630554	0.220032	-4.106445
0.664368	-1.665649	0.235596	-3.818665
0.754395	-1.647949	0.201416	-3.499756
0.829163	-1.562805	0.133972	-3.135071
0.863342	-1.437683	0.047913	-2.748413
0.883484	-1.289368	-0.039368	-2.369385
0.890503	-1.105957	-0.137634	-1.999207
0.868225	-0.856323	-0.237427	-1.632385
0.805359	-0.563354	-0.327454	-1.237183
0.717773	-0.261536	-0.393066	-0.823975
0.621948	0.029602	-0.449219	-0.407410
0.525208	0.326843	-0.494385	-0.001526
0.419922	0.624390	-0.526123	0.393066
0.308533	0.897217	-0.541687	0.768127
0.193481	1.145630	-0.534058	1.120605
0.075989	1.378479	-0.521545	1.427917
-0.047302	1.605225	-0.489197	1.665344
-0.185242	1.816711	-0.431824	1.832886
-0.354309	2.016296	-0.363464	1.962891
-0.541992	2.199707	-0.281372	2.055664
-0.734863	2.392578	-0.193787	2.117920
-0.913696	2.598877	-0.129700	2.167358
-1.073303	2.777100	-0.084534	2.211609
-1.218872	2.886047	-0.032349	2.248230
-1.341248	2.960205	0.003662	2.277222
-1.427917	3.018494	0.008850	2.297974
-1.475525	3.030396	-0.021057	2.321167
-1.482239	2.977905	-0.093994	2.355652
-1.426697	2.858582	-0.200806	2.387390
-1.347351	2.693481	-0.322571	2.393188
-1.236877	2.471008	-0.450134	2.359924
-1.121521	2.203064	-0.624390	2.291870
-1.039429	1.878662	-0.830994	2.196960
-0.970764	1.492310	-1.030884	2.105103
-0.895081	1.060181	-1.193542	2.025452
-0.819702	0.590820	-1.307983	1.941223
-0.748596	0.104675	-1.404419	1.838684
-0.682068	-0.382996	-1.493225	1.744385
-0.620422	-0.860291	-1.568909	1.700745
-0.541992	-1.315308	-1.607056	1.709900
-0.445557	-1.738586	-1.628418	1.735535
-0.331726	-2.119141	-1.631470	1.750488
-0.218811	-2.470398	-1.613770	1.777649
-0.113831	-2.775879	-1.555786	1.835632
0.017090	-3.025513	-1.464233	1.918335
0.171814	-3.280640	-1.351624	2.022095
0.329895	-3.535156	-1.207886	2.116394
0.476685	-3.752441	-1.003723	2.184143
0.615540	-3.922729	-0.723877	2.217102
0.740051	-4.031372	-0.388794	2.216187
0.860596	-4.040527	-0.022888	2.174072
0.962219	-3.958740	0.355530	2.084656
1.017761	-3.804626	0.743103	1.940308
1.055298	-3.584900	1.111145	1.754150
1.085510	-3.299866	1.440430	1.525879
1.108398	-2.955627	1.738281	1.241455
1.105652	-2.585449	1.997070	0.923157
1.060181	-2.214050	2.218018	0.603333
0.989685	-1.834717	2.385864	0.267639
0.895081	-1.428223	2.500610	-0.085144
0.780334	-1.002197	2.559509	-0.430298
0.650024	-0.572815	2.583008	-0.761414
0.524292	-0.165100	2.586670	-1.097107
0.422668	0.224915	2.575989	-1.431885
0.333862	0.558777	2.546082	-1.763000
0.254517	0.834045	2.471619	-2.126770
0.190735	1.054382	2.356262	-2.510376
0.138245	1.196594	2.221069	-2.877502
0.099182	1.261292	2.070618	-3.191223
0.073242	1.272888	1.883545	-3.463440
0.067139	1.231384	1.656494	-3.703613
0.081177	1.136780	1.401978	-3.885803
0.101929	0.990295	1.109314	-3.985901
0.114441	0.793762	0.787659	-4.017944
0.110779	0.555725	0.437012	-3.992310
0.110168	0.319519	0.055847	-3.927917
0.123596	0.119934	-0.346069	-3.833313
0.142822	-0.048828	-0.747070	-3.706360
0.167542	-0.202942	-1.131897	-3.536377
0.205688	-0.336609	-1.489868	-3.336182
0.262756	-0.419006	-1.812439	-3.101807
0.322266	-0.446167	-2.081604	-2.826233
0.379639	-0.431519	-2.309265	-2.508240
0.440674	-0.399475	-2.495728	-2.144775
0.516357	-0.369263	-2.617493	-1.735840
0.607605	-0.338440	-2.668762	-1.277161
0.696106	-0.291138	-2.667236	-0.794067
0.765381	-0.227356	-2.633667	-0.325012
0.824585	-0.154724	-2.572021	0.134583
0.877991	-0.071716	-2.497559	0.610352
0.915833	0.049133	-2.427368	1.085815
0.908508	0.235291	-2.333984	1.517639
0.851440	0.495911	-2.215576	1.888733
0.753174	0.812378	-2.104492	2.211609
0.627747	1.169128	-2.003784	2.483521
0.502014	1.549683	-1.885986	2.702637
0.360413	1.921997	-1.730042	2.888184
0.191345	2.261963	-1.554260	3.026733
0.003357	2.574463	-1.386414	3.078613
-0.196228	2.851868	-1.233521	3.063965
-0.386963	3.076477	-1.090393	3.003540
-0.540466	3.228149	-0.946960	2.894592
-0.671692	3.297119	-0.797119	2.726440
-0.798645	3.314819	-0.631409	2.503357
-0.910950	3.294983	-0.470581	2.251892
-0.992432	3.211975	-0.325623	1.981201
-1.056519	3.075256	-0.203857	1.704102
-1.111450	2.892456	-0.102844	1.434937
-1.141968	2.661743	-0.022583	1.176758
-1.149902	2.401733	0.054016	0.933533
-1.154175	2.126160	0.132446	0.715637
-1.157837	1.837158	0.205383	0.542297
-1.146545	1.507874	0.282288	0.417480
-1.114807	1.134033	0.338745	0.343628
-1.068115	0.744019	0.366516	0.307617
-1.002808	0.351868	0.373840	0.288086
-0.917664	-0.041199	0.367432	0.273438
-0.813293	-0.435181	0.360107	0.269470
-0.692139	-0.832520	0.364380	0.255737
-0.564575	-1.232605	0.381470	0.212402
-0.429993	-1.622314	0.400085	0.158997
-0.298767	-1.979675	0.437317	0.105591
-0.180969	-2.305298	0.509338	0.045471
-0.074768	-2.596130	0.623779	-0.022888
0.030518	-2.843323	0.778198	-0.077515
0.126038	-3.042603	0.965271	-0.105286
0.209656	-3.226624	1.178284	-0.122681
0.281677	-3.408813	1.397095	-0.115051
0.344238	-3.546753	1.608582	-0.067749
0.406799	-3.613586	1.790771	0.006714
0.466614	-3.632813	1.949158	0.068665
0.512390	-3.602905	2.092590	0.120850
0.545654	-3.506470	2.204285	0.166626
0.570068	-3.356018	2.291260	0.186768
0.581665	-3.164368	2.350769	0.190125
0.573425	-2.930603	2.369690	0.163269
0.553589	-2.655334	2.372131	0.094604
0.535889	-2.345276	2.384949	-0.022583
0.506287	-2.009888	2.407227	-0.168457
0.463562	-1.676636	2.414856	-0.340576
0.420837	-1.346741	2.400818	-0.544739
0.370483	-1.018066	2.357788	-0.743713
0.320740	-0.687256	2.295227	-0.924377
0.278931	-0.360107	2.207947	-1.120300
0.246277	-0.039978	2.096252	-1.328735
0.239258	0.271606	1.962280	-1.503296
0.244446	0.567322	1.788025	-1.627197
0.248108	0.852356	1.569824	-1.723633
0.249329	1.127014	1.319580	-1.788940
0.253906	1.357727	1.062927	-1.813049
0.267029	1.548767	0.808716	-1.793823
0.299377	1.699219	0.567322	-1.745605
0.332031	1.787109	0.328064	-1.683044
0.352173	1.816101	0.075378	-1.596680
0.363770	1.784668	-0.182800	-1.491699
0.362854	1.706238	-0.418701	-1.377869
0.354004	1.595459	-0.641785	-1.262512
0.345459	1.446228	-0.866089	-1.133728
0.338440	1.274719	-1.101379	-1.003723
0.325012	1.118164	-1.358948	-0.886536
0.303650	0.971375	-1.626587	-0.774536
0.284119	0.826111	-1.885681	-0.666504
0.259399	0.702515	-2.138977	-0.565796
0.216675	0.618896	-2.383118	-0.476074
0.162659	0.584717	-2.611694	-0.390015
0.116577	0.593567	-2.812195	-0.300903
0.076599	0.642395	-2.979736	-0.198364
0.036926	0.729370	-3.099670	-0.095825
0.005493	0.845642	-3.168945	-0.005798
-0.028076	0.990601	-3.191833	0.081482
-0.065613	1.161499	-3.161316	0.173645
-0.099182	1.349182	-3.073425	0.273132
-0.126343	1.546936	-2.942810	0.367737
-0.154724	1.770020	-2.767639	0.454712
-0.181274	2.017822	-2.542114	0.532837
-0.207520	2.280884	-2.270508	0.587463
-0.240784	2.554321	-1.975098	0.625610
-0.281067	2.826843	-1.674194	0.656128
-0.328979	3.099670	-1.358643	0.686646
-0.391235	3.364868	-1.019897	0.720520
-0.464478	3.593750	-0.667114	0.759888
-0.541687	3.784790	-0.316772	0.811157
-0.616455	3.959351	0.028381	0.860901
-0.684814	4.111938	0.358887	0.915222
-0.728760	4.229736	0.673218	0.979309
-0.746155	4.291382	0.971375	1.032410
-0.750122	4.287109	1.235657	1.081238
-0.739441	4.228516	1.471863	1.128540
-0.703430	4.121704	1.654968	1.158142
-0.644531	3.959656	1.777344	1.170044
-0.564575	3.732605	1.855469	1.168213
-0.466003	3.431702	1.914673	1.155396
-0.363770	3.056641	1.947632	1.132507
-0.269470	2.616272	1.933289	1.094055
-0.187683	2.115784	1.874695	1.044312
-0.116577	1.558838	1.764221	0.996399
-0.049438	0.981445	1.623535	0.953369
0.011292	0.374756	1.473999	0.899658
0.069580	-0.251770	1.322327	0.822449
0.109558	-0.885925	1.169128	0.726624
0.127563	-1.535645	1.018066	0.622559
0.127563	-2.178040	0.868530	0.520935
0.116577	-2.805176	0.723877	0.430908
0.109558	-3.403931	0.591736	0.343628
0.110168	-3.958130	0.474854	0.251465
0.099487	-4.457397	0.382080	0.167847
0.089417	-4.903870	0.323486	0.112305
0.093689	-5.292664	0.303955	0.092468
0.110779	-5.593872	0.324097	0.094604
0.125427	-5.863647	0.384216	0.110474
0.154724	-6.176147	0.480042	0.140076
0.188904	-6.408997	0.599060	0.182800
0.224304	-6.476135	0.726318	0.230408
0.272217	-6.451111	0.861816	0.269165
0.317383	-6.343689	0.991821	0.292053
0.352173	-6.075134	1.118774	0.312805
0.358276	-5.647888	1.269531	0.317688
0.364380	-5.114136	1.418762	0.295715
0.359497	-4.512634	1.480103	0.263062
0.339050	-3.872681	1.482239	0.213623
0.338745	-3.204041	1.490479	0.125427
0.334167	-2.530212	1.524048	0.037231
0.322571	-1.882324	1.543884	-0.071106
0.310364	-1.247864	1.526489	-0.275574
0.285950	-0.651855	1.472473	-0.504150
0.260925	-0.104980	1.372986	-0.652466
0.239258	0.381775	1.275940	-0.743408
0.218506	0.807190	1.194763	-0.886841
0.202332	1.192322	1.146240	-1.036682
0.169983	1.496277	1.075745	-1.124878
0.132446	1.720581	0.966797	-1.188660
0.095825	1.931458	0.829468	-1.229248
0.058899	2.073364	0.690613	-1.212463
0.037842	2.167358	0.543823	-1.160278
0.019226	2.229309	0.372620	-1.087952
-0.004883	2.248535	0.177002	-1.022949
-0.030212	2.212830	-0.065613	-0.937195
-0.028381	2.113342	-0.358276	-0.823364
-0.030823	1.965637	-0.660095	-0.706482
-0.052185	1.806335	-0.943604	-0.601501
-0.057068	1.643066	-1.225891	-0.513000
-0.042114	1.485291	-1.532898	-0.443115
-0.019836	1.405334	-1.853333	-0.413208
0.006104	1.364441	-2.153931	-0.425415
0.042725	1.310120	-2.414246	-0.474243
0.094604	1.254883	-2.648315	-0.526733
0.111084	1.234436	-2.849426	-0.578918
0.107422	1.258240	-3.016052	-0.628357
0.107727	1.324768	-3.135681	-0.647278
0.125427	1.422119	-3.210144	-0.619507
0.159302	1.543884	-3.236389	-0.546265
0.184021	1.663818	-3.213806	-0.467529
0.206909	1.779785	-3.171387	-0.353394
0.226135	1.884460	-3.074341	-0.180969
0.223694	1.969299	-2.898560	0.027161
0.203857	2.029724	-2.672119	0.236511
0.167542	2.084961	-2.390747	0.436096
0.130615	2.135620	-2.085876	0.624390
0.096130	2.174988	-1.754761	0.791016
0.048523	2.200928	-1.404724	0.938721
-0.017395	2.202148	-1.064758	1.048889
-0.107422	2.177734	-0.722351	1.148376
-0.199585	2.136230	-0.392456	1.227417
-0.274658	2.076416	-0.099182	1.273499
-0.338440	1.973877	0.150146	1.317139
-0.385742	1.832886	0.369873	1.343384
-0.424805	1.678162	0.558167	1.343994
-0.441895	1.532898	0.715027	1.341248
-0.429688	1.394958	0.846558	1.316833
-0.393677	1.232605	0.952454	1.290283
-0.335388	1.023254	1.025391	1.264343
-0.267029	0.794983	1.076355	1.226807
-0.187073	0.572510	1.114502	1.185608
-0.100403	0.353088	1.141052	1.129150
-0.010681	0.117188	1.189880	1.043396
0.084534	-0.160217	1.252747	0.957642
0.178223	-0.490112	1.304016	0.900879
0.259705	-0.867310	1.347046	0.862427
0.308228	-1.270142	1.381226	0.820313
0.317383	-1.675720	1.408997	0.768433
0.300903	-2.076111	1.439514	0.715332
0.282898	-2.480774	1.468506	0.672302
0.261841	-2.883606	1.502075	0.655518
0.216675	-3.270569	1.548767	0.658264
0.149841	-3.632813	1.594543	0.658569
0.074158	-3.950806	1.632690	0.661926
-0.003967	-4.183350	1.661072	0.658875
-0.080566	-4.346619	1.675415	0.633850
-0.152893	-4.495544	1.682739	0.583801
-0.224609	-4.609985	1.694641	0.523376
-0.301208	-4.646912	1.718445	0.446472
-0.362549	-4.621277	1.751404	0.348816
-0.406494	-4.545593	1.777649	0.226440
-0.422974	-4.404907	1.792603	0.100403
-0.414429	-4.182739	1.793823	-0.036621
-0.388489	-3.898010	1.783752	-0.201111
-0.359802	-3.566895	1.740417	-0.364990
-0.345764	-3.182983	1.653748	-0.526428
-0.329590	-2.758789	1.562500	-0.693054
-0.310669	-2.308960	1.489563	-0.847473
-0.284424	-1.837769	1.413879	-0.992432
-0.258179	-1.350098	1.313477	-1.155701
-0.232849	-0.848083	1.180115	-1.325378
-0.213318	-0.354614	1.013489	-1.449890
-0.201111	0.100708	0.854187	-1.516724
-0.193787	0.516663	0.717773	-1.569824
-0.187988	0.914307	0.609741	-1.610107
-0.176086	1.277771	0.523682	-1.613464
-0.144348	1.596375	0.433960	-1.568298
-0.103760	1.891479	0.339966	-1.461792
-0.055847	2.145996	0.252380	-1.296997
0.005798	2.355347	0.161133	-1.085815
0.071106	2.528992	0.057373	-0.850220
0.136108	2.666016	-0.058289	-0.613098
0.195313	2.767944	-0.179443	-0.367126
0.264282	2.841797	-0.313721	-0.105591
0.340271	2.866821	-0.465088	0.145264
0.405884	2.836609	-0.621643	0.359497
0.448608	2.778625	-0.789185	0.531921
0.472107	2.700195	-0.983887	0.666199
0.486755	2.601624	-1.220093	0.762939
0.491333	2.484741	-1.488647	0.799255
0.481567	2.351074	-1.759644	0.771179
0.466614	2.206421	-2.023621	0.681152
0.442200	2.079163	-2.272644	0.529175
0.407104	1.973267	-2.522888	0.333252
0.365906	1.870422	-2.763977	0.114746
0.328369	1.764526	-2.982788	-0.101013
0.295715	1.649475	-3.173828	-0.307007
0.256042	1.523438	-3.317261	-0.522461
0.202942	1.393433	-3.415833	-0.750122
0.143127	1.277771	-3.466492	-0.952148
0.084534	1.175842	-3.461304	-1.105957
0.018616	1.085205	-3.391724	-1.212463
-0.060425	1.015320	-3.261414	-1.291199
-0.138855	0.964355	-3.073120	-1.342773
-0.212402	0.928040	-2.839050	-1.359863
-0.282593	0.905762	-2.573853	-1.349487
-0.343933	0.902710	-2.281494	-1.317139
-0.397949	0.918274	-1.968079	-1.253052
-0.440369	0.959778	-1.642456	-1.174622
-0.473328	1.015015	-1.294556	-1.091919
-0.496216	1.063843	-0.925598	-1.006775
-0.504761	1.100464	-0.553284	-0.908813
-0.502930	1.126099	-0.175781	-0.793457
-0.490417	1.156311	0.200806	-0.679016
-0.455322	1.195679	0.569153	-0.584106
-0.396118	1.234131	0.916138	-0.513916
-0.324402	1.252747	1.244507	-0.453491
-0.249939	1.256104	1.557007	-0.403442
-0.166931	1.265869	1.837463	-0.366821
-0.068359	1.272583	2.085571	-0.330505
0.042419	1.257629	2.306824	-0.287476
0.147095	1.204529	2.492065	-0.238037
0.239563	1.103821	2.629395	-0.175476
0.321350	0.957336	2.713318	-0.091248
0.373535	0.773315	2.746887	0.007935
0.382690	0.554504	2.738037	0.112000
0.365906	0.299377	2.698975	0.211487
0.339661	0.004883	2.631836	0.309448
0.303345	-0.321960	2.535400	0.405884
0.250549	-0.675049	2.419434	0.489502
0.175781	-1.057434	2.283936	0.551758
0.080261	-1.456299	2.127686	0.596313
-0.023804	-1.855469	1.959534	0.627136
-0.119019	-2.232056	1.790771	0.634460
-0.202026	-2.574768	1.628723	0.622253
-0.282288	-2.886963	1.473389	0.598755
-0.361938	-3.155823	1.337585	0.566711
-0.430908	-3.365173	1.209412	0.528564
-0.488586	-3.520813	1.078796	0.494690
-0.523682	-3.636475	0.948792	0.474243
-0.535278	-3.727417	0.823669	0.460205
-0.533752	-3.785095	0.703735	0.440063
-0.526123	-3.769836	0.591125	0.409546
-0.503540	-3.663330	0.478821	0.364685
-0.470581	-3.497314	0.365906	0.317383
-0.429688	-3.276978	0.251770	0.272522
-0.380859	-2.987976	0.140686	0.231628
-0.325623	-2.636108	0.037231	0.189819
-0.267029	-2.231445	-0.077209	0.141296
-0.210266	-1.822205	-0.201111	0.095215
-0.151978	-1.415405	-0.315857	0.057068
-0.088501	-1.025391	-0.399170	0.033264
-0.027771	-0.642700	-0.463562	0.033569
0.026855	-0.261230	-0.525208	0.038757
0.070496	0.115967	-0.588074	0.035706
0.102539	0.480347	-0.657043	0.055542
0.133362	0.813599	-0.722351	0.114441
0.166321	1.110229	-0.776672	0.188599
0.188599	1.382141	-0.824585	0.252991
0.200806	1.625977	-0.866699	0.314941
0.210266	1.834106	-0.907288	0.386963
0.225220	2.015076	-0.946045	0.459595
0.248413	2.173767	-0.988464	0.527039
0.277710	2.280579	-1.026306	0.583191
0.307617	2.325439	-1.062622	0.623474
0.332642	2.333069	-1.096497	0.637512
0.358887	2.317200	-1.130676	0.620422
0.387573	2.268677	-1.181030	0.582275
0.416565	2.194824	-1.250610	0.520020
0.436401	2.107544	-1.321411	0.430908
0.444031	2.023315	-1.381226	0.311584
0.446472	1.943665	-1.436462	0.167542
0.444031	1.875610	-1.513367	0.008240
0.429077	1.831665	-1.604004	-0.166626
0.407104	1.800842	-1.683655	-0.357056
0.382996	1.773071	-1.741943	-0.556641
0.355530	1.746216	-1.780396	-0.759277
0.309448	1.733398	-1.803894	-0.964050
0.254822	1.735535	-1.815491	-1.148987
0.201111	1.742554	-1.812134	-1.278381
0.154419	1.744995	-1.786499	-1.364136
0.109863	1.731873	-1.729126	-1.439514
0.065002	1.695557	-1.647339	-1.510925
0.023193	1.633606	-1.552734	-1.556091
-0.018616	1.550293	-1.436768	-1.578064
-0.054932	1.447144	-1.293335	-1.587219
-0.091553	1.315308	-1.123962	-1.591492
-0.126343	1.159973	-0.931702	-1.592102
-0.151062	0.990295	-0.720215	-1.582031
-0.168152	0.803223	-0.492554	-1.558533
-0.181885	0.604248	-0.262756	-1.519165
-0.188293	0.396423	-0.047607	-1.465759
-0.196533	0.180359	0.155945	-1.398315
-0.209045	-0.032349	0.351868	-1.321716
-0.215149	-0.244446	0.529175	-1.231995
-0.205383	-0.459900	0.676575	-1.123352
-0.183716	-0.669556	0.798950	-1.003418
-0.154724	-0.873108	0.901184	-0.867004
-0.110779	-1.075439	0.989990	-0.715332
-0.050659	-1.277771	1.060791	-0.554810
0.014954	-1.477661	1.109619	-0.373230
0.083008	-1.674194	1.135254	-0.171509
0.153809	-1.859741	1.145935	0.047913
0.223999	-2.032471	1.146545	0.280457
0.288696	-2.196045	1.145325	0.516052
0.347290	-2.355957	1.147461	0.739136
0.401306	-2.515869	1.143494	0.954285
0.448608	-2.674866	1.133728	1.174011
0.480957	-2.828979	1.126709	1.399536
0.486450	-2.965698	1.121216	1.615295
0.466614	-3.072510	1.117554	1.809998
0.429688	-3.152771	1.112671	1.973877
0.385132	-3.203430	1.103821	2.111206
0.325928	-3.221130	1.092529	2.223511
0.244141	-3.209534	1.080627	2.300110
0.140076	-3.179932	1.061707	2.343140
0.018616	-3.133850	1.035767	2.352600
-0.103760	-3.073120	1.012573	2.320557
-0.218506	-3.002319	0.992737	2.245483
-0.327454	-2.923279	0.970154	2.127991
-0.424805	-2.834778	0.937195	1.974182
-0.509644	-2.723999	0.890808	1.785889
-0.578918	-2.587280	0.834045	1.569824
-0.630798	-2.439575	0.772400	1.344299
-0.670776	-2.287292	0.702820	1.117249
-0.702209	-2.117920	0.615234	0.892334
-0.724182	-1.926880	0.511169	0.673218
-0.738220	-1.717529	0.393982	0.462341
-0.744934	-1.485291	0.263977	0.256348
-0.739746	-1.237183	0.129395	0.069580
-0.723877	-0.982971	-0.003052	-0.088196
-0.697021	-0.716858	-0.137634	-0.220642
-0.661621	-0.437622	-0.274048	-0.336914
-0.620117	-0.149231	-0.408936	-0.438843
-0.571289	0.138550	-0.527649	-0.518494
-0.507813	0.413818	-0.620422	-0.576477
-0.433044	0.675049	-0.679626	-0.612488
-0.351563	0.924683	-0.704956	-0.628662
-0.264893	1.153564	-0.703125	-0.625000
-0.173950	1.362000	-0.678711	-0.589600
-0.078430	1.554260	-0.633240	-0.526123
0.026550	1.726685	-0.572815	-0.442505
0.134277	1.876526	-0.498657	-0.343018
0.237427	2.006836	-0.415039	-0.226746
0.330505	2.119446	-0.328369	-0.101624
0.414429	2.215881	-0.245361	0.033264
0.494385	2.294922	-0.177612	0.175781
0.574646	2.356873	-0.134888	0.317383
0.650635	2.402344	-0.114136	0.444641
0.712585	2.434082	-0.112305	0.548706
0.755615	2.449646	-0.131836	0.632935
0.775146	2.442322	-0.178528	0.690918
0.771484	2.413025	-0.245056	0.714417
0.752869	2.355042	-0.321655	0.706787
0.726013	2.278137	-0.404663	0.662231
0.688477	2.188110	-0.493469	0.578613
0.641785	2.084961	-0.588379	0.459900
0.588684	1.964722	-0.690918	0.312805
0.531616	1.826172	-0.800476	0.143433
0.467834	1.673279	-0.911560	-0.046082
0.396423	1.512451	-1.015320	-0.260010
0.316772	1.342163	-1.105347	-0.480957
0.236206	1.166687	-1.174622	-0.690918
0.158691	0.986633	-1.216431	-0.880432
0.084839	0.804138	-1.227722	-1.045227
0.018005	0.623169	-1.214905	-1.187134
-0.043030	0.444946	-1.182556	-1.308594
-0.101318	0.268860	-1.128540	-1.398926
-0.153503	0.095215	-1.046448	-1.452332
-0.190430	-0.066833	-0.932617	-1.476135
-0.213318	-0.221558	-0.792542	-1.481018
-0.224609	-0.362549	-0.632935	-1.475220
-0.226440	-0.502014	-0.447693	-1.452026
-0.219116	-0.639648	-0.252380	-1.408081
-0.201721	-0.770874	-0.061035	-1.338501
-0.176392	-0.891724	0.126648	-1.247559
-0.148926	-0.996094	0.316162	-1.134338
-0.118103	-1.081543	0.502625	-1.001282
-0.084229	-1.145630	0.686035	-0.850220
-0.048828	-1.188965	0.863037	-0.682068
-0.015869	-1.211548	1.025696	-0.494385
0.014954	-1.211548	1.162109	-0.295105
0.046997	-1.190796	1.277161	-0.089111
0.078430	-1.153870	1.376038	0.114746
0.101929	-1.107788	1.449890	0.299988
0.115662	-1.055603	1.498108	0.468140
0.121460	-1.000061	1.520996	0.621948
0.111694	-0.942383	1.524658	0.754089
0.088806	-0.880737	1.519165	0.865173
0.057068	-0.825195	1.510925	0.957031
0.013428	-0.781860	1.499939	1.033020
-0.039063	-0.745850	1.481628	1.091919
-0.098877	-0.716248	1.454773	1.128540
-0.171509	-0.696106	1.418762	1.143188
-0.255432	-0.686340	1.376343	1.134949
-0.346985	-0.684814	1.330872	1.105347
-0.437927	-0.679016	1.290588	1.061707
-0.522461	-0.661316	1.240540	1.009521
-0.603027	-0.630798	1.182861	0.956421
-0.676880	-0.585632	1.112366	0.899353
-0.740356	-0.522461	1.026306	0.836792
-0.792847	-0.445251	0.927429	0.774841
-0.830383	-0.362549	0.824585	0.715027
-0.850830	-0.273743	0.717773	0.656738
-0.853577	-0.176697	0.605469	0.596924
-0.841064	-0.077209	0.490723	0.537720
-0.810852	0.027161	0.374146	0.484924
-0.763855	0.133667	0.251160	0.437622
-0.703735	0.238342	0.123291	0.393372
-0.628967	0.339661	-0.007629	0.348511
-0.544739	0.443726	-0.142517	0.302734
-0.461121	0.541992	-0.273438	0.252686
-0.377808	0.629883	-0.402222	0.198669
-0.298157	0.703430	-0.525208	0.142822
-0.221863	0.763245	-0.642090	0.089722
-0.150146	0.810547	-0.746765	0.043030
-0.082092	0.846863	-0.842590	0.001831
-0.018005	0.867310	-0.924072	-0.029602
0.042419	0.871582	-0.993958	-0.054626
0.099487	0.864868	-1.049500	-0.073547
0.155334	0.844727	-1.091614	-0.085754
0.207520	0.811768	-1.118164	-0.086060
0.257263	0.773926	-1.133423	-0.073242
0.305786	0.733032	-1.135559	-0.050354
0.356750	0.690918	-1.127014	-0.011902
0.407715	0.645752	-1.112976	0.035095
0.463257	0.599976	-1.099548	0.083618
0.514221	0.553284	-1.084290	0.125427
0.557556	0.512390	-1.068115	0.155640
0.592957	0.478516	-1.048889	0.172424
0.618286	0.455322	-1.027222	0.177002
0.633240	0.447998	-1.000977	0.168457
0.639343	0.452881	-0.968018	0.144348
0.639954	0.472412	-0.925598	0.107727
0.634460	0.507507	-0.870972	0.055542
0.623169	0.558167	-0.803223	-0.012207
0.604248	0.626221	-0.721436	-0.095825
0.579834	0.707703	-0.634155	-0.193481
0.548096	0.796509	-0.543518	-0.303345
0.509644	0.889282	-0.444336	-0.426331
0.462646	0.988159	-0.332031	-0.563354
0.411682	1.083069	-0.208130	-0.708618
0.358276	1.166077	-0.072937	-0.854492
0.303040	1.233215	0.069580	-0.994873
0.245667	1.289368	0.212708	-1.134949
0.188904	1.328125	0.350037	-1.266785
0.134888	1.338806	0.484009	-1.390076
0.079041	1.311646	0.611572	-1.504822
0.021667	1.248169	0.718689	-1.605835
-0.031128	1.159363	0.807495	-1.691895
-0.076904	1.042175	0.877380	-1.761169
-0.114441	0.903320	0.925903	-1.809692
-0.148315	0.740662	0.951538	-1.835327
-0.178223	0.560608	0.952148	-1.833801
-0.203247	0.374146	0.928650	-1.807251
-0.223999	0.180054	0.882568	-1.754761
-0.231628	-0.021973	0.819702	-1.679077
-0.227966	-0.227356	0.747070	-1.583557
-0.221558	-0.424500	0.669556	-1.459656
-0.208740	-0.612793	0.594482	-1.307983
-0.189514	-0.790405	0.525208	-1.141357
-0.168457	-0.953369	0.461121	-0.961304
-0.139771	-1.099243	0.404968	-0.764465
-0.104675	-1.225891	0.359192	-0.552063
-0.068970	-1.331482	0.321655	-0.325928
-0.033264	-1.416321	0.292664	-0.086060
0.007629	-1.484680	0.274963	0.158081
0.051270	-1.535645	0.265198	0.405579
0.089417	-1.567688	0.258484	0.653076
0.120544	-1.587830	0.260620	0.896606
0.145264	-1.589050	0.264282	1.134033
0.157471	-1.565247	0.266113	1.359863
0.156860	-1.515198	0.265503	1.569519
0.144043	-1.440430	0.263367	1.759644
0.121155	-1.336975	0.260010	1.932373
0.091248	-1.204529	0.251465	2.087097
0.057068	-1.051025	0.243225	2.217407
0.014954	-0.885010	0.228271	2.319336
-0.032349	-0.714722	0.202637	2.391663
-0.080872	-0.547180	0.171509	2.430115
-0.126953	-0.388794	0.146484	2.429810
-0.172729	-0.250244	0.126038	2.390747
-0.216064	-0.140076	0.095215	2.312622
-0.258179	-0.051575	0.046692	2.204590
-0.299683	0.018616	-0.017395	2.072449
-0.339355	0.070190	-0.092773	1.912231
-0.374451	0.103149	-0.174866	1.725159
-0.404053	0.107727	-0.258484	1.521912
-0.428467	0.090942	-0.346985	1.306152
-0.447998	0.061035	-0.443420	1.081543
-0.463562	0.016479	-0.541687	0.853882
-0.469055	-0.039978	-0.633850	0.625000
-0.462952	-0.107117	-0.715637	0.398560
-0.445862	-0.177307	-0.778809	0.193787
-0.419922	-0.250244	-0.827026	0.002747
-0.384216	-0.317993	-0.864868	-0.169373
-0.339050	-0.378418	-0.891418	-0.322571
-0.289001	-0.424500	-0.901794	-0.459900
-0.233459	-0.454102	-0.896912	-0.580444
-0.176697	-0.466003	-0.877991	-0.680847
-0.117188	-0.461731	-0.844727	-0.761108
-0.053406	-0.446472	-0.798340	-0.820923
0.013733	-0.422668	-0.736084	-0.863037
0.081177	-0.385132	-0.656433	-0.886536
0.151062	-0.334473	-0.563965	-0.897522
0.220642	-0.273743	-0.469971	-0.896301
0.285950	-0.203247	-0.375977	-0.882568
0.347290	-0.125427	-0.285950	-0.856018
0.406189	-0.040283	-0.201111	-0.815430
0.457764	0.049744	-0.125732	-0.762939
0.505371	0.140686	-0.060120	-0.711975
0.552368	0.235291	0.000305	-0.668945
0.593262	0.330200	0.054626	-0.634460
0.625610	0.422058	0.106812	-0.606689
0.643005	0.506592	0.158386	-0.596008
0.644836	0.580444	0.209961	-0.604858
0.632019	0.642700	0.261536	-0.630188
0.607300	0.695496	0.310669	-0.671387
0.572815	0.737000	0.357361	-0.726318
0.528259	0.767212	0.403137	-0.790405
0.475159	0.787354	0.443420	-0.863342
0.414734	0.791626	0.473633	-0.943604
0.349731	0.779724	0.489502	-1.022034
0.283508	0.752869	0.489502	-1.096802
0.219421	0.711975	0.473633	-1.175232
0.161438	0.658264	0.443726	-1.249695
0.113220	0.594482	0.402527	-1.304321
0.073242	0.520020	0.355225	-1.341858
0.042725	0.433350	0.300293	-1.360779
0.020142	0.336304	0.238953	-1.363220
0.007629	0.228577	0.175476	-1.342468
0.000610	0.114746	0.107422	-1.296387
0.004578	-0.003052	0.037537	-1.227112
0.021057	-0.118103	-0.026855	-1.136475
0.044861	-0.237732	-0.089111	-1.029663
0.072937	-0.361938	-0.144958	-0.910645
0.103455	-0.479736	-0.189514	-0.780945
0.130310	-0.586548	-0.225220	-0.638733
0.151978	-0.682373	-0.260925	-0.490112
0.170593	-0.769958	-0.291443	-0.339661
0.177307	-0.852356	-0.307922	-0.181885
0.174255	-0.925293	-0.313110	-0.021362
0.162354	-0.986633	-0.311890	0.138245
0.145264	-1.035767	-0.307007	0.297241
0.119019	-1.065369	-0.301819	0.454102
0.084229	-1.070251	-0.295410	0.606689
0.046997	-1.052551	-0.281372	0.750732
0.005188	-1.018066	-0.254211	0.885315
-0.043030	-0.967712	-0.216980	1.005859
-0.090027	-0.900879	-0.171204	1.110229
-0.134583	-0.819397	-0.122375	1.198120
-0.180664	-0.720825	-0.075684	1.272278
-0.225525	-0.605774	-0.031128	1.333923
-0.262451	-0.479431	0.015564	1.378479
-0.300903	-0.336914	0.060730	1.402588
-0.345154	-0.179443	0.107727	1.414185
-0.391541	-0.011292	0.156860	1.411438
-0.433655	0.160828	0.203857	1.389160
-0.470581	0.330200	0.245667	1.346741
-0.503235	0.496826	0.289612	1.285400
-0.528259	0.657959	0.338745	1.204834
-0.550232	0.812683	0.388184	1.112671
-0.560608	0.964661	0.432434	1.011658
-0.558472	1.106262	0.476990	0.902710
-0.550842	1.237488	0.525208	0.789185
-0.540161	1.358032	0.574341	0.674744
-0.524902	1.463623	0.623474	0.560913
-0.504761	1.552734	0.674133	0.453186
-0.481567	1.624756	0.723572	0.358887
-0.453491	1.672668	0.764771	0.275879
-0.419312	1.691589	0.796509	0.200806
-0.382996	1.679688	0.817261	0.134583
-0.338745	1.645813	0.827637	0.072327
-0.292969	1.598206	0.823059	0.012207
-0.248413	1.530457	0.802612	-0.038757
-0.202026	1.444702	0.762634	-0.082092
-0.157166	1.348267	0.706177	-0.124817
-0.118408	1.239929	0.634766	-0.166016
-0.084229	1.117859	0.547180	-0.209656
-0.050964	0.984192	0.446167	-0.247803
-0.016785	0.834351	0.336914	-0.280151
0.016174	0.674744	0.223999	-0.310974
0.050659	0.514832	0.109253	-0.341187
0.089111	0.347900	-0.007324	-0.372925
0.125732	0.180054	-0.130310	-0.409241
0.158691	0.016479	-0.257568	-0.444946
0.189819	-0.144043	-0.378418	-0.472412
0.222473	-0.294495	-0.484924	-0.491943
0.259094	-0.428162	-0.574036	-0.511780
0.298767	-0.548401	-0.643311	-0.531311
0.334473	-0.653687	-0.693665	-0.546265
0.362244	-0.734558	-0.728760	-0.557251
0.386353	-0.787964	-0.745239	-0.562134
0.402832	-0.821228	-0.739136	-0.561829
0.408936	-0.830078	-0.715942	-0.559692
0.412598	-0.815125	-0.674133	-0.557861
0.412903	-0.774841	-0.615234	-0.555115
0.408630	-0.710144	-0.541382	-0.553894
0.401001	-0.619202	-0.455017	-0.555420
0.384216	-0.504761	-0.357971	-0.556641
0.357361	-0.369873	-0.257263	-0.561523
0.326233	-0.220032	-0.158081	-0.571594
0.298157	-0.063171	-0.058899	-0.587463
0.267029	0.097046	0.036926	-0.605164
0.229492	0.257874	0.130920	-0.627136
0.192261	0.413513	0.227966	-0.656128
0.158081	0.555725	0.328064	-0.688171
0.126038	0.683899	0.416870	-0.723267
0.095520	0.794067	0.484009	-0.761719
0.065613	0.880127	0.533447	-0.794067
0.037537	0.943298	0.567627	-0.819397
0.013733	0.983887	0.586548	-0.838623
-0.003662	0.992432	0.585022	-0.862732
-0.023499	0.963745	0.564575	-0.887756
-0.047607	0.902710	0.527649	-0.900574
-0.072327	0.818176	0.474548	-0.899048
-0.099182	0.718079	0.404663	-0.887756
-0.128174	0.609741	0.322876	-0.870361
-0.156860	0.498657	0.234375	-0.847168
-0.184937	0.390320	0.143127	-0.816345
-0.216675	0.287476	0.053711	-0.775452
-0.248718	0.193481	-0.035400	-0.722961
-0.280762	0.111084	-0.125732	-0.658264
-0.313721	0.034790	-0.206299	-0.580750
-0.346375	-0.032959	-0.268250	-0.487061
-0.373230	-0.090332	-0.314636	-0.379028
-0.392761	-0.140686	-0.347900	-0.270386
-0.409851	-0.178528	-0.366211	-0.157471
-0.418396	-0.198364	-0.373535	-0.034485
-0.412903	-0.202332	-0.370789	0.100708
-0.398865	-0.196838	-0.354004	0.241089
-0.377502	-0.174255	-0.323181	0.384521
-0.349731	-0.134888	-0.279541	0.531006
-0.322876	-0.082703	-0.228577	0.678711
-0.292969	-0.020447	-0.175781	0.822449
-0.257263	0.043335	-0.119019	0.956116
-0.219727	0.108337	-0.055237	1.078186
-0.182495	0.175781	0.008545	1.188965
-0.149231	0.243835	0.072327	1.287537
-0.123596	0.311584	0.137329	1.374512
-0.107117	0.369568	0.197144	1.444092
-0.090637	0.414429	0.248413	1.493225
-0.076904	0.450439	0.292664	1.525574
-0.069580	0.473328	0.328064	1.539917
-0.063782	0.484314	0.356750	1.532593
-0.063782	0.482483	0.378418	1.503906
-0.070801	0.462341	0.392761	1.458435
-0.079956	0.423279	0.398254	1.398010
-0.088501	0.367126	0.395813	1.326294
-0.096741	0.292664	0.387268	1.247559
-0.105591	0.203247	0.371399	1.164246
-0.111389	0.101318	0.349121	1.079712
-0.112915	-0.014648	0.323486	1.000977
-0.109863	-0.146484	0.292358	0.925903
-0.099792	-0.289307	0.254517	0.847473
-0.082397	-0.441895	0.203857	0.766602
-0.059814	-0.597534	0.144653	0.686340
-0.030212	-0.754089	0.082397	0.604248
0.002747	-0.912476	0.019226	0.522766
0.035706	-1.067810	-0.039978	0.447388
0.071106	-1.214294	-0.090942	0.376587
0.108337	-1.343384	-0.133972	0.309448
0.144653	-1.450806	-0.166931	0.245056
0.181274	-1.532288	-0.194702	0.177002
0.216675	-1.586914	-0.213623	0.108337
0.248718	-1.617737	-0.219421	0.041504
0.274963	-1.629944	-0.211487	-0.025635
0.295410	-1.625671	-0.192261	-0.093079
0.309448	-1.600037	-0.163574	-0.156860
0.317688	-1.550903	-0.130005	-0.216980
0.321350	-1.478882	-0.095825	-0.272522
0.323792	-1.387024	-0.058899	-0.326538
0.321350	-1.275940	-0.018921	-0.380859
0.315247	-1.148987	0.023499	-0.432739
0.306396	-1.010742	0.065002	-0.484314
0.293579	-0.860901	0.105286	-0.534058
0.278931	-0.697632	0.145569	-0.583191
0.260925	-0.527344	0.188293	-0.637512
0.239258	-0.354614	0.235596	-0.697327
0.216675	-0.182495	0.283508	-0.758362
0.192261	-0.018921	0.328064	-0.818176
0.163574	0.130310	0.362854	-0.872803
0.131836	0.264893	0.385132	-0.920410
0.100708	0.386963	0.400696	-0.961609
0.073853	0.495300	0.409851	-1.000671
0.053711	0.587463	0.407104	-1.033020
0.039673	0.664673	0.393066	-1.056824
0.031738	0.729370	0.369263	-1.068420
0.028381	0.777893	0.332336	-1.060791
0.029907	0.811768	0.279541	-1.034851
0.035095	0.832520	0.215759	-0.996094
0.045166	0.842285	0.141296	-0.945129
0.059204	0.838013	0.058899	-0.877075
0.075073	0.819397	-0.029297	-0.788269
0.092773	0.787354	-0.122070	-0.679321
0.109558	0.748291	-0.216370	-0.558167
0.125122	0.702515	-0.313110	-0.425415
0.141907	0.647888	-0.411377	-0.277405
0.156860	0.584717	-0.509338	-0.119019
0.169067	0.515442	-0.605164	0.045776
0.175781	0.445862	-0.700684	0.210266
0.177307	0.378418	-0.793762	0.365601
0.170898	0.309753	-0.880737	0.507813
0.156860	0.234375	-0.960083	0.636292
0.135498	0.152893	-1.028137	0.749207
0.107727	0.068359	-1.082153	0.848999
0.075073	-0.018616	-1.125793	0.939331
0.040588	-0.104370	-1.157532	1.014709
0.005188	-0.192566	-1.176453	1.075134
-0.030518	-0.281067	-1.182556	1.119080
-0.066833	-0.367126	-1.177673	1.144409
-0.103149	-0.451660	-1.159973	1.152954
-0.137939	-0.529785	-1.129456	1.144409
-0.168762	-0.599670	-1.087341	1.119080
-0.192871	-0.664368	-1.039734	1.080017
-0.214233	-0.721436	-0.989685	1.033325
-0.234070	-0.763550	-0.934753	0.982971
-0.250244	-0.784912	-0.870667	0.929871
-0.263062	-0.783997	-0.795288	0.872192
-0.270996	-0.766602	-0.707397	0.811462
-0.277100	-0.735474	-0.607605	0.747681
-0.284424	-0.691833	-0.497131	0.681458
-0.291138	-0.636292	-0.380249	0.611877
-0.294495	-0.572510	-0.256348	0.541382
-0.290527	-0.500488	-0.124817	0.469055
-0.281067	-0.422363	0.013123	0.391846
-0.269165	-0.342712	0.155640	0.313416
-0.257874	-0.263062	0.300903	0.237427
-0.246582	-0.184631	0.445557	0.167236
-0.231934	-0.107727	0.587769	0.105896
-0.213318	-0.030212	0.724792	0.056152
-0.187988	0.043640	0.852356	0.017395
-0.155029	0.104370	0.970459	-0.010376
-0.117493	0.149536	1.076965	-0.029297
-0.077515	0.181274	1.168823	-0.042725
-0.038147	0.199280	1.243591	-0.054932
-0.001831	0.199280	1.299744	-0.067444
0.034790	0.181580	1.335449	-0.080872
0.070190	0.145569	1.348267	-0.095825
0.100098	0.096130	1.336365	-0.116272
0.125122	0.036011	1.302185	-0.137634
0.146179	-0.033569	1.246948	-0.163574
0.162659	-0.115356	1.175537	-0.194397
0.173950	-0.204773	1.087341	-0.232849
0.179749	-0.295410	0.985413	-0.280762
0.180359	-0.385132	0.874329	-0.339050
0.175476	-0.470886	0.755615	-0.404358
0.166321	-0.549316	0.631409	-0.474243
0.155029	-0.615845	0.504456	-0.548096
0.145874	-0.668945	0.377808	-0.621033
0.138245	-0.708008	0.254822	-0.691528
0.131836	-0.734253	0.141602	-0.756531
0.123291	-0.746155	0.041504	-0.815125
0.114746	-0.740356	-0.045166	-0.866089
0.107727	-0.717163	-0.118713	-0.906067
0.104980	-0.679321	-0.178833	-0.934448
0.105286	-0.625610	-0.222778	-0.951538
0.110474	-0.556946	-0.251160	-0.955200
0.119934	-0.476379	-0.267639	-0.944824
0.135803	-0.383301	-0.275879	-0.919800
0.155334	-0.276489	-0.278015	-0.881348
0.175476	-0.159302	-0.276489	-0.833130
0.192871	-0.035400	-0.270386	-0.777588
0.208435	0.093689	-0.260925	-0.714417
0.222473	0.230713	-0.250244	-0.642700
0.234680	0.368652	-0.236511	-0.564270
0.244446	0.500183	-0.220642	-0.478210
0.249634	0.628967	-0.206604	-0.382996
0.249023	0.752869	-0.199280	-0.287476
0.245056	0.873108	-0.198669	-0.194092
0.236206	0.990906	-0.205078	-0.104370
0.223083	1.094971	-0.217285	-0.021973
0.206909	1.187439	-0.237122	0.051270
0.188904	1.265564	-0.265503	0.116577
0.166931	1.331787	-0.302734	0.173340
0.143127	1.380310	-0.346069	0.221863
0.117798	1.408081	-0.393982	0.261230
0.088806	1.416626	-0.446167	0.293884
0.056763	1.407166	-0.498962	0.318298
0.023193	1.376648	-0.549011	0.334167
-0.014648	1.325073	-0.595093	0.339661
-0.057068	1.258545	-0.637817	0.333557
-0.102234	1.183472	-0.676575	0.318604
-0.148010	1.103821	-0.709229	0.295410
-0.194092	1.023254	-0.736389	0.267029
-0.239258	0.947571	-0.753784	0.233765
-0.282593	0.877991	-0.757751	0.197449
-0.322266	0.816040	-0.748596	0.159912
-0.357666	0.763855	-0.729370	0.124512
-0.388794	0.719910	-0.697327	0.089722
-0.413208	0.681763	-0.649719	0.057678
-0.430298	0.648499	-0.586548	0.029297
-0.438538	0.617065	-0.508423	0.002441
-0.440369	0.589294	-0.416565	-0.020142
-0.439148	0.566406	-0.315552	-0.035095
-0.432739	0.549316	-0.207520	-0.041504
-0.420532	0.534668	-0.090637	-0.042114
-0.403442	0.521240	0.032043	-0.040894
-0.382385	0.508423	0.157776	-0.036011
-0.360413	0.491943	0.281067	-0.028687
-0.338440	0.473633	0.397034	-0.019226
