2020/1/9 9:21:27 40us
CH1			CH2			CH3			CH4
-0.005188	-0.001831	0.010681	-0.006409
-0.005798	-0.001831	0.010681	-0.006104
-0.005493	-0.002136	0.010071	-0.006409
-0.005188	-0.001831	0.010071	-0.006104
-0.005493	-0.001526	0.010681	-0.005798
-0.005493	-0.001831	0.010681	-0.005798
-0.005798	-0.001526	0.010681	-0.006104
-0.005798	-0.001526	0.010681	-0.006104
-0.005798	-0.002136	0.010986	-0.006104
-0.005493	-0.002136	0.010986	-0.005798
-0.005493	-0.002441	0.010986	-0.006104
-0.005493	-0.002136	0.010681	-0.006104
-0.005493	-0.002136	0.010986	-0.005798
-0.005188	-0.001831	0.010681	-0.005798
-0.005493	-0.001831	0.010681	-0.005798
-0.005798	-0.002441	0.010681	-0.006104
-0.005493	-0.002441	0.010681	-0.005798
-0.005188	-0.002136	0.010376	-0.006409
-0.005188	-0.003052	0.009766	-0.006714
-0.005493	-0.003052	0.010071	-0.006409
-0.005798	-0.002441	0.010071	-0.005798
-0.005493	-0.002747	0.010376	-0.006409
-0.005493	-0.002441	0.010681	-0.006104
-0.005798	-0.002441	0.010376	-0.006409
-0.005798	-0.002747	0.010681	-0.006409
-0.005798	-0.003052	0.010376	-0.006714
-0.005493	-0.002747	0.010376	-0.006409
-0.005798	-0.002441	0.010376	-0.006104
-0.005798	-0.002747	0.010681	-0.006104
-0.005188	-0.002747	0.010376	-0.006714
-0.005188	-0.002747	0.010376	-0.006714
-0.005493	-0.003052	0.010376	-0.006409
-0.005493	-0.003357	0.010681	-0.005798
-0.006104	-0.003052	0.010681	-0.006104
-0.005493	-0.003052	0.010376	-0.006409
-0.005493	-0.003357	0.010681	-0.006409
-0.005493	-0.003357	0.010681	-0.006409
-0.005188	-0.003357	0.010681	-0.006104
-0.005798	-0.003357	0.010376	-0.006409
-0.005798	-0.002747	0.010376	-0.006104
-0.005493	-0.003052	0.010376	-0.006409
-0.005798	-0.002747	0.010681	-0.006104
-0.004883	-0.003052	0.010376	-0.006104
0.071106	-0.003052	0.010376	-0.005493
0.136719	-0.002441	0.010376	-0.006104
0.035095	-0.002136	0.010376	-0.006409
-0.091248	-0.002441	0.010681	-0.006104
-0.177917	-0.005493	0.010986	-0.004578
-0.421448	0.012512	0.013733	-0.009460
-0.760498	-0.024719	0.014038	0.006409
-1.097107	-0.021973	0.013123	-0.024109
-1.390686	0.041809	0.023193	-0.014038
-1.594543	0.082703	0.007019	0.023193
-1.727905	0.047302	0.020752	0.023193
-1.819763	-0.031128	0.034790	0.014038
-1.881409	-0.100403	0.038147	0.024414
-1.913147	-0.166321	0.019531	0.083618
-1.920166	-0.190125	-0.004883	0.119019
-1.889648	-0.225525	-0.028992	0.067444
-1.849365	-0.274353	-0.066528	-0.009766
-1.778259	-0.278320	-0.039673	-0.099487
-1.669312	-0.239868	0.050964	-0.184937
-1.563110	-0.159302	0.148315	-0.299683
-1.410217	-0.048218	0.238037	-0.429688
-1.225281	0.050964	0.285034	-0.518799
-1.045227	0.173950	0.305481	-0.581665
-0.849609	0.318909	0.292358	-0.661011
-0.645447	0.479736	0.228882	-0.740967
-0.464172	0.614929	0.099792	-0.797424
-0.230713	0.719910	-0.067139	-0.834961
0.003052	0.841370	-0.275269	-0.784302
0.226746	0.931091	-0.505066	-0.643921
0.437012	1.008606	-0.724792	-0.494080
0.624084	1.093750	-0.901489	-0.298462
0.767517	1.127625	-0.982666	-0.004883
0.880127	1.115112	-0.949402	0.346069
0.967407	1.051636	-0.864868	0.686951
1.071472	0.973206	-0.712585	1.042786
1.163940	0.897522	-0.471191	1.399841
1.232910	0.807495	-0.217896	1.807251
1.268311	0.709229	0.056763	2.250366
1.273804	0.655212	0.257568	2.676086
1.285095	0.609436	0.391235	3.090515
1.295776	0.518494	0.560303	3.456116
1.273804	0.410156	0.733948	3.771057
1.245728	0.317078	0.864258	4.010010
1.239929	0.177002	0.913391	4.124756
1.234741	-0.029602	0.936584	4.127197
1.178589	-0.258484	0.963440	4.029541
1.113586	-0.533142	0.991211	3.740234
1.011658	-0.781250	0.997009	3.298645
0.885620	-1.004944	0.967407	2.734985
0.748596	-1.187744	0.926208	2.057800
0.597534	-1.256104	0.906067	1.329956
0.472412	-1.237183	0.895081	0.606079
0.351257	-1.136169	0.856018	-0.148315
0.245056	-0.974426	0.789490	-0.908508
0.180359	-0.766296	0.656738	-1.556091
0.177612	-0.553589	0.528564	-2.114868
0.183411	-0.394592	0.381165	-2.595215
0.174255	-0.282288	0.200500	-3.038940
0.159607	-0.200195	0.048828	-3.422241
0.119019	-0.167542	-0.073853	-3.700562
0.060730	-0.154114	-0.199585	-3.910217
-0.013428	-0.144043	-0.330811	-4.054565
-0.095825	-0.173950	-0.441589	-4.132996
-0.191040	-0.216980	-0.541077	-4.141846
-0.274963	-0.248718	-0.579834	-4.134216
-0.319214	-0.316162	-0.536804	-4.092712
-0.339661	-0.453491	-0.455322	-4.005127
-0.352173	-0.621948	-0.367432	-3.915710
-0.306091	-0.831909	-0.263062	-3.792114
-0.198364	-1.050720	-0.131226	-3.619995
-0.071716	-1.263123	-0.002441	-3.406372
0.103149	-1.482544	0.101929	-3.146667
0.297546	-1.675720	0.158691	-2.859497
0.483704	-1.805420	0.169067	-2.542419
0.651245	-1.847229	0.163574	-2.152405
0.788269	-1.803284	0.155334	-1.732483
0.893555	-1.713562	0.153809	-1.319580
0.968628	-1.599426	0.143433	-0.920410
1.026611	-1.430969	0.128174	-0.526428
1.059570	-1.231079	0.121765	-0.158386
1.039734	-1.027527	0.106506	0.170898
0.989075	-0.790405	0.077820	0.436401
0.942383	-0.524902	0.039368	0.645752
0.870972	-0.249329	-0.025635	0.838318
0.758057	0.047302	-0.115662	1.052246
0.607910	0.367737	-0.198669	1.258850
0.443726	0.715942	-0.265808	1.441650
0.277100	1.083069	-0.320435	1.615601
0.115967	1.424255	-0.346985	1.764221
-0.038757	1.714172	-0.346069	1.862488
-0.219421	1.955566	-0.291138	1.903076
-0.407715	2.148438	-0.181885	1.893005
-0.596924	2.308044	-0.045166	1.819153
-0.799561	2.430115	0.126343	1.685486
-0.992737	2.507019	0.306091	1.510010
-1.147156	2.525635	0.464172	1.339722
-1.269226	2.523804	0.595398	1.192017
-1.342163	2.536011	0.684509	1.063538
-1.347656	2.525330	0.711670	0.949707
-1.324768	2.471313	0.650635	0.852966
-1.282349	2.346802	0.500488	0.759583
-1.203003	2.170105	0.305176	0.671387
-1.098633	1.934204	0.081177	0.575256
-1.001892	1.624146	-0.191345	0.480042
-0.903625	1.250000	-0.482178	0.394592
-0.811157	0.847473	-0.760193	0.332642
-0.717468	0.442200	-1.008911	0.323181
-0.615845	0.038757	-1.220703	0.335999
-0.543823	-0.327148	-1.401367	0.340881
-0.478516	-0.649414	-1.550598	0.355835
-0.398560	-0.932922	-1.678467	0.417175
-0.295715	-1.184692	-1.759033	0.515442
-0.174561	-1.404724	-1.786194	0.613098
-0.044250	-1.624756	-1.782837	0.702820
0.083313	-1.859131	-1.760559	0.820923
0.210571	-2.110291	-1.697693	0.987854
0.347900	-2.390442	-1.602173	1.173096
0.486450	-2.671509	-1.484070	1.355286
0.626526	-2.927551	-1.334229	1.524963
0.743408	-3.141785	-1.119995	1.677551
0.812073	-3.284912	-0.844421	1.803894
0.856934	-3.341370	-0.541077	1.907349
0.891113	-3.315430	-0.209351	1.978760
0.906982	-3.211975	0.158081	1.997375
0.895996	-3.033142	0.527344	1.950989
0.866089	-2.779541	0.881042	1.847229
0.835876	-2.446289	1.214294	1.670227
0.799866	-2.047424	1.506958	1.432190
0.748596	-1.628113	1.753845	1.153564
0.696106	-1.210327	1.949158	0.830383
0.642700	-0.796814	2.076111	0.494690
0.557861	-0.382385	2.138672	0.173340
0.447693	0.033264	2.149048	-0.139160
0.327759	0.435486	2.118225	-0.451355
0.195007	0.816956	2.062073	-0.758972
0.053101	1.158142	1.986694	-1.052856
-0.088806	1.447449	1.882019	-1.361389
-0.216370	1.694336	1.745605	-1.690979
-0.326538	1.895447	1.603699	-2.009277
-0.399475	2.039490	1.463013	-2.297058
-0.433044	2.113953	1.309204	-2.568054
-0.434570	2.120972	1.142578	-2.821045
-0.419006	2.063293	0.959778	-3.027954
-0.373230	1.885071	0.764771	-3.159790
-0.311890	1.605530	0.554810	-3.222351
-0.269165	1.310730	0.328674	-3.219604
-0.212402	0.989685	0.073242	-3.172302
-0.140381	0.634766	-0.199585	-3.083496
-0.074463	0.292664	-0.491943	-2.959595
-0.005493	-0.031738	-0.779114	-2.809448
0.060730	-0.344238	-1.022339	-2.650452
0.135803	-0.616760	-1.254883	-2.461853
0.212097	-0.813599	-1.477661	-2.242126
0.278931	-0.945435	-1.655273	-1.990356
0.340881	-1.023254	-1.780396	-1.696472
0.411682	-1.057129	-1.869812	-1.345825
0.502319	-1.050110	-1.957397	-0.964661
0.594177	-0.980530	-2.036133	-0.570679
0.685425	-0.915222	-2.115173	-0.144653
0.761414	-0.893250	-2.181396	0.315552
0.812988	-0.880737	-2.211914	0.763245
0.862732	-0.813904	-2.198181	1.164856
0.901489	-0.722351	-2.133484	1.539001
0.895081	-0.624084	-2.027283	1.877441
0.860291	-0.444336	-1.888428	2.145691
0.781555	-0.169678	-1.694641	2.337646
0.690613	0.164490	-1.464539	2.461243
0.576477	0.543823	-1.242981	2.522583
0.422668	0.935974	-1.015015	2.536926
0.249634	1.316833	-0.760498	2.476196
0.050964	1.680908	-0.499878	2.381897
-0.142822	2.006226	-0.255737	2.248535
-0.328369	2.304993	-0.032349	2.047119
-0.498352	2.556763	0.141296	1.818848
-0.631714	2.740173	0.260620	1.615906
-0.726013	2.851563	0.350647	1.414795
-0.781555	2.908020	0.423584	1.165466
-0.811768	2.881470	0.493164	0.895081
-0.829468	2.755737	0.529175	0.634460
-0.847778	2.583923	0.521240	0.376892
-0.873718	2.403564	0.488892	0.124207
-0.895386	2.183533	0.468140	-0.076904
-0.910339	1.945496	0.448914	-0.223694
-0.906067	1.701355	0.422058	-0.326843
-0.884094	1.432190	0.413208	-0.417786
-0.841064	1.129150	0.375977	-0.473633
-0.757446	0.791321	0.292053	-0.489502
-0.659790	0.415344	0.210266	-0.471802
-0.571594	0.013123	0.157471	-0.423889
-0.473328	-0.418091	0.126953	-0.356750
-0.370789	-0.848694	0.094604	-0.301514
-0.262146	-1.245117	0.048828	-0.269775
-0.152588	-1.618652	0.004578	-0.238953
-0.046692	-1.963501	-0.021973	-0.209961
0.045166	-2.280579	-0.017700	-0.191040
0.108643	-2.550964	0.036926	-0.189514
0.155029	-2.767029	0.136108	-0.205078
0.194702	-2.935486	0.271301	-0.216980
0.248413	-3.100891	0.437622	-0.207825
0.313110	-3.260498	0.634155	-0.177917
0.376282	-3.369141	0.834961	-0.141907
0.457153	-3.397522	1.001587	-0.091248
0.531006	-3.379822	1.146851	-0.018311
0.584717	-3.314819	1.257324	0.085144
0.623474	-3.163452	1.321411	0.202942
0.638733	-2.917175	1.370544	0.306396
0.635376	-2.588196	1.391907	0.395508
0.606079	-2.202148	1.389465	0.453796
0.562439	-1.785889	1.405945	0.480957
0.514526	-1.352844	1.463623	0.464172
0.440979	-0.915833	1.546326	0.432129
0.351868	-0.493469	1.636963	0.345154
0.256653	-0.095215	1.715088	0.179138
0.144958	0.278015	1.764526	-0.008240
0.036011	0.614014	1.781006	-0.198975
-0.064392	0.911255	1.766663	-0.403137
-0.140076	1.179810	1.731873	-0.618286
-0.184021	1.422119	1.673584	-0.810852
-0.198059	1.594849	1.572571	-0.950317
-0.185852	1.703186	1.410828	-1.060486
-0.161133	1.770935	1.204834	-1.136169
-0.123291	1.805115	0.985107	-1.164246
-0.069580	1.814575	0.761414	-1.164551
-0.008545	1.795654	0.562744	-1.162415
0.042725	1.727600	0.379028	-1.152039
0.087280	1.599121	0.175781	-1.109619
0.131531	1.437378	-0.038452	-1.040955
0.148315	1.270752	-0.260315	-0.950928
0.143127	1.114807	-0.495300	-0.847473
0.143433	0.944214	-0.744934	-0.733032
0.151978	0.775757	-1.022949	-0.622864
0.161743	0.625610	-1.320801	-0.505676
0.173645	0.455627	-1.607056	-0.388794
0.195007	0.251770	-1.879272	-0.296021
0.214844	0.031738	-2.141113	-0.206604
0.217896	-0.171204	-2.377625	-0.128784
0.207825	-0.341797	-2.577820	-0.050049
0.191040	-0.487366	-2.725830	0.051270
0.166016	-0.593262	-2.822266	0.167236
0.131531	-0.647583	-2.855835	0.277405
0.093384	-0.648499	-2.826233	0.375671
0.053101	-0.576477	-2.729797	0.471191
0.024414	-0.434265	-2.557068	0.574646
0.007935	-0.241394	-2.324829	0.671692
0.002747	-0.014954	-2.055664	0.746460
-0.009460	0.264893	-1.759644	0.798645
-0.029602	0.599670	-1.460876	0.826111
-0.059204	0.940552	-1.147461	0.841370
-0.098572	1.287231	-0.836487	0.851135
-0.139160	1.637268	-0.538330	0.834656
-0.187683	1.982727	-0.239258	0.795593
-0.251465	2.330017	0.052185	0.743713
-0.323486	2.664185	0.304871	0.682373
-0.406189	2.964478	0.526733	0.614014
-0.487671	3.246155	0.726318	0.541382
-0.558167	3.495178	0.908508	0.474854
-0.605469	3.663940	1.085815	0.399170
-0.643005	3.765869	1.254578	0.305786
-0.658569	3.817444	1.407471	0.230713
-0.640564	3.786926	1.522827	0.177307
-0.596008	3.674927	1.582947	0.144958
-0.533142	3.512573	1.583557	0.149231
-0.461121	3.295288	1.553040	0.176086
-0.372314	3.013916	1.515808	0.224609
-0.263672	2.679443	1.444397	0.304871
-0.140076	2.288818	1.348877	0.389099
-0.029297	1.834106	1.256714	0.452881
0.050049	1.323853	1.161804	0.499878
0.098877	0.780029	1.062317	0.514832
0.131226	0.214539	0.953369	0.492554
0.155029	-0.376587	0.820618	0.437317
0.167542	-0.964661	0.674744	0.368652
0.172424	-1.548157	0.542297	0.290222
0.170288	-2.113037	0.422668	0.194397
0.167542	-2.646484	0.319824	0.095825
0.167236	-3.137512	0.218201	0.010071
0.159607	-3.572083	0.111084	-0.056152
0.150452	-3.949585	-0.000916	-0.096130
0.149841	-4.265137	-0.103149	-0.097046
0.162964	-4.487000	-0.188293	-0.058289
0.192566	-4.678040	-0.244446	-0.003967
0.233154	-4.902649	-0.266418	0.045166
0.270996	-5.066223	-0.244446	0.116882
0.312500	-5.084229	-0.183411	0.198364
0.339966	-5.025330	-0.078125	0.280457
0.342102	-4.896545	0.061035	0.358887
0.330200	-4.636230	0.217285	0.422058
0.304565	-4.252014	0.414429	0.458374
0.292969	-3.778381	0.619507	0.471802
0.270081	-3.251038	0.767517	0.458679
0.233765	-2.705383	0.889587	0.408936
0.210266	-2.155762	1.018066	0.311890
0.171814	-1.611938	1.154480	0.222168
0.109863	-1.100159	1.265259	0.119934
0.035400	-0.599060	1.329346	-0.060120
-0.033875	-0.125732	1.353455	-0.251160
-0.078430	0.310669	1.346741	-0.381775
-0.107422	0.706787	1.337280	-0.478210
-0.134277	1.067505	1.333008	-0.616455
-0.144958	1.413574	1.337891	-0.747070
-0.166931	1.696777	1.314087	-0.813293
-0.187073	1.923523	1.258240	-0.869751
-0.195618	2.132568	1.169128	-0.922852
-0.188293	2.269592	1.065063	-0.919189
-0.153198	2.346191	0.942078	-0.870361
-0.098267	2.352295	0.797119	-0.806580
-0.043335	2.274170	0.642090	-0.750122
0.000000	2.141724	0.447388	-0.666809
0.057983	1.960754	0.203247	-0.552673
0.096436	1.721191	-0.072021	-0.425415
0.092773	1.464233	-0.354919	-0.302734
0.080872	1.201477	-0.643616	-0.188904
0.064697	0.947266	-0.937805	-0.104370
0.042725	0.755920	-1.236877	-0.067749
0.020142	0.585022	-1.528931	-0.077209
0.014648	0.394897	-1.795044	-0.123291
0.021362	0.213318	-2.022095	-0.180054
0.002136	0.086670	-2.207947	-0.251160
-0.024109	0.021667	-2.367249	-0.339355
-0.036011	0.006104	-2.483521	-0.412598
-0.020752	0.021057	-2.547913	-0.434570
0.029297	0.053101	-2.549744	-0.395203
0.081787	0.069580	-2.495728	-0.339966
0.130005	0.094604	-2.425537	-0.264282
0.160522	0.161743	-2.319946	-0.144348
0.164490	0.254211	-2.173157	0.008545
0.155334	0.356445	-1.994629	0.152588
0.131531	0.498352	-1.774597	0.279846
0.101929	0.683289	-1.523132	0.396118
0.066223	0.895691	-1.236267	0.491028
0.018005	1.116943	-0.942688	0.571594
-0.043640	1.328430	-0.668640	0.626831
-0.119019	1.513367	-0.410156	0.683899
-0.198669	1.666870	-0.166321	0.733337
-0.282593	1.793213	0.051270	0.764465
-0.361023	1.872253	0.221863	0.790405
-0.417786	1.906128	0.362549	0.790100
-0.452576	1.889343	0.482483	0.781555
-0.448914	1.836853	0.592651	0.779724
-0.408020	1.755981	0.708313	0.752563
-0.338440	1.650085	0.814819	0.725403
-0.245361	1.496277	0.903625	0.713806
-0.161438	1.318970	0.968018	0.693054
-0.074463	1.148376	1.015625	0.661316
0.015259	0.979614	1.051636	0.624390
0.097046	0.795288	1.094055	0.588989
0.173035	0.588074	1.128540	0.554199
0.245056	0.341797	1.145630	0.523071
0.304565	0.055542	1.134644	0.508118
0.336914	-0.263977	1.086731	0.506592
0.344238	-0.618896	1.008301	0.496826
0.324097	-0.996399	0.919800	0.473328
0.292664	-1.385803	0.826416	0.444336
0.270081	-1.784058	0.737610	0.431213
0.245056	-2.172852	0.677185	0.421753
0.202332	-2.538757	0.623474	0.396729
0.141907	-2.875366	0.568848	0.367126
0.079346	-3.151245	0.520020	0.326538
0.011597	-3.342285	0.471802	0.262756
-0.069885	-3.466492	0.437622	0.192566
-0.145874	-3.578796	0.436401	0.144043
-0.207825	-3.665161	0.473938	0.105896
-0.258179	-3.682861	0.546570	0.068665
-0.288086	-3.637085	0.647888	0.012817
-0.284119	-3.558655	0.755005	-0.045776
-0.260925	-3.426208	0.828857	-0.093079
-0.240784	-3.222961	0.883179	-0.132751
-0.228577	-2.958984	0.934753	-0.178833
-0.220642	-2.633057	0.949097	-0.250244
-0.227966	-2.251892	0.926514	-0.355530
-0.231323	-1.824036	0.900879	-0.480042
-0.223999	-1.361389	0.889587	-0.616150
-0.222473	-0.891418	0.888367	-0.754700
-0.220032	-0.423584	0.867920	-0.909729
-0.225525	0.033569	0.836487	-1.076965
-0.243225	0.459595	0.805664	-1.210022
-0.255127	0.847778	0.774536	-1.290283
-0.252686	1.187439	0.747070	-1.344604
-0.234375	1.477661	0.747375	-1.390381
-0.206299	1.727600	0.755615	-1.382751
-0.180969	1.937561	0.740356	-1.299744
-0.139771	2.121277	0.694885	-1.159058
-0.081177	2.264099	0.616760	-0.953674
-0.011902	2.355042	0.513000	-0.702209
0.065002	2.412415	0.392761	-0.433655
0.143127	2.412720	0.274353	-0.157471
0.223083	2.367554	0.162354	0.104980
0.307312	2.286072	0.049438	0.338135
0.391235	2.150269	-0.062256	0.530701
0.446777	1.961975	-0.177917	0.697021
0.466003	1.755066	-0.314636	0.836792
0.465698	1.537170	-0.493164	0.949402
0.448608	1.317444	-0.710754	0.998230
0.430908	1.106873	-0.956726	0.977783
0.420837	0.890808	-1.214600	0.903931
0.418701	0.681458	-1.459656	0.782471
0.408630	0.499878	-1.689148	0.621033
0.372925	0.345154	-1.902466	0.434265
0.325928	0.217590	-2.107239	0.221558
0.285339	0.121155	-2.292480	0.005798
0.249023	0.047607	-2.453613	-0.184631
0.202332	-0.003662	-2.571411	-0.348511
0.145569	-0.039673	-2.640686	-0.510864
0.085754	-0.053101	-2.657166	-0.666199
0.020752	-0.062561	-2.605591	-0.780945
-0.057373	-0.069885	-2.503967	-0.859680
-0.135803	-0.061035	-2.366943	-0.915833
-0.212402	-0.028076	-2.190857	-0.942383
-0.275574	0.015564	-1.977539	-0.936584
-0.314026	0.078430	-1.730042	-0.907288
-0.338440	0.173950	-1.459656	-0.858459
-0.366211	0.286865	-1.179199	-0.805969
-0.397339	0.396729	-0.900269	-0.745544
-0.423279	0.501404	-0.621643	-0.698242
-0.448914	0.601196	-0.342407	-0.654297
-0.473022	0.703430	-0.066833	-0.607605
-0.483704	0.807800	0.203552	-0.565491
-0.470886	0.912781	0.458374	-0.534058
-0.433960	1.033630	0.705566	-0.524597
-0.374451	1.143494	0.957947	-0.525208
-0.289001	1.223755	1.204834	-0.519714
-0.194092	1.282043	1.419983	-0.502930
-0.104980	1.333313	1.611938	-0.473022
-0.006409	1.374817	1.766663	-0.422668
0.097351	1.384583	1.873169	-0.358276
0.206604	1.356201	1.943359	-0.283508
0.310364	1.286011	1.977844	-0.181885
0.397339	1.180420	1.972046	-0.055847
0.461121	1.038818	1.925964	0.079346
0.495911	0.859070	1.851196	0.210876
0.495605	0.641479	1.757813	0.328674
0.465393	0.385742	1.650696	0.428162
0.415649	0.090027	1.536865	0.520325
0.344238	-0.241394	1.424866	0.599976
0.253296	-0.593567	1.317139	0.646667
0.157776	-0.957642	1.195984	0.665588
0.063782	-1.307678	1.062622	0.668030
-0.029297	-1.625061	0.923157	0.658569
-0.121765	-1.914673	0.782471	0.628357
-0.198975	-2.171631	0.646667	0.578613
-0.263977	-2.387085	0.510254	0.527344
-0.321960	-2.555847	0.377197	0.473022
-0.364075	-2.666931	0.255737	0.418091
-0.383301	-2.731323	0.157776	0.369568
-0.379639	-2.777405	0.074158	0.323792
-0.364685	-2.789001	-0.002441	0.268250
-0.351257	-2.739868	-0.072632	0.195618
-0.340271	-2.633667	-0.142517	0.120239
-0.332031	-2.483215	-0.215454	0.044556
-0.322266	-2.282410	-0.279846	-0.032349
-0.304871	-2.022095	-0.316772	-0.108643
-0.277100	-1.711121	-0.330200	-0.183105
-0.239258	-1.365356	-0.357971	-0.245667
-0.201111	-0.995789	-0.407715	-0.292358
-0.166321	-0.631714	-0.449524	-0.328369
-0.131531	-0.286865	-0.473938	-0.347595
-0.095215	0.039673	-0.485840	-0.346985
-0.065002	0.346985	-0.491638	-0.341797
-0.046082	0.629883	-0.494080	-0.324402
-0.030212	0.881348	-0.486450	-0.261536
-0.006409	1.094666	-0.459900	-0.163269
0.024719	1.275940	-0.417480	-0.055542
0.060425	1.436157	-0.368652	0.052490
0.098877	1.577148	-0.325623	0.174255
0.140991	1.681519	-0.287781	0.302734
0.195923	1.763000	-0.253906	0.422363
0.259399	1.816101	-0.223999	0.531311
0.328979	1.809998	-0.205078	0.633850
0.389404	1.768494	-0.207825	0.706787
0.440063	1.709900	-0.228577	0.747681
0.485229	1.631470	-0.278625	0.762634
0.530701	1.532898	-0.365295	0.755310
0.553284	1.417236	-0.473938	0.718994
0.536499	1.307373	-0.583191	0.650330
0.504150	1.208801	-0.687866	0.545044
0.467834	1.120911	-0.805359	0.419922
0.426025	1.055298	-0.924683	0.272827
0.374756	1.010132	-1.020203	0.099487
0.316162	0.979309	-1.090088	-0.082397
0.261230	0.946350	-1.138916	-0.270386
0.196228	0.911560	-1.177673	-0.471802
0.118408	0.889587	-1.209717	-0.677795
0.045776	0.877686	-1.235962	-0.850525
-0.014038	0.867310	-1.241455	-0.976257
-0.064697	0.856323	-1.219482	-1.073608
-0.109863	0.838623	-1.161499	-1.159363
-0.148621	0.802612	-1.083374	-1.228333
-0.185547	0.748596	-0.994568	-1.264954
-0.219421	0.681763	-0.892639	-1.266174
-0.254211	0.597839	-0.772400	-1.248474
-0.279236	0.510254	-0.638123	-1.232910
-0.294189	0.434265	-0.489502	-1.221924
-0.301819	0.363464	-0.327148	-1.217957
-0.303650	0.293884	-0.158997	-1.217651
-0.296936	0.218506	0.000000	-1.215210
-0.291138	0.140686	0.144348	-1.203003
-0.285645	0.068970	0.278320	-1.175232
-0.264282	0.005798	0.395813	-1.134644
-0.229492	-0.054932	0.491943	-1.072388
-0.185852	-0.117493	0.571899	-0.989990
-0.133057	-0.183411	0.635681	-0.896301
-0.073547	-0.251465	0.692139	-0.786438
-0.003662	-0.322876	0.745239	-0.656738
0.062866	-0.403748	0.786438	-0.506592
0.120850	-0.504761	0.813599	-0.330505
0.176697	-0.624084	0.823364	-0.129089
0.235291	-0.752258	0.821838	0.096436
0.298157	-0.881042	0.815735	0.340576
0.355835	-1.009827	0.809937	0.574341
0.405884	-1.140442	0.805664	0.794067
0.446777	-1.270752	0.798035	1.013794
0.477600	-1.407166	0.784607	1.231384
0.488892	-1.550293	0.761414	1.435242
0.471802	-1.690979	0.728455	1.607361
0.433655	-1.825562	0.686951	1.741943
0.393372	-1.954346	0.639648	1.840515
0.346680	-2.067261	0.597839	1.901550
0.287476	-2.158203	0.567627	1.923523
0.210266	-2.221985	0.547791	1.905823
0.118408	-2.257996	0.526123	1.853333
0.015869	-2.258606	0.494995	1.774902
-0.088501	-2.216797	0.455933	1.665649
-0.184326	-2.144470	0.410767	1.520996
-0.274048	-2.048035	0.364380	1.346130
-0.358582	-1.927490	0.318298	1.154175
-0.429993	-1.784363	0.279846	0.943909
-0.487976	-1.628113	0.246277	0.724487
-0.533447	-1.473999	0.210876	0.514526
-0.570068	-1.318359	0.166321	0.312805
-0.599060	-1.157532	0.111084	0.117493
-0.621948	-0.990906	0.048828	-0.065308
-0.637207	-0.822449	-0.017090	-0.231323
-0.643921	-0.660400	-0.075989	-0.373840
-0.645142	-0.499268	-0.119324	-0.489197
-0.639954	-0.335693	-0.152893	-0.578918
-0.629883	-0.163879	-0.186157	-0.648193
-0.614319	0.011902	-0.220337	-0.704346
-0.588074	0.185852	-0.252075	-0.750732
-0.544434	0.349121	-0.272827	-0.776062
-0.481873	0.501709	-0.275574	-0.777283
-0.406494	0.646667	-0.258484	-0.758667
-0.324707	0.781555	-0.225525	-0.722351
-0.236511	0.902405	-0.179138	-0.661011
-0.140991	1.012268	-0.122375	-0.567627
-0.037537	1.117554	-0.065918	-0.449829
0.073853	1.215210	-0.019226	-0.317383
0.183411	1.299438	0.018311	-0.171814
0.283813	1.362000	0.047913	-0.018616
0.376282	1.406860	0.073242	0.138550
0.464172	1.439514	0.091858	0.292969
0.547791	1.463928	0.093689	0.433960
0.620117	1.478882	0.078430	0.552063
0.672913	1.481323	0.057373	0.649414
0.702515	1.473694	0.031738	0.730896
0.706482	1.451721	-0.005188	0.793152
0.686035	1.411438	-0.057068	0.830078
0.651245	1.353455	-0.115662	0.841370
0.608521	1.281128	-0.176697	0.824280
0.562134	1.199646	-0.238953	0.779114
0.506592	1.113892	-0.300903	0.707397
0.438538	1.023254	-0.365601	0.606384
0.364685	0.922241	-0.429382	0.483704
0.289917	0.808411	-0.486755	0.346680
0.218201	0.682678	-0.531616	0.190735
0.145569	0.550537	-0.567017	0.021973
0.075378	0.418396	-0.597534	-0.151367
0.010376	0.295715	-0.625305	-0.317688
-0.049438	0.187988	-0.645447	-0.472107
-0.101624	0.093689	-0.659485	-0.617676
-0.148010	0.009766	-0.669556	-0.755615
-0.190125	-0.073853	-0.671387	-0.882568
-0.227966	-0.161133	-0.661316	-0.990906
-0.256348	-0.247192	-0.634766	-1.078796
-0.272827	-0.332336	-0.594482	-1.145935
-0.274658	-0.418701	-0.543213	-1.197510
-0.268250	-0.504761	-0.477600	-1.228638
-0.255127	-0.587769	-0.393677	-1.235962
-0.235901	-0.661926	-0.297241	-1.218872
-0.212708	-0.724487	-0.190125	-1.174927
-0.190430	-0.773926	-0.070190	-1.107178
-0.163879	-0.809631	0.060730	-1.016846
-0.130920	-0.827942	0.199890	-0.904541
-0.094604	-0.829773	0.343018	-0.769043
-0.056152	-0.821228	0.491028	-0.610352
-0.016174	-0.805664	0.627747	-0.443115
0.026550	-0.782166	0.756226	-0.259399
0.070496	-0.757141	0.874634	-0.065918
0.113220	-0.732727	0.975647	0.126343
0.155945	-0.713501	1.053772	0.309753
0.191040	-0.696716	1.105957	0.483704
0.214844	-0.676270	1.129761	0.649719
0.221558	-0.649719	1.128235	0.798645
0.216370	-0.616150	1.106873	0.927429
0.202026	-0.579834	1.071472	1.028748
0.177612	-0.543518	1.029358	1.100159
0.143127	-0.502014	0.980530	1.139832
0.094604	-0.458069	0.928040	1.153870
0.028992	-0.413208	0.873413	1.141968
-0.046082	-0.370483	0.821838	1.106873
-0.123596	-0.327454	0.776978	1.051636
-0.198364	-0.278931	0.736389	0.982056
-0.276489	-0.228271	0.700989	0.903015
-0.355530	-0.175171	0.666504	0.813904
-0.429077	-0.114746	0.624695	0.714722
-0.494995	-0.051575	0.574341	0.609436
-0.551758	0.008850	0.517883	0.503845
-0.600586	0.065308	0.454102	0.400085
-0.639343	0.117798	0.382690	0.302124
-0.662537	0.168152	0.307007	0.213318
-0.665588	0.216370	0.231628	0.135193
-0.655823	0.264893	0.155334	0.065613
-0.635376	0.306091	0.073547	0.000610
-0.607910	0.338440	-0.014038	-0.060425
-0.572815	0.366516	-0.108032	-0.116577
-0.527954	0.389099	-0.205383	-0.169067
-0.471497	0.405273	-0.305176	-0.215759
-0.405579	0.413513	-0.405273	-0.253601
-0.331421	0.409851	-0.504456	-0.279846
-0.252380	0.398254	-0.596619	-0.292358
-0.167847	0.379639	-0.677490	-0.296631
-0.083923	0.358276	-0.746155	-0.294800
-0.006714	0.332947	-0.799866	-0.282593
0.065002	0.305176	-0.834961	-0.260925
0.131531	0.275574	-0.851746	-0.230408
0.192261	0.245667	-0.851746	-0.189209
0.248413	0.216980	-0.837402	-0.137939
0.300598	0.194397	-0.814819	-0.072327
0.349426	0.175476	-0.789490	0.007935
0.395813	0.158081	-0.762329	0.098267
0.439758	0.141602	-0.735779	0.193787
0.476685	0.125427	-0.711975	0.287170
0.505676	0.105896	-0.685120	0.370178
0.528259	0.085144	-0.656433	0.440369
0.542908	0.065613	-0.625916	0.496216
0.551453	0.046997	-0.592346	0.534363
0.553589	0.037231	-0.555420	0.553894
0.550232	0.039063	-0.514221	0.556946
0.538025	0.056763	-0.466309	0.538330
0.515137	0.093079	-0.409241	0.494080
0.480652	0.149536	-0.347900	0.427856
0.437317	0.226440	-0.281372	0.339661
0.390015	0.320435	-0.208740	0.230103
0.340881	0.426636	-0.130920	0.102234
0.290527	0.541077	-0.049133	-0.040283
0.238037	0.655518	0.034790	-0.191650
0.185852	0.763550	0.119019	-0.347290
0.133667	0.859375	0.201111	-0.504761
0.079956	0.939636	0.278625	-0.662231
0.027161	1.000366	0.348816	-0.820007
-0.023499	1.039429	0.408020	-0.971985
-0.072937	1.056519	0.458374	-1.111755
-0.116272	1.049805	0.500488	-1.237793
-0.154114	1.011353	0.531921	-1.346436
-0.186157	0.939026	0.552368	-1.436768
-0.214233	0.839539	0.563049	-1.506653
-0.236206	0.727234	0.566711	-1.554565
-0.250854	0.595093	0.561829	-1.582031
-0.258179	0.443726	0.546265	-1.589355
-0.259705	0.283203	0.521545	-1.573486
-0.257263	0.115967	0.492859	-1.530151
-0.248413	-0.047302	0.459900	-1.457214
-0.232239	-0.204773	0.419922	-1.350403
-0.208435	-0.351257	0.373535	-1.216125
-0.178833	-0.483093	0.326233	-1.061096
-0.145264	-0.593567	0.281372	-0.888062
-0.106201	-0.684509	0.243225	-0.703735
-0.063171	-0.757751	0.208740	-0.516052
-0.015259	-0.820007	0.177307	-0.325317
0.035400	-0.872192	0.148010	-0.126343
0.087891	-0.917053	0.122681	0.077820
0.142212	-0.949707	0.103760	0.276794
0.195618	-0.970764	0.090027	0.466614
0.239868	-0.981140	0.075989	0.647278
0.273132	-0.977173	0.057373	0.817566
0.292053	-0.953064	0.037231	0.979919
0.296936	-0.905457	0.016785	1.139526
0.289917	-0.837402	-0.002136	1.291504
0.273132	-0.755005	-0.014954	1.432190
0.246887	-0.655823	-0.019836	1.556396
0.214233	-0.539551	-0.016479	1.661987
0.175781	-0.413818	-0.004883	1.743469
0.123291	-0.285339	0.014648	1.795654
0.060120	-0.157776	0.039063	1.812439
-0.006409	-0.034485	0.067139	1.795349
-0.073547	0.082703	0.094910	1.748962
-0.135803	0.192566	0.115356	1.676331
-0.190735	0.289307	0.123596	1.578064
-0.242004	0.365295	0.120239	1.455994
-0.289612	0.419617	0.104980	1.314087
-0.331726	0.450439	0.078125	1.155701
-0.369568	0.455627	0.039368	0.981445
-0.398865	0.436401	-0.014038	0.797424
-0.417480	0.397949	-0.080566	0.610046
-0.425720	0.346375	-0.157776	0.423279
-0.424805	0.283508	-0.244446	0.238647
-0.412903	0.212708	-0.337830	0.059814
-0.390930	0.139771	-0.430603	-0.105896
-0.360107	0.068665	-0.518799	-0.253601
-0.325928	0.000305	-0.595703	-0.382996
-0.289917	-0.065002	-0.657043	-0.495911
-0.253296	-0.126953	-0.700989	-0.593262
-0.215149	-0.183411	-0.724487	-0.676270
-0.171814	-0.234680	-0.725708	-0.743103
-0.125122	-0.281372	-0.704651	-0.789185
-0.076599	-0.323486	-0.662231	-0.811768
-0.027161	-0.360107	-0.599365	-0.812683
0.020447	-0.388794	-0.521545	-0.794373
0.063782	-0.408630	-0.435791	-0.759277
0.106812	-0.416260	-0.345154	-0.712585
0.150757	-0.407715	-0.255432	-0.658569
0.195007	-0.381775	-0.169067	-0.598755
0.238037	-0.343933	-0.089111	-0.533752
0.280457	-0.294189	-0.017090	-0.459290
0.317993	-0.235291	0.047607	-0.380859
0.351563	-0.168152	0.106201	-0.306702
0.383606	-0.093994	0.158081	-0.241089
0.411682	-0.012817	0.202026	-0.189209
0.432434	0.074463	0.239563	-0.155029
0.443726	0.169067	0.272827	-0.139160
0.443420	0.265808	0.301819	-0.140076
0.434570	0.360107	0.328064	-0.154114
0.417480	0.451355	0.351868	-0.178833
0.392456	0.540466	0.374756	-0.217590
0.358887	0.625916	0.397034	-0.274658
0.318604	0.695496	0.416260	-0.344849
0.273132	0.747070	0.436096	-0.425415
0.219116	0.777283	0.458374	-0.511169
0.161438	0.783081	0.476074	-0.598145
0.104980	0.766602	0.484009	-0.682068
0.054016	0.731506	0.478210	-0.758057
0.008850	0.682373	0.457764	-0.823975
-0.028687	0.620422	0.424500	-0.878601
-0.059509	0.543823	0.381470	-0.914307
-0.084534	0.450439	0.327148	-0.929260
-0.101318	0.341492	0.264893	-0.925598
-0.105286	0.217590	0.195007	-0.904846
-0.097961	0.083923	0.119629	-0.869446
-0.079651	-0.055237	0.039063	-0.821228
-0.053711	-0.197144	-0.043335	-0.761108
-0.021667	-0.335083	-0.124512	-0.687561
0.011597	-0.461121	-0.200500	-0.604248
0.042419	-0.571289	-0.270386	-0.514221
0.068970	-0.668030	-0.329895	-0.419617
0.089417	-0.751648	-0.382080	-0.321350
0.105286	-0.824280	-0.421448	-0.221558
0.116577	-0.883179	-0.449829	-0.120850
0.123596	-0.931091	-0.466919	-0.016174
0.125732	-0.974426	-0.476990	0.091553
0.120850	-1.011658	-0.477905	0.199890
0.109558	-1.033020	-0.468140	0.307617
0.093994	-1.036987	-0.449829	0.413208
0.075989	-1.024170	-0.425720	0.513611
0.054321	-0.989685	-0.394897	0.608215
0.030518	-0.931396	-0.357361	0.696106
0.004578	-0.852051	-0.312805	0.775452
-0.021362	-0.754395	-0.267944	0.845032
-0.049438	-0.639038	-0.220947	0.903320
-0.077820	-0.507813	-0.168152	0.947876
-0.106201	-0.363770	-0.104065	0.978699
-0.138855	-0.209351	-0.031433	0.996094
-0.174561	-0.048828	0.047607	0.995789
-0.214233	0.113525	0.129395	0.975342
-0.251770	0.278625	0.209961	0.940247
-0.285339	0.443420	0.288086	0.891724
-0.313416	0.603333	0.364075	0.827637
-0.338135	0.756836	0.436096	0.747681
-0.358276	0.903931	0.502625	0.655823
-0.374451	1.043396	0.560303	0.553894
-0.385132	1.173706	0.607300	0.443420
-0.392151	1.288147	0.642700	0.328979
-0.394287	1.379700	0.668640	0.216064
-0.391235	1.448975	0.686340	0.109558
-0.383301	1.492615	0.696106	0.013428
-0.370178	1.498413	0.696411	-0.068054
-0.349731	1.466370	0.686340	-0.135498
-0.320740	1.411438	0.666504	-0.189514
-0.281982	1.336670	0.636292	-0.232239
-0.235596	1.242065	0.595093	-0.265808
-0.186768	1.130371	0.540771	-0.291748
-0.140686	1.013184	0.478516	-0.308838
-0.100098	0.882568	0.409546	-0.321655
-0.062561	0.737610	0.331116	-0.323792
-0.028076	0.581665	0.238953	-0.315857
0.003052	0.420532	0.142212	-0.303650
0.028687	0.260010	0.046997	-0.289612
0.048218	0.102844	-0.043335	-0.274353
0.065308	-0.050354	-0.130615	-0.260925
0.079651	-0.201111	-0.217590	-0.249634
0.092163	-0.341797	-0.298767	-0.232239
0.107422	-0.474243	-0.376892	-0.209656
0.125427	-0.597534	-0.447998	-0.190735
0.147400	-0.708313	-0.506287	-0.180054
0.173340	-0.805359	-0.551147	-0.170288
0.199890	-0.889282	-0.584106	-0.158081
0.227356	-0.953369	-0.606079	-0.145569
0.256042	-0.995178	-0.613098	-0.130920
0.285645	-1.016846	-0.605164	-0.112610
0.312805	-1.011658	-0.583191	-0.095215
0.332642	-0.974731	-0.545654	-0.081787
0.342407	-0.912781	-0.493469	-0.071411
0.343323	-0.828247	-0.429688	-0.061340
0.335999	-0.724182	-0.356445	-0.054932
0.315552	-0.603333	-0.271606	-0.052795
0.282593	-0.467529	-0.178528	-0.058899
0.242310	-0.320740	-0.087891	-0.072632
0.200806	-0.166016	-0.002441	-0.099182
0.159912	-0.008545	0.081787	-0.138550
0.120544	0.141907	0.164795	-0.187988
0.084534	0.278320	0.243530	-0.241394
0.047913	0.402527	0.311890	-0.300903
0.009155	0.515137	0.373230	-0.364990
-0.025940	0.613708	0.427246	-0.429382
-0.052490	0.690613	0.476379	-0.488586
-0.070496	0.743103	0.516357	-0.539551
-0.081177	0.772400	0.542297	-0.583496
-0.088806	0.778198	0.550537	-0.621338
-0.095520	0.763245	0.538330	-0.648193
-0.099792	0.727234	0.510254	-0.664673
-0.103149	0.663452	0.467834	-0.670471
-0.105591	0.578918	0.413208	-0.667114
-0.106201	0.484009	0.346069	-0.655518
-0.104980	0.386047	0.266724	-0.634766
-0.105591	0.284424	0.177612	-0.604248
-0.111084	0.184021	0.081177	-0.567322
-0.122375	0.089111	-0.017090	-0.523682
-0.139465	0.001831	-0.110779	-0.475159
-0.157166	-0.077820	-0.198669	-0.422668
-0.176086	-0.151062	-0.281372	-0.366821
-0.196228	-0.215759	-0.348816	-0.309143
-0.215454	-0.270081	-0.393982	-0.250549
-0.231934	-0.312195	-0.417786	-0.189514
-0.239868	-0.343018	-0.424500	-0.126953
-0.240173	-0.362244	-0.421448	-0.059814
-0.233154	-0.369568	-0.410461	0.019531
-0.221252	-0.362549	-0.391235	0.114441
-0.203552	-0.337830	-0.361328	0.214844
-0.180359	-0.293274	-0.321045	0.314331
-0.155334	-0.230408	-0.274658	0.409851
-0.130920	-0.156250	-0.224609	0.500793
-0.107117	-0.072632	-0.174255	0.595398
-0.086670	0.018311	-0.123291	0.692749
-0.068970	0.111694	-0.071411	0.783081
-0.055847	0.208435	-0.018921	0.857544
-0.045471	0.306702	0.034485	0.912170
-0.037842	0.400391	0.087891	0.946350
-0.032349	0.477600	0.140686	0.961914
-0.033264	0.536804	0.191956	0.961914
-0.043030	0.578918	0.241699	0.949707
-0.058289	0.604553	0.287170	0.927124
-0.072327	0.613403	0.322266	0.897522
-0.083923	0.610046	0.346680	0.862732
-0.091553	0.590515	0.362549	0.818787
-0.094604	0.554504	0.372620	0.767822
-0.092468	0.501404	0.377197	0.714111
-0.087585	0.432434	0.376587	0.658264
-0.083313	0.348816	0.366516	0.602722
-0.075989	0.251160	0.346069	0.553589
-0.063171	0.140076	0.313721	0.512695
-0.046387	0.019836	0.270081	0.477600
-0.024719	-0.109558	0.217285	0.441895
-0.001526	-0.244751	0.157166	0.404053
0.020447	-0.383911	0.091553	0.366821
0.041199	-0.523071	0.026245	0.334473
0.061340	-0.658875	-0.036926	0.303650
0.080872	-0.786133	-0.095520	0.267944
0.100708	-0.901184	-0.149536	0.226440
0.122375	-1.002197	-0.198669	0.179749
0.142212	-1.087341	-0.238342	0.132751
0.157776	-1.154480	-0.264587	0.085754
0.164490	-1.201477	-0.276489	0.038147
0.165100	-1.228638	-0.274963	-0.011597
0.159607	-1.236572	-0.262451	-0.059814
0.150146	-1.224365	-0.242920	-0.103149
0.137634	-1.191101	-0.213623	-0.142822
0.127869	-1.139526	-0.177307	-0.180969
0.120850	-1.070862	-0.132446	-0.213318
0.116882	-0.985413	-0.079346	-0.240173
0.113831	-0.885010	-0.021057	-0.260620
0.112000	-0.773315	0.040283	-0.275879
0.111084	-0.652161	0.103149	-0.290527
0.111389	-0.518799	0.163269	-0.308838
0.108032	-0.373230	0.217590	-0.333252
0.100098	-0.220337	0.271301	-0.361023
0.089417	-0.065002	0.322876	-0.389099
0.076599	0.087280	0.367737	-0.416565
0.061646	0.231934	0.405884	-0.447388
0.043640	0.368652	0.440979	-0.478210
0.023193	0.498047	0.467529	-0.511475
0.003662	0.618286	0.484619	-0.546570
-0.013428	0.726624	0.496521	-0.580750
-0.025330	0.818176	0.502014	-0.608826
-0.033569	0.888672	0.494385	-0.629272
-0.038452	0.940857	0.472107	-0.639343
-0.037231	0.977783	0.437927	-0.633850
-0.030518	1.002502	0.389709	-0.612183
-0.018921	1.012878	0.327759	-0.574036
0.000305	1.003113	0.258484	-0.520630
0.023193	0.971375	0.183716	-0.451050
0.044861	0.921326	0.104065	-0.365295
0.067139	0.853577	0.023193	-0.268555
0.091553	0.764160	-0.056458	-0.162048
0.113831	0.661316	-0.137329	-0.050049
0.133972	0.549316	-0.226135	0.066223
0.150146	0.431519	-0.319519	0.180054
0.156860	0.311890	-0.411987	0.288086
0.152588	0.191040	-0.505066	0.388184
0.145264	0.071106	-0.596008	0.477295
0.130615	-0.043335	-0.681152	0.553589
0.104980	-0.147705	-0.759277	0.618591
0.076599	-0.244446	-0.830383	0.670166
0.050354	-0.332642	-0.891724	0.705872
0.024109	-0.407104	-0.942078	0.728149
-0.003967	-0.468445	-0.980530	0.738831
-0.029297	-0.522766	-1.001587	0.737305
-0.053711	-0.571594	-1.005859	0.722961
-0.078735	-0.612488	-0.991516	0.702209
-0.099182	-0.643616	-0.960999	0.673523
-0.114746	-0.662231	-0.916443	0.636902
-0.127258	-0.665283	-0.862427	0.597229
-0.136108	-0.653076	-0.801392	0.558472
-0.140686	-0.627747	-0.730591	0.518188
-0.145569	-0.590210	-0.648804	0.478210
-0.150146	-0.541992	-0.557251	0.439758
-0.152283	-0.485535	-0.459595	0.399780
-0.153503	-0.421143	-0.357361	0.360107
-0.157166	-0.353088	-0.249634	0.317993
-0.165100	-0.285645	-0.137634	0.272522
-0.171204	-0.218811	-0.025635	0.222778
-0.177917	-0.149536	0.084229	0.171204
-0.180054	-0.077515	0.190125	0.115967
-0.180054	-0.006104	0.298767	0.062561
-0.177917	0.060425	0.405579	0.011597
-0.170593	0.130005	0.510254	-0.036926
-0.159912	0.200806	0.609741	-0.081177
-0.144348	0.265198	0.701599	-0.119324
-0.123901	0.320129	0.782471	-0.148010
-0.094299	0.361633	0.851440	-0.165100
-0.061035	0.386963	0.906067	-0.171204
-0.027466	0.397644	0.945435	-0.172729
0.008545	0.391235	0.966187	-0.171204
0.044861	0.365906	0.968323	-0.165710
0.077209	0.324097	0.953979	-0.157471
0.106506	0.268250	0.921021	-0.149231
0.129089	0.194092	0.875854	-0.142822
0.144043	0.106812	0.817566	-0.140076
0.156860	0.009155	0.747681	-0.145264
0.164490	-0.095520	0.668335	-0.157776
0.166321	-0.201721	0.585022	-0.179443
0.160522	-0.304260	0.494385	-0.210266
0.151062	-0.402527	0.399170	-0.247803
0.135193	-0.495300	0.304871	-0.291138
0.115967	-0.576172	0.212402	-0.339966
0.096436	-0.645142	0.124207	-0.387878
0.076599	-0.701599	0.042725	-0.433044
0.062256	-0.742188	-0.030823	-0.473633
0.052795	-0.763245	-0.095825	-0.509644
0.048218	-0.769043	-0.150452	-0.539551
0.046387	-0.759888	-0.196228	-0.563354
0.045471	-0.732727	-0.233765	-0.579834
0.046387	-0.690308	-0.261230	-0.586548
0.050354	-0.634155	-0.278320	-0.584412
0.058594	-0.563354	-0.287781	-0.576477
0.069275	-0.481567	-0.289917	-0.562134
0.081482	-0.391846	-0.288391	-0.541382
0.093384	-0.291138	-0.281982	-0.512695
0.103455	-0.183716	-0.271301	-0.477905
0.112915	-0.072327	-0.256042	-0.436096
0.122070	0.044250	-0.236206	-0.389099
0.129395	0.161438	-0.212402	-0.337219
0.135498	0.277405	-0.188293	-0.279541
0.137939	0.387878	-0.165405	-0.216370
0.138550	0.491028	-0.146179	-0.154419
0.138245	0.588074	-0.131226	-0.096436
0.136719	0.679016	-0.118408	-0.040894
0.131531	0.760803	-0.107422	0.011292
0.124817	0.829163	-0.099487	0.061646
0.117798	0.885620	-0.097046	0.109863
0.112610	0.932007	-0.099792	0.154419
0.107422	0.967102	-0.110779	0.198364
0.101624	0.988159	-0.131836	0.240173
0.094299	0.990601	-0.158997	0.279541
0.085144	0.977173	-0.194702	0.315247
0.073547	0.948792	-0.240784	0.345459
0.058594	0.905457	-0.292969	0.367432
0.039673	0.847778	-0.350342	0.379639
0.017395	0.781250	-0.412292	0.380249
-0.007324	0.710144	-0.472107	0.368958
-0.033569	0.637207	-0.525818	0.347290
-0.063782	0.565186	-0.571594	0.314636
-0.098267	0.496826	-0.606079	0.273438
-0.136108	0.435181	-0.626526	0.226440
-0.173645	0.385132	-0.633545	0.172424
-0.210876	0.344543	-0.626831	0.114136
-0.246277	0.310974	-0.603638	0.054321
-0.277100	0.284729	-0.566406	-0.005493
-0.301208	0.265503	-0.514221	-0.062256
-0.318604	0.250549	-0.449524	-0.112610
-0.325928	0.237427	-0.373840	-0.159912
-0.325928	0.227966	-0.291748	-0.200195
-0.322266	0.222778	-0.203857	-0.231628
-0.313416	0.222473	-0.113220	-0.252075
-0.300293	0.227661	-0.020752	-0.261536
-0.284424	0.234985	0.073242	-0.260315
-0.266418	0.241089	0.165100	-0.249939
-0.248718	0.245667	0.252380	-0.232849
-0.230408	0.248718	0.334473	-0.209351
-0.210571	0.247803	0.410156	-0.186768
