2020/1/9 9:21:40 40us
CH1			CH2			CH3			CH4
-0.005798	-0.001831	0.010071	-0.007629
-0.005493	-0.001831	0.009766	-0.007935
-0.006104	-0.001831	0.010071	-0.007019
-0.005798	-0.001526	0.010071	-0.007629
-0.005493	-0.001526	0.010376	-0.007324
-0.005798	-0.002136	0.010376	-0.007935
-0.005493	-0.001831	0.010071	-0.007935
-0.005798	-0.002136	0.010071	-0.007629
-0.005493	-0.001831	0.009766	-0.007629
-0.005798	-0.001831	0.010071	-0.007629
-0.005798	-0.002136	0.009766	-0.007629
-0.005493	-0.002136	0.010071	-0.007324
-0.005798	-0.001831	0.009766	-0.007935
-0.005798	-0.001831	0.010071	-0.007935
-0.005798	-0.001831	0.009766	-0.007324
-0.005798	-0.002136	0.009766	-0.007629
-0.005493	-0.002136	0.009766	-0.007629
-0.005798	-0.001831	0.010376	-0.007019
-0.005798	-0.001831	0.010376	-0.007629
-0.005798	-0.001831	0.010071	-0.007324
-0.005493	-0.002136	0.010071	-0.007324
-0.006104	-0.001831	0.010071	-0.007324
-0.005493	-0.002136	0.009766	-0.007629
-0.005493	-0.002136	0.009766	-0.007324
-0.005798	-0.002136	0.010071	-0.007629
-0.005493	-0.002441	0.010376	-0.007324
-0.005493	-0.002136	0.010071	-0.007629
-0.005798	-0.001831	0.010071	-0.007324
-0.005493	-0.002136	0.010376	-0.007629
-0.005798	-0.002136	0.009766	-0.007935
-0.005798	-0.002136	0.010071	-0.007324
-0.005493	-0.001831	0.009766	-0.007324
-0.005493	-0.001831	0.009766	-0.007629
-0.005493	-0.001526	0.010071	-0.007324
-0.005798	-0.002136	0.010071	-0.007935
-0.005798	-0.001831	0.010071	-0.007629
-0.006104	-0.001831	0.009766	-0.007629
-0.005798	-0.001831	0.009766	-0.007629
-0.005493	-0.002136	0.010376	-0.007629
-0.005493	-0.002136	0.010071	-0.007629
-0.005493	-0.001831	0.010071	-0.007935
-0.005493	-0.002441	0.010071	-0.007324
-0.005798	-0.002136	0.009766	-0.011292
-0.005493	-0.001526	0.010986	0.242920
-0.004883	-0.000916	0.012512	0.399780
-0.004883	-0.000916	0.011597	0.344849
-0.005188	-0.000610	0.005798	0.184326
-0.012207	-0.000305	-0.001831	-0.167847
0.008240	-0.000305	0.087585	-0.510559
-0.021362	0.007629	0.083313	-0.794373
-0.040588	-0.016174	-0.025330	-1.299744
0.037231	0.020142	-0.170593	-2.036438
0.091248	0.019226	-0.341187	-2.906189
0.067749	-0.052795	-0.308228	-3.860779
-0.019836	-0.041809	-0.226746	-4.787292
-0.101013	-0.042419	-0.211487	-5.656738
-0.111694	-0.003967	-0.135498	-6.406250
-0.113220	0.057983	-0.014343	-7.070618
-0.070801	0.097656	0.181580	-7.600403
-0.097351	0.192566	0.440979	-7.970886
-0.100708	0.257263	0.654907	-8.275146
-0.087280	0.249023	0.843811	-8.382568
-0.081177	0.217590	0.989990	-8.291016
-0.091858	0.121155	1.163330	-7.978821
-0.117798	-0.054932	1.326294	-7.575378
-0.199280	-0.294189	1.416016	-7.118530
-0.185242	-0.546265	1.447754	-6.531677
-0.134583	-0.769348	1.459961	-5.750732
-0.150757	-0.942078	1.414795	-4.862671
-0.230103	-1.036987	1.376343	-3.878479
-0.269470	-1.118164	1.250610	-2.860413
-0.272217	-1.120300	1.124878	-1.851807
-0.201416	-1.116943	1.036072	-0.889282
-0.086365	-1.067505	0.891724	-0.004272
0.051880	-0.952454	0.712585	0.872803
0.207520	-0.774536	0.491028	1.743164
0.462036	-0.500183	0.244751	2.530212
0.708313	-0.134277	0.020447	3.233032
0.987549	0.144043	-0.184326	3.852234
1.200562	0.520325	-0.433350	4.367065
1.377869	1.063843	-0.672607	4.799805
1.510925	1.635437	-0.898132	5.146790
1.591797	2.162476	-1.100464	5.448608
1.635742	2.550354	-1.258545	5.659485
1.670837	2.845459	-1.426697	5.770874
1.598206	3.095093	-1.587219	5.855713
1.430054	3.314514	-1.729736	5.863342
1.243591	3.407593	-1.853638	5.813293
0.969849	3.299561	-1.970825	5.764160
0.754089	3.083801	-2.076111	5.672302
0.586853	2.827454	-2.142944	5.552368
0.372620	2.539978	-2.170105	5.390930
0.131226	2.150574	-2.144470	5.145264
-0.134583	1.586609	-2.070618	4.879150
-0.384521	1.030579	-1.947632	4.567261
-0.581970	0.518494	-1.729126	4.179382
-0.768433	0.005188	-1.499023	3.705750
-1.009521	-0.451355	-1.259460	3.154602
-1.257324	-0.913696	-0.910034	2.545166
-1.456909	-1.344604	-0.480957	1.950684
-1.573792	-1.693726	-0.025024	1.446228
-1.650391	-2.063904	0.358276	0.945740
-1.665039	-2.418213	0.643921	0.438538
-1.687622	-2.694092	0.881653	0.001221
-1.708069	-2.838135	1.031189	-0.328369
-1.665955	-2.968445	1.058960	-0.597839
-1.634216	-3.160706	0.957031	-0.874023
-1.614380	-3.285828	0.741577	-1.095581
-1.586304	-3.291931	0.454712	-1.191406
-1.553345	-3.203125	0.172424	-1.193848
-1.508789	-3.011169	-0.158691	-1.059875
-1.424255	-2.693787	-0.534668	-0.813599
-1.354065	-2.293701	-0.816956	-0.523987
-1.265869	-1.851501	-1.011658	-0.120850
-1.156921	-1.385803	-1.194153	0.331421
-1.027527	-0.850220	-1.355286	0.834656
-0.863953	-0.298767	-1.474304	1.389771
-0.727539	0.207520	-1.487427	2.010498
-0.557861	0.655212	-1.426086	2.648010
-0.363159	1.049500	-1.339111	3.149109
-0.178833	1.388550	-1.239929	3.571472
-0.009460	1.711731	-1.122131	3.955994
0.123291	1.941528	-0.887451	4.291077
0.286560	2.014160	-0.500488	4.470520
0.440674	2.062073	0.003662	4.469299
0.512085	2.086182	0.534973	4.300842
0.573425	2.087097	1.060486	3.955688
0.578613	2.087402	1.604004	3.530884
0.588074	2.017212	2.172852	3.091125
0.624084	1.958618	2.692871	2.500916
0.652466	1.894836	3.168335	1.734924
0.682068	1.838684	3.599243	0.921021
0.721741	1.761169	3.974304	0.103149
0.796509	1.613770	4.256287	-0.692139
0.879517	1.443787	4.444580	-1.452637
0.918274	1.259460	4.563293	-2.169189
0.964355	1.102295	4.570923	-2.835388
1.010742	0.942688	4.425354	-3.434448
1.022644	0.774231	4.153442	-3.966980
1.006775	0.581055	3.768616	-4.446411
0.953979	0.328979	3.312683	-4.880371
0.892029	0.054321	2.807922	-5.228577
0.766602	-0.212097	2.225647	-5.466003
0.600281	-0.546570	1.566162	-5.623474
0.484924	-0.920105	0.882263	-5.699768
0.429688	-1.324463	0.177612	-5.593872
0.422363	-1.730957	-0.505371	-5.273743
0.394592	-2.162476	-1.138306	-4.911804
0.363159	-2.639160	-1.743774	-4.482727
0.363159	-3.094482	-2.309875	-3.966064
0.401306	-3.476257	-2.808533	-3.388672
0.482788	-3.803101	-3.253479	-2.756653
0.505981	-4.037781	-3.623047	-2.124939
0.498352	-4.216003	-3.916626	-1.527710
0.525818	-4.304810	-4.122925	-0.947876
0.568237	-4.238892	-4.263916	-0.393372
0.619507	-4.078979	-4.338684	0.132751
0.632324	-3.857422	-4.355469	0.659485
0.603333	-3.532410	-4.342957	1.145325
0.562744	-3.081055	-4.273376	1.582031
0.531006	-2.553406	-4.168396	1.989746
0.496826	-1.997681	-4.046326	2.377625
0.450745	-1.449890	-3.861084	2.736206
0.405273	-0.898132	-3.663940	3.067627
0.365601	-0.266724	-3.467407	3.321533
0.338440	0.410461	-3.208923	3.480225
0.317383	1.054077	-2.901001	3.542786
0.276489	1.653137	-2.522278	3.500977
0.232239	2.196655	-2.075195	3.363647
0.205688	2.683716	-1.553650	3.128967
0.163879	3.138428	-0.911255	2.788086
0.112305	3.502502	-0.173340	2.342834
0.036011	3.738403	0.596008	1.863098
-0.068359	3.873901	1.359253	1.343079
-0.194092	3.891296	2.075195	0.809631
-0.383301	3.823547	2.719727	0.293274
-0.612793	3.766785	3.273621	-0.199280
-0.827637	3.710938	3.737488	-0.635681
-0.998230	3.604126	4.096985	-0.985718
-1.143494	3.465576	4.334717	-1.272278
-1.271973	3.311462	4.440002	-1.510315
-1.398926	3.127747	4.413452	-1.718750
-1.522522	2.939758	4.227600	-1.860352
-1.628418	2.731628	3.899231	-1.939392
-1.717529	2.468262	3.481140	-1.988220
-1.785278	2.168884	3.031921	-1.962891
-1.836548	1.823730	2.556152	-1.847839
-1.846619	1.440735	2.063293	-1.655884
-1.811829	1.033936	1.547852	-1.390381
-1.725769	0.576172	0.984497	-1.011047
-1.581116	0.091248	0.404968	-0.532532
-1.398621	-0.419617	-0.156555	0.004272
-1.193542	-0.913696	-0.676880	0.536499
-0.978088	-1.329651	-1.185913	1.077881
-0.756531	-1.708069	-1.705627	1.625671
-0.523987	-2.063599	-2.206421	2.151184
-0.283203	-2.391052	-2.635498	2.662048
-0.058899	-2.702637	-2.959900	3.132629
0.149231	-2.968750	-3.197327	3.527222
0.346375	-3.185120	-3.343201	3.822021
0.508118	-3.388062	-3.367920	4.064026
0.673523	-3.600464	-3.233948	4.239502
0.848694	-3.786316	-2.945862	4.307861
0.992737	-3.912659	-2.511902	4.250183
1.122131	-3.963013	-1.985779	4.075928
1.248474	-3.950806	-1.400452	3.813477
1.367188	-3.894653	-0.792847	3.501282
1.475525	-3.816528	-0.181580	3.152466
1.555481	-3.720093	0.419617	2.716370
1.582336	-3.597717	0.987549	2.200012
1.560669	-3.428040	1.547546	1.661377
1.492310	-3.166809	2.101440	1.134338
1.400757	-2.857971	2.601013	0.658875
1.305237	-2.529602	3.024902	0.228271
1.182556	-2.186584	3.365784	-0.173645
1.026001	-1.833801	3.645325	-0.553894
0.871277	-1.482239	3.846741	-0.912170
0.724792	-1.161499	3.957825	-1.253967
0.597229	-0.878296	3.951721	-1.577454
0.489807	-0.650940	3.840637	-1.913147
0.393372	-0.459290	3.654785	-2.279663
0.314026	-0.267639	3.395691	-2.647095
0.242004	-0.094604	3.068542	-2.974548
0.171204	0.063477	2.665405	-3.256531
0.132141	0.210266	2.176514	-3.477173
0.091553	0.329285	1.637268	-3.638306
0.032959	0.425110	1.093750	-3.756409
-0.051575	0.524597	0.556641	-3.836975
-0.166626	0.616455	0.039368	-3.851929
-0.299072	0.722656	-0.481873	-3.787231
-0.423279	0.855408	-1.000061	-3.641663
-0.537109	1.031494	-1.494141	-3.417969
-0.641174	1.241760	-1.950073	-3.122864
-0.712891	1.466370	-2.371826	-2.789612
-0.746155	1.710510	-2.765808	-2.406921
-0.760498	1.944885	-3.101196	-1.980591
-0.754700	2.181396	-3.374634	-1.544495
-0.715637	2.408752	-3.576965	-1.120300
-0.645142	2.586060	-3.683472	-0.753784
-0.549316	2.707214	-3.689270	-0.437012
-0.451355	2.770996	-3.600159	-0.148315
-0.349731	2.786255	-3.425903	0.110474
-0.251465	2.775574	-3.186340	0.326233
-0.158691	2.771301	-2.893677	0.478516
-0.057678	2.785339	-2.529602	0.563660
0.054321	2.807922	-2.106628	0.593262
0.159607	2.838745	-1.655579	0.593262
0.266113	2.901917	-1.185608	0.582581
0.367432	3.024597	-0.723267	0.558167
0.445862	3.170471	-0.290833	0.517883
0.511475	3.298340	0.111389	0.479431
0.552673	3.422852	0.469360	0.440674
0.552673	3.553772	0.784607	0.409241
0.523071	3.681030	1.056824	0.394287
0.446472	3.780518	1.296082	0.400391
0.344238	3.820801	1.516418	0.415955
0.251465	3.787842	1.722107	0.423889
0.163574	3.682556	1.906128	0.467834
0.084229	3.514709	2.036743	0.544739
-0.000610	3.290100	2.095337	0.628052
-0.104370	3.003235	2.081604	0.735779
-0.219116	2.673035	2.001648	0.884094
-0.329590	2.297363	1.853027	1.071777
-0.435181	1.892395	1.631165	1.300659
-0.540466	1.477051	1.348572	1.561584
-0.638428	1.034546	1.006775	1.856995
-0.725098	0.574951	0.608521	2.176208
-0.786133	0.097656	0.178833	2.513428
-0.804138	-0.408936	-0.267334	2.851257
-0.801086	-0.926514	-0.730286	3.151855
-0.789185	-1.440430	-1.189575	3.381653
-0.761719	-1.929626	-1.616516	3.512878
-0.721130	-2.395325	-1.996765	3.551331
-0.661621	-2.840576	-2.313232	3.496704
-0.592346	-3.280334	-2.559204	3.355103
-0.511475	-3.724670	-2.720337	3.133850
-0.422058	-4.145813	-2.793579	2.833252
-0.326538	-4.523621	-2.770996	2.464600
-0.228271	-4.836121	-2.640076	2.047424
-0.133972	-5.097046	-2.400818	1.591492
-0.031128	-5.374451	-2.072449	1.118774
0.071411	-5.608215	-1.663818	0.645142
0.140991	-5.714417	-1.192627	0.167847
0.177917	-5.712280	-0.685120	-0.292969
0.182495	-5.621948	-0.148315	-0.728760
0.170288	-5.427246	0.409851	-1.123657
0.151978	-5.115662	0.998230	-1.476440
0.132751	-4.700928	1.614380	-1.806641
0.120544	-4.199829	2.217102	-2.092590
0.110779	-3.633423	2.803955	-2.316895
0.114746	-3.029785	3.395691	-2.502136
0.128784	-2.411804	3.987122	-2.659302
0.154724	-1.811523	4.533691	-2.789307
0.198975	-1.245117	4.992676	-2.936707
0.241394	-0.695801	5.354919	-3.085938
0.278320	-0.178528	5.609741	-3.167725
0.322266	0.326843	5.757751	-3.188477
0.363464	0.813293	5.799866	-3.198853
0.410461	1.298218	5.733032	-3.200989
0.432739	1.753235	5.544739	-3.152161
0.420227	2.155457	5.224915	-3.047791
0.398254	2.542419	4.769897	-2.894592
0.373535	2.902527	4.221191	-2.679749
0.348511	3.236084	3.606567	-2.405701
0.323181	3.538513	2.946167	-2.098083
0.283813	3.782043	2.253723	-1.784363
0.230103	3.929443	1.519470	-1.458740
0.177002	3.995361	0.727844	-1.107178
0.128479	3.992920	-0.100098	-0.744934
0.062866	3.920288	-0.930176	-0.386047
0.008545	3.769226	-1.737061	-0.050659
-0.014648	3.532410	-2.522583	0.253296
-0.026245	3.251953	-3.268127	0.523987
-0.023804	2.922058	-3.932495	0.752258
-0.017700	2.523804	-4.519958	0.941162
-0.002441	2.069397	-5.017090	1.087646
0.009766	1.591492	-5.405273	1.182556
0.010071	1.114502	-5.677490	1.235046
0.012512	0.654297	-5.852356	1.273499
0.031433	0.219116	-5.955811	1.305237
0.061646	-0.171204	-5.984497	1.342468
0.105896	-0.507813	-5.924377	1.368408
0.170593	-0.778809	-5.768433	1.362000
0.255737	-0.978394	-5.519409	1.328430
0.358887	-1.109009	-5.171204	1.269531
0.460510	-1.198425	-4.763184	1.190796
0.544434	-1.260681	-4.304810	1.068726
0.614014	-1.252441	-3.788147	0.899658
0.675049	-1.208191	-3.203735	0.709229
0.716858	-1.159058	-2.564087	0.518188
0.725708	-1.046753	-1.906433	0.341187
0.700684	-0.837097	-1.250000	0.183411
0.635986	-0.565796	-0.603638	0.056763
0.544739	-0.242920	0.011902	-0.033569
0.418701	0.135803	0.580139	-0.068665
0.254822	0.570374	1.118469	-0.053101
0.093079	1.032715	1.599426	0.005188
-0.056763	1.495667	1.964722	0.120239
-0.203552	1.962891	2.225952	0.272827
-0.343628	2.402039	2.424622	0.435791
-0.483704	2.768860	2.575073	0.624084
-0.621948	3.044739	2.655334	0.837097
-0.747375	3.256836	2.651367	1.034851
-0.849915	3.396606	2.565308	1.219788
-0.923157	3.407898	2.423401	1.422119
-0.958862	3.301086	2.275391	1.621399
-0.953979	3.121948	2.132874	1.759033
-0.911560	2.862854	2.014160	1.817627
-0.854187	2.526855	1.884460	1.828613
-0.790100	2.126770	1.724548	1.787720
-0.728760	1.738281	1.563110	1.688843
-0.659790	1.310425	1.407776	1.542969
-0.581360	0.854187	1.234131	1.377869
-0.502625	0.387573	1.066284	1.182861
-0.428772	-0.104065	0.932007	0.950012
-0.377808	-0.596313	0.818787	0.739746
-0.329590	-1.077271	0.718689	0.552673
-0.297241	-1.530762	0.631714	0.363770
-0.289917	-1.948547	0.588684	0.168762
-0.271912	-2.326965	0.578003	-0.016479
-0.240784	-2.685242	0.602112	-0.191956
-0.208435	-3.006897	0.664063	-0.398254
-0.164795	-3.310852	0.795288	-0.655823
-0.102234	-3.632507	0.981445	-0.910950
-0.011292	-3.953247	1.203308	-1.149902
0.084534	-4.231567	1.448975	-1.394348
0.166931	-4.590759	1.708069	-1.609497
0.240479	-4.930420	1.961975	-1.777344
0.308533	-5.140381	2.207947	-1.882019
0.397339	-5.242615	2.440796	-1.924133
0.487061	-5.292664	2.639465	-1.928101
0.587769	-5.235901	2.751770	-1.889954
0.669556	-5.025635	2.788696	-1.782837
0.718689	-4.704285	2.791138	-1.623535
0.752869	-4.308472	2.680969	-1.408386
0.759583	-3.843994	2.446594	-1.174927
0.763245	-3.308716	2.152405	-0.951843
0.770569	-2.725525	1.849060	-0.740051
0.748901	-2.127075	1.526184	-0.493469
0.717773	-1.533813	1.141968	-0.285950
0.648499	-0.938416	0.708008	-0.098877
0.564880	-0.373840	0.212402	0.155640
0.498962	0.146790	-0.291138	0.494385
0.427551	0.599365	-0.775757	0.809631
0.362244	1.016541	-1.198730	1.064453
0.303345	1.388855	-1.579895	1.314392
0.238953	1.675415	-1.960449	1.538086
0.191650	1.947021	-2.335510	1.712341
0.148315	2.160645	-2.670898	1.876831
0.114136	2.294922	-2.944031	2.046814
0.084229	2.417908	-3.169861	2.182922
0.050049	2.536926	-3.335266	2.250671
0.003357	2.620239	-3.442688	2.249451
-0.032959	2.667236	-3.509827	2.197571
-0.058899	2.629700	-3.523865	2.072754
-0.103760	2.515259	-3.464050	1.877136
-0.153198	2.386475	-3.350830	1.591187
-0.170593	2.249756	-3.246155	1.216431
-0.170593	2.129517	-3.165588	0.758057
-0.145569	2.028809	-3.090210	0.214539
-0.103760	1.892090	-2.982178	-0.397034
-0.034790	1.735840	-2.821045	-1.032410
0.018921	1.597900	-2.608643	-1.674500
0.012207	1.495972	-2.388306	-2.306213
-0.014954	1.428833	-2.164307	-2.871399
-0.049744	1.401978	-1.918640	-3.333130
-0.076599	1.431885	-1.650391	-3.664246
-0.092163	1.481628	-1.333313	-3.926392
-0.126343	1.535950	-0.997314	-4.131470
-0.175171	1.601257	-0.659180	-4.217529
-0.226746	1.667480	-0.299377	-4.155273
-0.289001	1.734009	0.081177	-3.983765
-0.346985	1.818848	0.470581	-3.756714
-0.388794	1.922913	0.851135	-3.470154
-0.414734	2.039795	1.200867	-3.114929
-0.433655	2.194214	1.516418	-2.683411
-0.445557	2.387390	1.773376	-2.202759
-0.459595	2.561951	1.979675	-1.682129
-0.477600	2.703552	2.136536	-1.124878
-0.488892	2.803650	2.258606	-0.576477
-0.496826	2.821350	2.331848	-0.040283
-0.493164	2.781067	2.348633	0.491028
-0.462646	2.700806	2.302246	0.980530
-0.415344	2.591858	2.210999	1.436462
-0.333252	2.471313	2.077026	1.850281
-0.224915	2.331848	1.881409	2.224426
-0.105286	2.162170	1.620178	2.572021
0.000305	1.969299	1.325073	2.841797
0.097046	1.766663	1.011353	3.063354
0.200500	1.532288	0.676270	3.235779
0.297241	1.239014	0.363464	3.333435
0.377808	0.889587	0.122070	3.371582
0.435181	0.457458	-0.052185	3.384705
0.478516	-0.059509	-0.171814	3.350525
0.499878	-0.631409	-0.242920	3.263550
0.489807	-1.231689	-0.270691	3.119202
0.459290	-1.848450	-0.253906	2.907410
0.415649	-2.490845	-0.199280	2.631836
0.363464	-3.145752	-0.086365	2.324829
0.293579	-3.793335	0.068665	2.013245
0.197144	-4.428406	0.227051	1.669617
0.092163	-5.019531	0.353699	1.286011
-0.008545	-5.544739	0.476990	0.897217
-0.091858	-5.973206	0.604248	0.507813
-0.155029	-6.305542	0.720825	0.115967
-0.202637	-6.657410	0.824280	-0.267334
-0.272217	-6.956177	0.925293	-0.617371
-0.345459	-7.090454	1.042480	-0.922241
-0.384521	-7.078857	1.166992	-1.184998
-0.396729	-6.976013	1.282654	-1.387634
-0.376587	-6.713257	1.357727	-1.528931
-0.338135	-6.227722	1.388855	-1.628113
-0.300903	-5.566101	1.420288	-1.703186
-0.267944	-4.774475	1.387634	-1.737061
-0.259705	-3.894653	1.275330	-1.731873
-0.239563	-2.966919	1.156006	-1.687012
-0.206909	-1.997070	1.068420	-1.605225
-0.189514	-1.010132	0.990906	-1.457825
-0.170593	-0.034485	0.891724	-1.327209
-0.161743	0.913391	0.750732	-1.224060
-0.182190	1.788025	0.573425	-1.038513
-0.212708	2.576599	0.399170	-0.770264
-0.251770	3.276978	0.218201	-0.525513
-0.313110	3.912964	0.061035	-0.337830
-0.375977	4.475708	-0.072021	-0.139771
-0.439148	4.932861	-0.212708	0.063171
-0.469971	5.330200	-0.359802	0.241394
-0.462341	5.627441	-0.490417	0.421143
-0.421753	5.745239	-0.576477	0.605774
-0.362549	5.756226	-0.639954	0.761414
-0.298767	5.718994	-0.664978	0.863037
-0.211487	5.630493	-0.660095	0.910950
-0.101013	5.497742	-0.670471	0.915833
0.033264	5.291138	-0.685425	0.847168
0.130005	5.046692	-0.670166	0.726929
0.194092	4.784851	-0.636292	0.551147
0.256653	4.485474	-0.668945	0.344238
0.317688	4.170837	-0.771790	0.067749
0.373535	3.838501	-0.893555	-0.287170
0.412292	3.442383	-0.992126	-0.697021
0.462036	2.985229	-1.072083	-1.144409
0.494995	2.507324	-1.181641	-1.617126
0.470886	2.037659	-1.325989	-2.100830
0.426941	1.578064	-1.511841	-2.514038
0.400391	1.132202	-1.696472	-2.812805
0.395508	0.693665	-1.862488	-3.012390
0.395508	0.260620	-1.969910	-3.147278
0.382996	-0.155945	-2.056274	-3.197632
0.359802	-0.533142	-2.143250	-3.144226
0.332336	-0.842590	-2.179565	-2.987061
0.285339	-1.129761	-2.143250	-2.729492
0.246582	-1.387634	-2.033081	-2.415466
0.209045	-1.602478	-1.865234	-2.042542
0.181274	-1.786499	-1.657104	-1.607361
0.149231	-1.969299	-1.428223	-1.131897
0.107422	-2.145691	-1.221313	-0.643005
0.042725	-2.268372	-1.043396	-0.169983
-0.055542	-2.315369	-0.881653	0.294800
-0.157776	-2.309570	-0.742798	0.717163
-0.241699	-2.255249	-0.663757	1.097717
-0.308838	-2.138367	-0.631409	1.450500
-0.351868	-1.973877	-0.614319	1.742249
-0.362244	-1.782837	-0.620117	1.981201
-0.325623	-1.578674	-0.654907	2.159729
-0.270691	-1.373291	-0.672302	2.277222
-0.210876	-1.192932	-0.654602	2.364502
-0.149841	-1.046448	-0.606689	2.426758
-0.087891	-0.907898	-0.513611	2.442017
-0.013123	-0.759583	-0.376587	2.418823
0.078735	-0.627136	-0.190430	2.358093
0.183716	-0.540466	0.044556	2.262573
0.282898	-0.495911	0.322571	2.149353
0.366821	-0.491333	0.644531	2.012329
0.412903	-0.550537	0.997620	1.849365
0.404968	-0.664673	1.363525	1.635742
0.359802	-0.794373	1.744385	1.361084
0.312195	-0.947876	2.135315	1.045837
0.261230	-1.145630	2.522278	0.736389
0.183105	-1.378479	2.879639	0.449829
0.060120	-1.628418	3.206482	0.162659
-0.095825	-1.891174	3.471375	-0.132751
-0.257263	-2.147217	3.662109	-0.409851
-0.415039	-2.373047	3.781128	-0.668945
-0.570679	-2.557983	3.838806	-0.917664
-0.704346	-2.688293	3.845520	-1.158752
-0.805664	-2.740173	3.793030	-1.381836
-0.865784	-2.715759	3.687439	-1.585388
-0.887756	-2.669678	3.529053	-1.767578
-0.874939	-2.621765	3.319702	-1.894836
-0.832520	-2.547607	3.046570	-1.945496
-0.780029	-2.422180	2.706604	-1.940002
-0.726624	-2.239990	2.317200	-1.905212
-0.682373	-1.997375	1.896667	-1.833801
-0.649719	-1.700439	1.455994	-1.705322
-0.614014	-1.372681	1.012878	-1.505737
-0.567932	-1.026611	0.549011	-1.245728
-0.517273	-0.660706	0.063171	-0.955811
-0.468140	-0.286255	-0.417786	-0.654297
-0.415344	0.085449	-0.874329	-0.335999
-0.359192	0.421753	-1.301880	-0.003052
-0.297852	0.714417	-1.695557	0.317688
-0.229797	0.986938	-2.048035	0.621643
-0.147400	1.238098	-2.349548	0.922546
-0.053101	1.456604	-2.592468	1.227722
0.036316	1.647644	-2.781677	1.527405
0.131531	1.820068	-2.903137	1.822815
0.241089	1.954651	-2.968750	2.104492
0.354614	2.014160	-2.979126	2.353210
0.465393	2.021179	-2.937622	2.554016
0.570068	1.995850	-2.836914	2.712708
0.682068	1.959839	-2.690125	2.828979
0.807190	1.923218	-2.509766	2.883301
0.940552	1.871948	-2.296143	2.855835
1.055603	1.813660	-2.065125	2.744751
1.140442	1.732788	-1.838989	2.570496
1.185913	1.625366	-1.649475	2.362061
1.201172	1.511230	-1.492920	2.105408
1.197205	1.376953	-1.350403	1.787109
1.184692	1.226807	-1.203003	1.408386
1.164551	1.076355	-1.043396	0.982971
1.123047	0.930481	-0.910950	0.523376
1.060181	0.773621	-0.815735	0.054321
0.988770	0.588989	-0.749512	-0.395508
0.897827	0.398560	-0.705872	-0.829163
0.778198	0.215759	-0.682678	-1.269531
0.629883	0.049438	-0.669861	-1.699219
0.478516	-0.098267	-0.664673	-2.070007
0.325012	-0.230713	-0.673828	-2.355957
0.164795	-0.335693	-0.697021	-2.576904
0.014343	-0.395508	-0.726318	-2.729492
-0.134277	-0.406189	-0.755920	-2.806091
-0.289612	-0.368347	-0.791321	-2.808838
-0.433044	-0.309143	-0.811768	-2.743530
-0.557556	-0.235901	-0.798340	-2.625427
-0.662537	-0.147705	-0.753784	-2.454529
-0.737915	-0.048523	-0.693359	-2.259216
-0.800781	0.057678	-0.598450	-2.058716
-0.852966	0.167847	-0.473633	-1.857910
-0.880127	0.286255	-0.337219	-1.648865
-0.876770	0.414124	-0.200500	-1.435547
-0.866394	0.545959	-0.063782	-1.226196
-0.863037	0.664368	0.069275	-1.029663
-0.836487	0.766296	0.208740	-0.852966
-0.777588	0.847473	0.375977	-0.686035
-0.708923	0.889282	0.571289	-0.523376
-0.606384	0.902100	0.764465	-0.380554
-0.477295	0.902100	0.950623	-0.253601
-0.330505	0.875244	1.137390	-0.123596
-0.177307	0.801086	1.327209	0.005798
-0.019836	0.686035	1.511230	0.128479
0.143738	0.559998	1.676941	0.254211
0.289307	0.439453	1.835632	0.375061
0.415039	0.302429	1.987610	0.496521
0.515747	0.140991	2.129822	0.621033
0.585632	-0.046997	2.264099	0.734558
0.634460	-0.259094	2.385559	0.844727
0.647278	-0.495605	2.489624	0.948792
0.616150	-0.750122	2.554016	1.025696
0.559692	-1.012878	2.571716	1.071777
0.486755	-1.287537	2.558594	1.103516
0.398865	-1.582642	2.520752	1.114807
0.299683	-1.892395	2.443542	1.095581
0.187073	-2.199097	2.322998	1.062317
0.066833	-2.467041	2.167969	1.028137
-0.050659	-2.684631	1.962585	1.003723
-0.155334	-2.858582	1.701660	0.996094
-0.249939	-3.013916	1.409302	1.011047
-0.329590	-3.146667	1.089478	1.052551
-0.390930	-3.214417	0.739746	1.107178
-0.435486	-3.222046	0.380249	1.163330
-0.471497	-3.193665	0.020142	1.228027
-0.498962	-3.128662	-0.348816	1.308289
-0.507813	-3.021240	-0.725403	1.401672
-0.511780	-2.859802	-1.095581	1.495667
-0.518188	-2.640076	-1.470642	1.579895
-0.521545	-2.377930	-1.837463	1.646729
-0.525208	-2.059937	-2.176819	1.695251
-0.521240	-1.696777	-2.465515	1.717834
-0.517273	-1.307678	-2.713318	1.703186
-0.505371	-0.914001	-2.922363	1.649780
-0.486755	-0.521240	-3.089905	1.571045
-0.469971	-0.140686	-3.196106	1.477051
-0.447998	0.205994	-3.225708	1.371460
-0.415039	0.515747	-3.179321	1.234741
-0.356140	0.802917	-3.052063	1.053467
-0.273438	1.070862	-2.842407	0.845337
-0.198975	1.320496	-2.554321	0.629272
-0.128174	1.555176	-2.208252	0.418091
-0.046387	1.783447	-1.820374	0.224915
0.046692	1.999512	-1.397095	0.046387
0.150146	2.210388	-0.950012	-0.137024
0.254822	2.407532	-0.493164	-0.317688
0.353088	2.568054	-0.040588	-0.483704
0.448608	2.686157	0.408020	-0.646667
0.541687	2.759705	0.836182	-0.819397
0.611572	2.788696	1.230469	-1.004028
0.654297	2.787170	1.587524	-1.197205
0.678406	2.763062	1.888733	-1.400757
0.689392	2.729187	2.125244	-1.616516
0.686951	2.679443	2.301025	-1.826172
0.672913	2.616272	2.410278	-2.023315
0.638123	2.576904	2.458496	-2.197266
0.577698	2.562866	2.457886	-2.339478
0.504761	2.558594	2.393799	-2.461548
0.427246	2.565308	2.265015	-2.554932
0.350952	2.575684	2.091064	-2.609863
0.280762	2.582397	1.885071	-2.615967
0.209045	2.571716	1.646118	-2.569275
0.138550	2.529907	1.380005	-2.481079
0.075684	2.455139	1.096191	-2.344055
0.017090	2.346191	0.794983	-2.150574
-0.045776	2.200012	0.485229	-1.910400
-0.109863	2.026367	0.180664	-1.652832
-0.174255	1.840515	-0.125427	-1.403809
-0.235291	1.628113	-0.423279	-1.157837
-0.289917	1.375427	-0.696106	-0.913391
-0.336609	1.095581	-0.939026	-0.677795
-0.367126	0.796509	-1.139526	-0.449829
-0.378723	0.469971	-1.307373	-0.225220
-0.375671	0.138550	-1.440430	-0.019531
-0.356750	-0.188293	-1.528931	0.167847
-0.328979	-0.520325	-1.570435	0.338745
-0.289307	-0.841980	-1.571655	0.492554
-0.234680	-1.150513	-1.542969	0.636902
-0.170898	-1.437683	-1.488342	0.764771
-0.099487	-1.696777	-1.410217	0.880432
-0.011292	-1.942444	-1.297607	0.993958
0.086060	-2.155151	-1.156616	1.084595
0.188293	-2.331543	-0.988770	1.151428
0.291138	-2.472839	-0.803833	1.194458
0.391846	-2.589417	-0.593262	1.218262
0.484924	-2.693176	-0.355225	1.221924
0.563049	-2.789612	-0.092163	1.207581
0.625610	-2.885132	0.181885	1.184082
0.666199	-2.941284	0.447693	1.168518
0.677795	-2.941284	0.694885	1.161804
0.660400	-2.900391	0.928040	1.159058
0.624084	-2.820740	1.138000	1.154785
0.563660	-2.689819	1.330261	1.150818
0.470886	-2.509155	1.514282	1.145325
0.354919	-2.297363	1.679993	1.124268
0.219727	-2.064514	1.798401	1.098022
0.071106	-1.809082	1.882019	1.063843
-0.079651	-1.537476	1.932983	1.023865
-0.231628	-1.258240	1.961365	0.991821
-0.386353	-0.960388	1.965942	0.959778
-0.537415	-0.657959	1.929626	0.909424
-0.688171	-0.356445	1.838684	0.858765
-0.828857	-0.057678	1.696777	0.829163
-0.946045	0.224915	1.518860	0.813904
-1.038513	0.500183	1.306152	0.787048
-1.101379	0.761719	1.070557	0.740662
-1.136780	0.989990	0.817566	0.686951
-1.156311	1.192017	0.545959	0.626526
-1.165466	1.372986	0.264893	0.563049
-1.157837	1.521912	-0.010071	0.500793
-1.130371	1.647034	-0.274353	0.422363
-1.087952	1.749878	-0.522766	0.308533
-1.037292	1.828918	-0.751343	0.172424
-0.971680	1.869812	-0.956116	0.033875
-0.891418	1.864319	-1.128845	-0.112610
-0.808411	1.828308	-1.254272	-0.274658
-0.714111	1.769714	-1.328735	-0.454712
-0.602722	1.684570	-1.352234	-0.650635
-0.478210	1.584778	-1.336975	-0.851135
-0.348511	1.483765	-1.281738	-1.043396
-0.209045	1.369019	-1.167297	-1.230164
-0.051880	1.227112	-1.016846	-1.392822
0.110168	1.059570	-0.855103	-1.521301
0.261536	0.873108	-0.675659	-1.606445
0.404358	0.678406	-0.484009	-1.643066
0.544739	0.478516	-0.285645	-1.624451
0.688171	0.282898	-0.093994	-1.571960
0.824890	0.105286	0.079651	-1.491699
0.944519	-0.061035	0.220947	-1.372986
1.044312	-0.221863	0.328674	-1.210938
1.126709	-0.376282	0.415039	-1.024475
1.195068	-0.530090	0.476990	-0.833130
1.241760	-0.681458	0.510559	-0.639954
1.262512	-0.817871	0.512390	-0.448914
1.263428	-0.927124	0.475159	-0.270691
1.242676	-1.011658	0.403748	-0.100098
1.203918	-1.078796	0.297546	0.061340
1.141663	-1.104126	0.157776	0.205078
1.048279	-1.073914	0.003357	0.330811
0.935974	-1.011353	-0.163879	0.440063
0.820313	-0.923157	-0.348206	0.535889
0.706787	-0.821228	-0.538025	0.621338
0.589905	-0.704346	-0.718079	0.690002
0.469666	-0.569153	-0.886536	0.737305
0.351257	-0.426331	-1.048584	0.765381
0.237122	-0.282898	-1.197205	0.763550
0.130310	-0.150452	-1.329346	0.733337
0.031738	-0.045166	-1.442871	0.683289
-0.049438	0.027771	-1.534424	0.613403
-0.128784	0.077820	-1.607056	0.521240
-0.211792	0.106812	-1.654358	0.404053
-0.283813	0.102234	-1.671753	0.268555
-0.334473	0.061646	-1.645508	0.126953
-0.368958	-0.011902	-1.569824	-0.019531
-0.394592	-0.119934	-1.443176	-0.178223
-0.418091	-0.250854	-1.282959	-0.353394
-0.431519	-0.395508	-1.095886	-0.539246
-0.426941	-0.534058	-0.876160	-0.721741
-0.411682	-0.656738	-0.631104	-0.887756
-0.383911	-0.764465	-0.365906	-1.028748
-0.349731	-0.846252	-0.073242	-1.140747
-0.321045	-0.888977	0.242310	-1.227112
-0.295105	-0.897522	0.558167	-1.290283
-0.260620	-0.877380	0.874634	-1.331482
-0.217896	-0.835571	1.171875	-1.343994
-0.180054	-0.789795	1.443787	-1.329956
-0.151672	-0.744629	1.697693	-1.296692
-0.127563	-0.696716	1.929321	-1.237488
-0.102539	-0.653992	2.130737	-1.163635
-0.082092	-0.616760	2.287292	-1.083069
-0.071106	-0.572815	2.400208	-0.978699
-0.060730	-0.508423	2.468262	-0.840759
-0.061340	-0.410156	2.486572	-0.671082
-0.081482	-0.281067	2.454529	-0.477600
-0.108948	-0.123596	2.374878	-0.258789
-0.147095	0.070801	2.246094	-0.010376
-0.199280	0.289917	2.081909	0.267029
-0.245056	0.510254	1.892395	0.553284
-0.283813	0.722351	1.691589	0.837402
-0.315857	0.930176	1.470337	1.107178
-0.344543	1.125183	1.227417	1.369019
-0.377197	1.280518	0.966187	1.627502
-0.417480	1.398010	0.691528	1.872253
-0.447998	1.485901	0.406799	2.095032
-0.454712	1.538391	0.118713	2.279968
-0.455322	1.547241	-0.172424	2.431641
-0.455627	1.504211	-0.470581	2.556763
-0.447693	1.423950	-0.762939	2.647400
-0.436707	1.315002	-1.042480	2.689514
-0.416260	1.174316	-1.303101	2.683716
-0.382690	1.003418	-1.543274	2.629700
-0.333557	0.808411	-1.750793	2.536011
-0.282593	0.604553	-1.913757	2.409363
-0.226440	0.396423	-2.028198	2.248535
-0.164490	0.174255	-2.105103	2.052002
-0.107117	-0.054016	-2.130737	1.827393
-0.048523	-0.277405	-2.115479	1.581421
0.021667	-0.500488	-2.060852	1.317139
0.089111	-0.723572	-1.961975	1.025696
0.154114	-0.942078	-1.830139	0.704651
0.225830	-1.154480	-1.671753	0.364685
0.297852	-1.350403	-1.490784	0.020142
0.367737	-1.529846	-1.275330	-0.313416
0.428467	-1.694031	-1.050110	-0.628357
0.484619	-1.865540	-0.820007	-0.930481
0.531616	-2.026367	-0.600586	-1.192627
0.567932	-2.144775	-0.397644	-1.422424
0.588684	-2.215271	-0.208130	-1.611633
0.596924	-2.256775	-0.034180	-1.734924
0.602112	-2.243042	0.116272	-1.805420
0.600586	-2.153015	0.243225	-1.826782
0.578918	-2.005005	0.347900	-1.808472
0.543823	-1.801147	0.416870	-1.752930
0.512085	-1.545410	0.456238	-1.667175
0.471497	-1.247253	0.498047	-1.570740
0.418701	-0.904541	0.549622	-1.465759
0.356445	-0.530090	0.596619	-1.357422
0.290833	-0.137634	0.629272	-1.264648
0.211182	0.279541	0.660706	-1.195374
0.127563	0.704346	0.691223	-1.132507
0.047913	1.108093	0.727234	-1.069641
-0.039978	1.481934	0.763550	-1.011658
-0.133362	1.842957	0.797424	-0.974731
-0.219727	2.173462	0.821533	-0.955811
-0.304260	2.463379	0.831909	-0.945435
-0.376892	2.713928	0.829468	-0.943909
-0.420532	2.909546	0.816956	-0.951843
-0.442200	3.058777	0.794067	-0.969238
-0.448914	3.165894	0.757751	-0.990601
-0.438843	3.193359	0.723877	-1.006165
-0.413818	3.136902	0.688477	-1.017761
-0.382080	3.025208	0.646667	-1.029053
-0.327759	2.869873	0.604553	-1.040649
-0.271912	2.678833	0.565491	-1.040039
-0.221252	2.454224	0.521545	-1.038513
-0.167236	2.221375	0.469971	-1.044922
-0.117493	1.976013	0.432129	-1.076355
-0.070801	1.709595	0.387268	-1.107178
-0.025330	1.412048	0.324402	-1.138611
0.016174	1.079407	0.265198	-1.167908
0.049133	0.726624	0.232849	-1.177063
0.065918	0.368958	0.219116	-1.165466
0.081482	0.012817	0.200195	-1.141052
0.097656	-0.331726	0.172424	-1.090698
0.111694	-0.654297	0.126343	-0.988770
0.123596	-0.950317	0.080261	-0.834656
0.127563	-1.226501	0.029907	-0.643311
0.128174	-1.466370	-0.017700	-0.420532
0.130005	-1.662292	-0.055237	-0.158081
0.128479	-1.859741	-0.095825	0.128479
0.134888	-2.063293	-0.144043	0.419922
0.141602	-2.223816	-0.191345	0.725708
0.148621	-2.312317	-0.239258	1.046143
0.149231	-2.348022	-0.301819	1.369019
0.138855	-2.319641	-0.380859	1.681519
0.114441	-2.202759	-0.466003	1.981201
0.079041	-1.993713	-0.548096	2.267761
0.042419	-1.727600	-0.631714	2.525024
-0.018616	-1.429138	-0.730896	2.762756
-0.094604	-1.098328	-0.836487	2.975769
-0.166321	-0.754089	-0.918274	3.140259
-0.237427	-0.395813	-0.968933	3.265991
-0.297852	-0.032349	-1.001892	3.325195
-0.350037	0.310669	-1.030273	3.283997
-0.392456	0.619202	-1.050720	3.178101
-0.419922	0.894470	-1.055603	3.056641
-0.447693	1.144104	-1.020508	2.892761
-0.478210	1.360474	-0.934143	2.662659
-0.497131	1.531067	-0.793457	2.387695
-0.501099	1.640930	-0.617065	2.105408
-0.492554	1.698608	-0.418701	1.799622
-0.470581	1.709595	-0.210876	1.458740
-0.440063	1.647034	0.010376	1.107483
-0.407715	1.549377	0.246277	0.749817
-0.375366	1.430359	0.497131	0.375366
-0.328674	1.275635	0.759888	-0.018616
-0.278015	1.111450	1.008301	-0.403137
-0.218201	0.939941	1.231384	-0.765991
-0.171204	0.767517	1.433716	-1.112366
-0.143738	0.615540	1.616821	-1.443787
-0.120850	0.480957	1.751404	-1.741028
-0.098267	0.357971	1.828918	-2.009888
-0.075684	0.263062	1.865845	-2.261658
-0.058594	0.179138	1.871948	-2.471008
-0.035095	0.079041	1.851501	-2.640381
-0.003357	-0.025635	1.796875	-2.780151
0.020142	-0.116577	1.712646	-2.872620
0.046692	-0.191956	1.601563	-2.900391
0.084229	-0.259094	1.469727	-2.858276
0.137939	-0.319824	1.310730	-2.741089
0.204468	-0.367126	1.141357	-2.559814
0.265503	-0.395203	0.954285	-2.339783
0.320740	-0.401917	0.741272	-2.092896
0.373535	-0.373840	0.527039	-1.813049
0.417786	-0.329285	0.331116	-1.502686
0.456238	-0.273438	0.147095	-1.177979
0.481873	-0.198364	-0.022278	-0.852661
0.493774	-0.103455	-0.178833	-0.534973
0.487976	0.006409	-0.332642	-0.231628
0.470886	0.132751	-0.477905	0.046997
0.445862	0.267639	-0.618896	0.279846
0.410156	0.406189	-0.757446	0.482483
0.371399	0.538635	-0.884094	0.659485
0.327759	0.650330	-1.004944	0.801697
0.273132	0.729065	-1.129761	0.911255
0.226746	0.767822	-1.256409	0.979614
0.193176	0.780640	-1.370544	1.007996
0.181274	0.769348	-1.460571	1.007690
0.185242	0.735168	-1.515198	0.978088
0.193481	0.675049	-1.535339	0.924683
0.214539	0.591736	-1.528320	0.863953
0.244751	0.489197	-1.493225	0.788269
0.283203	0.371094	-1.437683	0.706177
0.321655	0.233154	-1.369934	0.617676
0.357666	0.085144	-1.284485	0.516968
0.393066	-0.081177	-1.175842	0.411987
0.420532	-0.269165	-1.053467	0.310669
0.432739	-0.477600	-0.928345	0.201721
0.419617	-0.692749	-0.807800	0.086060
0.388184	-0.894775	-0.700684	-0.031433
0.350952	-1.075439	-0.607300	-0.148926
0.310364	-1.235352	-0.524292	-0.269470
0.264893	-1.374512	-0.450745	-0.386353
0.200500	-1.493835	-0.375671	-0.492859
0.110779	-1.595154	-0.309448	-0.588684
0.011597	-1.664734	-0.261841	-0.661621
-0.091248	-1.703186	-0.220947	-0.708618
-0.189209	-1.712341	-0.187683	-0.724792
-0.282898	-1.682434	-0.161133	-0.701599
-0.370483	-1.608276	-0.135803	-0.635071
-0.441589	-1.484375	-0.113220	-0.534973
-0.495605	-1.311646	-0.094910	-0.398254
-0.532227	-1.103821	-0.079651	-0.233154
-0.561523	-0.870667	-0.063782	-0.043030
-0.582886	-0.604858	-0.055542	0.166626
-0.593567	-0.318298	-0.061035	0.379944
-0.604248	-0.025635	-0.068054	0.574341
-0.615845	0.269470	-0.071716	0.742493
-0.631104	0.552673	-0.068054	0.894470
-0.644226	0.815125	-0.058289	1.021729
-0.650024	1.058044	-0.054932	1.107788
-0.658569	1.278992	-0.048218	1.149597
-0.657043	1.470337	-0.031128	1.148071
-0.637512	1.629944	0.004883	1.111145
-0.601196	1.748047	0.070496	1.044312
-0.554199	1.799316	0.166626	0.950317
-0.504150	1.791077	0.281677	0.832520
-0.447388	1.748657	0.406494	0.705566
-0.365601	1.681213	0.542908	0.582275
-0.277100	1.590271	0.686951	0.473633
-0.184937	1.479797	0.829773	0.375366
-0.087585	1.360779	0.964661	0.291443
0.007935	1.229248	1.095276	0.209961
0.104675	1.076965	1.206360	0.141907
0.199585	0.899963	1.298218	0.086060
0.286255	0.690308	1.377258	0.039368
0.362244	0.453491	1.441956	0.002136
0.428772	0.180359	1.491089	-0.032959
0.484619	-0.124207	1.498108	-0.078125
0.521240	-0.444946	1.449280	-0.130920
0.541992	-0.785522	1.347961	-0.173340
0.554504	-1.136169	1.218262	-0.205383
0.559692	-1.484680	1.069336	-0.243225
0.560913	-1.816101	0.914001	-0.283813
0.558777	-2.114563	0.741272	-0.305786
0.553894	-2.380981	0.541992	-0.305481
0.550537	-2.600098	0.323486	-0.286255
0.545654	-2.777405	0.096436	-0.244446
0.541382	-2.935791	-0.136108	-0.190735
0.530090	-3.063965	-0.373840	-0.133362
0.505676	-3.133240	-0.601807	-0.068970
0.475159	-3.149719	-0.810547	0.017700
0.446167	-3.125610	-1.001892	0.123596
0.411987	-3.046875	-1.174316	0.235596
0.367432	-2.884827	-1.322327	0.346375
0.318909	-2.648315	-1.446228	0.443420
0.270081	-2.366943	-1.564026	0.530396
0.217590	-2.041626	-1.676331	0.600891
0.169067	-1.685181	-1.751099	0.641479
0.122070	-1.314087	-1.769104	0.644531
0.073547	-0.940552	-1.744690	0.617981
0.016785	-0.571594	-1.684570	0.558472
-0.051575	-0.206299	-1.592407	0.455627
-0.115356	0.141296	-1.470337	0.339355
-0.163269	0.461426	-1.307983	0.230408
-0.197754	0.759277	-1.102600	0.112000
-0.216675	1.045227	-0.854492	-0.030212
-0.222473	1.313477	-0.579224	-0.183105
-0.216980	1.557007	-0.293579	-0.342102
-0.196533	1.781006	-0.005493	-0.504456
-0.167847	1.980896	0.274963	-0.661926
-0.133057	2.149048	0.557556	-0.807495
-0.090942	2.276001	0.828247	-0.940857
-0.042725	2.340393	1.080322	-1.069336
0.002747	2.361450	1.303711	-1.191406
0.045776	2.363892	1.481934	-1.294556
0.075378	2.332764	1.614075	-1.376038
0.079041	2.281494	1.706238	-1.437683
0.071716	2.226257	1.752014	-1.478882
0.054321	2.154846	1.749268	-1.487732
0.025635	2.073975	1.696777	-1.472168
-0.018616	1.980591	1.583252	-1.441345
-0.072632	1.863403	1.425476	-1.397095
-0.121155	1.726685	1.244202	-1.341858
-0.172424	1.580505	1.041565	-1.268311
-0.228882	1.432495	0.816040	-1.180420
-0.291138	1.288147	0.571594	-1.073303
-0.355835	1.152039	0.316162	-0.923157
-0.406799	1.024475	0.059204	-0.713196
-0.441589	0.895996	-0.178223	-0.472717
-0.459900	0.759583	-0.402222	-0.220337
-0.462036	0.615845	-0.614319	0.061951
-0.457153	0.462646	-0.806274	0.375671
-0.448303	0.302734	-0.973511	0.684814
-0.432434	0.148926	-1.117249	0.968933
-0.414124	0.001831	-1.227722	1.230164
-0.379639	-0.131226	-1.315613	1.473389
-0.337830	-0.251770	-1.383972	1.692810
-0.296936	-0.359497	-1.426697	1.870422
-0.256348	-0.459595	-1.447754	2.010803
-0.214844	-0.557861	-1.446228	2.112122
-0.181580	-0.650330	-1.416016	2.172852
-0.157166	-0.725098	-1.368713	2.189331
-0.134277	-0.789185	-1.301270	2.160034
-0.111389	-0.847473	-1.207886	2.083435
-0.086060	-0.891113	-1.084900	1.964111
-0.050354	-0.926514	-0.927124	1.804504
-0.004578	-0.967102	-0.733337	1.608887
0.049133	-1.013184	-0.520630	1.398010
0.098877	-1.059265	-0.293579	1.180115
0.139160	-1.097107	-0.053406	0.952759
0.176697	-1.129150	0.194092	0.733643
0.214844	-1.155090	0.440979	0.531921
0.252075	-1.184387	0.686951	0.349426
0.289612	-1.221619	0.923767	0.186768
0.327454	-1.264038	1.132813	0.045471
0.351257	-1.317749	1.313171	-0.075684
0.352478	-1.379700	1.461792	-0.192566
0.335693	-1.443176	1.574707	-0.315552
0.311279	-1.513062	1.654968	-0.440063
0.283508	-1.583862	1.703186	-0.557861
0.253296	-1.647034	1.722107	-0.664673
0.215149	-1.690063	1.714172	-0.762634
0.167847	-1.710510	1.669922	-0.850525
0.112610	-1.702271	1.588745	-0.915527
0.053711	-1.653748	1.479187	-0.963440
-0.008240	-1.560364	1.343689	-0.996399
-0.070801	-1.433105	1.189270	-1.009216
-0.127258	-1.268005	1.023865	-1.015015
-0.180359	-1.062927	0.863037	-1.015930
-0.225525	-0.816956	0.712585	-1.007385
-0.258179	-0.548706	0.568542	-0.989380
-0.276794	-0.270386	0.425110	-0.955811
-0.290222	0.015564	0.284424	-0.912170
-0.300598	0.304871	0.152588	-0.866699
-0.311584	0.597229	0.030518	-0.820007
-0.321655	0.880432	-0.084839	-0.783997
-0.328979	1.140137	-0.181580	-0.764160
-0.329590	1.365662	-0.256653	-0.755310
-0.320740	1.547852	-0.311279	-0.757141
-0.299072	1.689148	-0.345154	-0.767822
-0.270081	1.792297	-0.360718	-0.787354
-0.237732	1.857605	-0.357971	-0.814514
-0.198364	1.892395	-0.339966	-0.850525
