2020/1/9 9:20:30 40us
CH1			CH2			CH3			CH4
-0.003967	0.003662	0.009460	0.002747
-0.003662	0.003052	0.005188	0.001526
-0.003662	0.002136	0.002441	-0.000305
-0.003967	0.001221	0.000916	-0.003052
-0.004883	0.000610	0.002136	-0.005798
-0.004883	-0.000305	0.003967	-0.008545
-0.004578	-0.001221	0.007019	-0.010986
-0.003967	-0.003967	0.010681	-0.013123
-0.003357	-0.006714	0.014343	-0.014038
-0.003052	-0.008850	0.016479	-0.013733
-0.002747	-0.009460	0.017395	-0.013123
-0.002136	-0.008545	0.016174	-0.011902
-0.001221	-0.007019	0.014343	-0.010071
0.000000	-0.003967	0.012512	-0.007935
0.000610	-0.002441	0.011292	-0.006104
-0.000305	-0.001221	0.011902	-0.003357
-0.001221	-0.000305	0.011292	-0.003052
-0.002747	0.000305	0.011597	-0.003357
-0.003967	0.000305	0.010681	-0.004578
-0.005798	0.000000	0.009766	-0.006104
-0.007019	-0.000305	0.008850	-0.007324
-0.006714	-0.000610	0.009460	-0.007019
-0.005798	-0.000610	0.010681	-0.007935
-0.004272	-0.000305	0.011292	-0.009155
-0.003052	0.001831	0.010376	-0.010071
-0.002441	0.003052	0.009460	-0.010681
-0.001831	0.003357	0.008545	-0.010681
-0.002136	0.003662	0.009766	-0.011292
-0.000610	0.003052	0.010376	-0.010986
0.000916	0.002136	0.012207	-0.009766
0.002136	0.000610	0.014038	-0.008240
0.002136	0.000916	0.015564	-0.006409
0.001831	0.001221	0.016479	-0.003662
-0.000610	0.001831	0.016785	-0.002136
-0.003662	0.002136	0.014954	-0.001221
-0.005798	0.004272	0.013428	-0.002136
-0.007629	0.006714	0.012512	-0.002747
-0.007935	0.007019	0.011597	-0.003967
-0.007629	0.007629	0.010376	-0.005493
-0.006409	0.007629	0.010681	-0.006714
-0.005188	0.006409	0.010376	-0.007935
-0.003662	0.003967	0.010071	-0.009155
-0.003052	0.000000	0.010376	-0.007935
-0.001831	-0.002747	0.011902	0.051575
-0.000610	-0.003662	0.013428	0.308228
-0.000305	-0.003662	0.012817	0.399170
0.000000	-0.002441	0.013428	0.515137
0.002747	-0.002136	0.017090	0.353088
0.003357	-0.002747	0.018311	-0.066528
-0.007935	0.000305	0.026855	-0.537720
-0.018616	-0.000610	-0.038757	-1.033630
-0.010986	0.014648	0.014648	-1.523132
0.004272	-0.005798	0.037842	-2.005615
0.007629	-0.007019	0.102539	-2.477417
0.028687	0.009766	0.167847	-2.937317
0.128174	0.061951	0.049133	-3.370972
0.122070	0.000916	-0.089722	-3.770752
0.070496	-0.069275	-0.227661	-4.114685
-0.018005	-0.089111	-0.303650	-4.412842
-0.122681	-0.058899	-0.315552	-4.628601
-0.251465	-0.027466	-0.304260	-4.804688
-0.303040	-0.043335	-0.284729	-4.879456
-0.305481	-0.016785	-0.259094	-4.872742
-0.337219	0.095215	-0.195007	-4.756470
-0.348816	0.278320	-0.119934	-4.574585
-0.408325	0.409851	-0.014038	-4.357910
-0.426941	0.443420	0.152283	-4.097595
-0.415955	0.392456	0.286255	-3.753662
-0.404358	0.223999	0.419922	-3.338013
-0.369568	-0.001221	0.539856	-2.875671
-0.259705	-0.251465	0.633240	-2.366943
-0.070801	-0.507507	0.749207	-1.818542
0.178223	-0.725403	0.861511	-1.300659
0.470276	-0.935059	0.906372	-0.816040
0.685120	-0.992432	0.883789	-0.339661
0.829163	-0.967712	0.848389	0.131836
0.935974	-0.874634	0.786743	0.557556
1.101685	-0.700989	0.761108	0.957642
1.264343	-0.576477	0.785217	1.351013
1.437378	-0.448608	0.769653	1.744995
1.564636	-0.292664	0.708313	2.131653
1.625061	-0.179138	0.624390	2.481384
1.672058	-0.117798	0.516357	2.798462
1.651917	-0.098572	0.429077	3.092041
1.646729	-0.081787	0.347595	3.299866
1.575623	0.006104	0.198669	3.464966
1.460876	0.148926	0.037537	3.590698
1.346741	0.311584	-0.113525	3.609314
1.129761	0.424500	-0.269775	3.600159
0.845642	0.519409	-0.452576	3.548584
0.487671	0.590210	-0.593262	3.488464
0.083313	0.658875	-0.712891	3.393860
-0.350037	0.835266	-0.794983	3.211670
-0.730591	1.006775	-0.771484	2.978516
-1.058960	1.180725	-0.705872	2.721863
-1.325378	1.364746	-0.639343	2.452393
-1.540222	1.448669	-0.540771	2.198181
-1.721191	1.525574	-0.444336	1.966858
-1.864624	1.542969	-0.313721	1.753235
-1.951294	1.479492	-0.177917	1.542053
-1.943970	1.384583	-0.061646	1.345825
-1.918030	1.296997	-0.004578	1.130066
-1.864319	1.207886	-0.024109	0.846252
-1.817322	1.073914	-0.052490	0.549011
-1.786194	0.957947	-0.068359	0.250549
-1.718445	0.817871	-0.107117	0.028687
-1.646423	0.672302	-0.162354	-0.110779
-1.533508	0.518799	-0.267029	-0.215149
-1.391296	0.381470	-0.414734	-0.284119
-1.263123	0.283813	-0.561218	-0.344849
-1.169128	0.268250	-0.735168	-0.355835
-1.072693	0.290833	-0.949097	-0.260925
-0.950623	0.298157	-1.193237	-0.080261
-0.796814	0.295105	-1.440125	0.203552
-0.592651	0.260925	-1.665344	0.580139
-0.410767	0.241089	-1.833496	0.998840
-0.228577	0.218506	-1.946411	1.423340
-0.038757	0.150146	-1.956482	1.838074
0.155640	0.007324	-1.843262	2.221985
0.332642	-0.173035	-1.633301	2.541504
0.458374	-0.359192	-1.327515	2.803650
0.552368	-0.524902	-0.977783	3.028259
0.599670	-0.650940	-0.641785	3.202515
0.637817	-0.792236	-0.326843	3.323364
0.692749	-0.937805	-0.002441	3.347473
0.716553	-1.105652	0.310669	3.299255
0.739441	-1.255798	0.605469	3.160400
0.733337	-1.358948	0.888367	2.946167
0.701599	-1.427612	1.175232	2.697754
0.710144	-1.432190	1.417542	2.361755
0.731506	-1.397705	1.591492	1.932373
0.742493	-1.294250	1.732178	1.451721
0.749207	-1.093445	1.813660	0.921936
0.731506	-0.864868	1.889648	0.352783
0.702209	-0.585022	1.937256	-0.251465
0.628662	-0.296631	1.965332	-0.872803
0.500183	-0.002747	1.977539	-1.498718
0.361023	0.291748	1.965027	-2.121887
0.240784	0.527039	1.975098	-2.710876
0.172119	0.719299	1.959839	-3.236694
0.134888	0.838623	1.898499	-3.677979
0.106201	0.878906	1.790466	-4.014587
0.073547	0.845337	1.630554	-4.277344
0.017700	0.727844	1.454773	-4.440918
-0.037231	0.526733	1.255188	-4.547729
-0.079041	0.263367	1.035767	-4.607849
-0.119324	-0.015259	0.775757	-4.567566
-0.149841	-0.290222	0.482788	-4.464417
-0.155945	-0.598755	0.181580	-4.305420
-0.142517	-0.917969	-0.091553	-4.103088
-0.104065	-1.249695	-0.339050	-3.876038
-0.028381	-1.593933	-0.541382	-3.594360
0.073242	-1.915283	-0.729980	-3.250427
0.188293	-2.167969	-0.916138	-2.878418
0.324097	-2.344055	-1.053162	-2.510071
0.494690	-2.453613	-1.156921	-2.148132
0.664978	-2.516785	-1.268616	-1.764526
0.820923	-2.535400	-1.399231	-1.328735
0.936890	-2.543945	-1.541748	-0.843201
1.019592	-2.552795	-1.686096	-0.343933
1.080933	-2.495728	-1.816406	0.134277
1.130676	-2.341003	-1.935120	0.568542
1.156006	-2.108154	-2.033997	1.001892
1.145630	-1.836243	-2.103577	1.435852
1.105652	-1.502991	-2.134705	1.853638
1.026611	-1.097412	-2.059937	2.219543
0.922241	-0.647278	-1.891479	2.502747
0.780640	-0.174255	-1.726685	2.732849
0.613098	0.311279	-1.542969	2.894897
0.441284	0.818481	-1.333008	2.984924
0.246887	1.318970	-1.070862	3.051758
0.056763	1.793213	-0.759583	3.051147
-0.128784	2.238464	-0.422974	2.951660
-0.308533	2.609558	-0.084534	2.816467
-0.473938	2.910156	0.223694	2.661133
-0.601501	3.129883	0.518494	2.470398
-0.729675	3.284912	0.788269	2.207947
-0.871277	3.418579	1.043701	1.868591
-1.014404	3.493958	1.259155	1.505127
-1.146240	3.509521	1.391602	1.124878
-1.260681	3.458252	1.467285	0.763245
-1.369934	3.337402	1.488037	0.461426
-1.463623	3.186951	1.454163	0.227051
-1.540222	3.012390	1.363220	0.070496
-1.575623	2.796021	1.219788	-0.045166
-1.555176	2.535095	1.021423	-0.103149
-1.479492	2.238464	0.787354	-0.104675
-1.376953	1.897278	0.542908	-0.074158
-1.282959	1.551208	0.261841	0.017395
-1.172180	1.194153	-0.052185	0.114746
-1.038513	0.801392	-0.383911	0.209351
-0.878906	0.394592	-0.688171	0.308228
-0.710754	-0.043030	-0.957031	0.400085
-0.535583	-0.518188	-1.170654	0.463867
-0.376282	-0.989685	-1.330261	0.536499
-0.264282	-1.430969	-1.423645	0.643005
-0.151672	-1.845093	-1.428528	0.778198
-0.036011	-2.229309	-1.357422	0.927734
0.095215	-2.567749	-1.213074	1.081848
0.232544	-2.852173	-1.031494	1.242981
0.364990	-3.097534	-0.835876	1.388855
0.496826	-3.322754	-0.641479	1.532898
0.624695	-3.542175	-0.428467	1.683655
0.752563	-3.731995	-0.189819	1.819763
0.859070	-3.867493	0.053711	1.911011
0.934753	-3.937073	0.315857	1.945801
0.987854	-3.907166	0.580444	1.924133
1.032410	-3.788147	0.842896	1.870422
1.055908	-3.608398	1.112671	1.773987
1.034241	-3.360596	1.366882	1.647644
0.974426	-3.055420	1.607666	1.489563
0.905151	-2.705994	1.841125	1.279297
0.822144	-2.323303	2.049255	1.011353
0.728455	-1.931152	2.205200	0.703430
0.643005	-1.544189	2.294922	0.319214
0.549011	-1.157227	2.316895	-0.112305
0.432129	-0.754089	2.276611	-0.537720
0.306702	-0.348816	2.202454	-0.937500
0.185852	0.034180	2.097778	-1.300354
0.094604	0.378723	1.960449	-1.613159
0.022278	0.676270	1.810303	-1.879883
-0.046387	0.926514	1.646118	-2.145996
-0.104370	1.123047	1.475525	-2.407837
-0.156250	1.247253	1.318054	-2.655334
-0.178223	1.297913	1.167908	-2.858582
-0.184937	1.267395	1.005859	-3.008423
-0.175476	1.169434	0.838013	-3.113403
-0.157471	1.042786	0.660706	-3.179321
-0.135803	0.899658	0.454712	-3.204346
-0.103760	0.746155	0.211487	-3.179626
-0.068054	0.584106	-0.071716	-3.087158
-0.027161	0.407410	-0.390320	-2.919312
0.014343	0.219116	-0.730591	-2.691650
0.050659	0.033875	-1.075134	-2.435913
0.080566	-0.128784	-1.432190	-2.154236
0.111084	-0.266418	-1.792908	-1.855469
0.144348	-0.376587	-2.144470	-1.551514
0.178223	-0.436096	-2.472839	-1.228333
0.201416	-0.450134	-2.746887	-0.906982
0.211792	-0.406494	-2.943115	-0.605469
0.228882	-0.313110	-3.054199	-0.315247
0.249634	-0.183716	-3.086548	-0.028076
0.273743	-0.021057	-3.046570	0.253906
0.305786	0.177307	-2.952576	0.511475
0.340881	0.399780	-2.799988	0.730286
0.360718	0.628052	-2.581482	0.911255
0.354614	0.868530	-2.313538	1.069336
0.327148	1.108704	-2.010803	1.203613
0.272827	1.362610	-1.681519	1.300659
0.200195	1.642151	-1.345825	1.353149
0.109558	1.944885	-1.006775	1.357117
0.006104	2.265320	-0.674744	1.318665
-0.104980	2.590332	-0.360413	1.269836
-0.216980	2.915039	-0.061340	1.218872
-0.338135	3.222656	0.221558	1.155090
-0.473328	3.504333	0.472412	1.080627
-0.599976	3.742371	0.685425	0.993042
-0.706177	3.925476	0.863647	0.903015
-0.789795	4.040222	1.007996	0.821228
-0.841370	4.087219	1.113586	0.744934
-0.872498	4.067993	1.184082	0.688171
-0.886230	3.980103	1.221924	0.660095
-0.875549	3.822632	1.222839	0.658875
-0.839844	3.606873	1.190186	0.699768
-0.779419	3.343201	1.124268	0.778198
-0.704651	3.050232	1.041870	0.864868
-0.627441	2.719421	0.927429	0.950317
-0.567322	2.351685	0.778503	1.030884
-0.521240	1.940308	0.619812	1.099243
-0.474548	1.477356	0.461426	1.157227
-0.429077	0.940247	0.308838	1.197205
-0.379639	0.362244	0.167847	1.202393
-0.317688	-0.251465	0.020142	1.184082
-0.244751	-0.854492	-0.130310	1.164856
-0.158997	-1.456299	-0.268555	1.143188
-0.066223	-2.059326	-0.382690	1.101685
0.025024	-2.643433	-0.465393	1.040344
0.107422	-3.186646	-0.518799	0.969238
0.186768	-3.669434	-0.537720	0.878601
0.260315	-4.070129	-0.521240	0.779724
0.330811	-4.389343	-0.457764	0.679321
0.412903	-4.653931	-0.339661	0.585938
0.486145	-4.914551	-0.171204	0.499573
0.525513	-5.111084	0.046082	0.413208
0.532837	-5.166321	0.302124	0.338745
0.535278	-5.116577	0.582886	0.287476
0.528870	-4.993591	0.877380	0.254211
0.515137	-4.764404	1.173401	0.223694
0.476379	-4.410706	1.462097	0.180359
0.422974	-3.971252	1.743164	0.106201
0.364685	-3.479004	1.961365	0.006714
0.300903	-2.947998	2.116089	-0.131531
0.261536	-2.420349	2.265320	-0.315247
0.236206	-1.904297	2.412415	-0.517578
0.191650	-1.398621	2.543335	-0.722961
0.139160	-0.890503	2.642212	-0.978394
0.080261	-0.384216	2.706604	-1.253967
0.027771	0.104675	2.730103	-1.463318
0.003052	0.568542	2.747498	-1.602783
-0.005493	0.989380	2.760010	-1.755981
-0.018005	1.388245	2.753296	-1.912537
-0.032654	1.755371	2.701721	-2.031555
-0.047302	2.062073	2.579041	-2.124634
-0.050964	2.339172	2.382507	-2.193298
-0.044556	2.561646	2.124939	-2.196350
-0.021057	2.729187	1.820068	-2.125244
0.011597	2.833252	1.460876	-1.999817
0.041199	2.846680	1.066284	-1.842041
0.062866	2.782288	0.635681	-1.648254
0.093079	2.652588	0.170898	-1.401978
0.112305	2.415771	-0.299988	-1.128540
0.096130	2.119751	-0.759888	-0.856018
0.077209	1.820374	-1.216125	-0.604858
0.066223	1.518250	-1.663513	-0.386353
0.061340	1.240234	-2.102966	-0.199890
0.062561	0.974731	-2.540283	-0.033569
0.079956	0.688171	-2.933044	0.099182
0.126038	0.393677	-3.257751	0.190125
0.158386	0.144043	-3.521423	0.269165
0.169373	-0.054321	-3.738098	0.304871
0.184021	-0.202942	-3.903198	0.314331
0.206604	-0.305176	-4.008179	0.348206
0.248108	-0.350037	-4.039917	0.423279
0.292664	-0.362854	-3.963928	0.477295
0.323181	-0.357056	-3.814392	0.487366
0.333557	-0.346375	-3.610229	0.511780
0.314026	-0.301514	-3.364563	0.554199
0.278625	-0.196838	-3.098755	0.570068
0.238953	-0.019836	-2.802429	0.548401
0.192871	0.208130	-2.458801	0.512695
0.151062	0.506897	-2.083435	0.477905
0.097351	0.866394	-1.678467	0.464783
0.033569	1.232910	-1.274109	0.451965
-0.045166	1.589966	-0.922241	0.457764
-0.128174	1.931763	-0.606995	0.480042
-0.221558	2.232666	-0.294495	0.506287
-0.328979	2.496643	0.018005	0.552368
-0.422058	2.694397	0.301208	0.610657
-0.495300	2.839661	0.550537	0.639954
-0.556335	2.967529	0.758667	0.672302
-0.589600	3.041077	0.932922	0.724487
-0.588379	3.030396	1.098938	0.771179
-0.564270	2.954102	1.245117	0.804749
-0.529175	2.840271	1.372681	0.823364
-0.485840	2.685852	1.477051	0.837402
-0.441284	2.490540	1.542053	0.835266
-0.386963	2.271729	1.589661	0.816956
-0.332031	1.982422	1.653137	0.789185
-0.259705	1.621399	1.687622	0.753479
-0.174866	1.203918	1.654663	0.712585
-0.093689	0.733337	1.583862	0.666809
-0.032654	0.228577	1.486511	0.618591
0.011902	-0.305481	1.378784	0.577087
0.051270	-0.854797	1.271973	0.510254
0.083618	-1.395874	1.156006	0.426636
0.115662	-1.915283	1.027222	0.363464
0.147705	-2.401123	0.877686	0.310364
0.159912	-2.854004	0.722046	0.241089
0.155029	-3.263550	0.590210	0.160828
0.153198	-3.629456	0.492249	0.083008
0.135803	-3.962708	0.409546	0.021973
0.097656	-4.239502	0.339050	-0.022888
0.048828	-4.441528	0.309448	-0.060425
0.010681	-4.674683	0.341187	-0.071716
0.002136	-4.887390	0.433044	-0.070496
0.013733	-4.987183	0.576782	-0.069275
0.051880	-5.005188	0.741577	-0.069885
0.098877	-5.001526	0.895386	-0.064392
0.143433	-4.924622	1.044312	-0.050964
0.159607	-4.700623	1.217346	-0.029297
0.158997	-4.361877	1.430969	-0.049744
0.169067	-3.955078	1.613770	-0.095825
0.172424	-3.466492	1.724854	-0.160522
0.181580	-2.912903	1.812744	-0.253601
0.192871	-2.328796	1.903076	-0.374756
0.185852	-1.742554	1.957397	-0.467834
0.171814	-1.172180	1.952209	-0.591125
0.135498	-0.612183	1.892395	-0.759888
0.099182	-0.081787	1.760864	-0.881653
0.085754	0.404968	1.600342	-0.903625
0.090637	0.839233	1.447449	-0.911255
0.098877	1.250610	1.305237	-0.935669
0.117188	1.625366	1.123657	-0.895386
0.137939	1.921997	0.881348	-0.794067
0.169678	2.188110	0.607605	-0.668335
0.188904	2.405701	0.328979	-0.497742
0.208740	2.548523	0.075378	-0.271912
0.236206	2.661133	-0.144348	-0.039368
0.270691	2.743225	-0.343323	0.162964
0.291443	2.762451	-0.516663	0.332642
0.316772	2.693787	-0.679626	0.517578
0.343933	2.507324	-0.846863	0.711060
0.319214	2.250977	-1.018677	0.886536
0.269165	1.994324	-1.218872	1.005554
0.234985	1.718750	-1.468506	1.075439
0.209351	1.457520	-1.747742	1.084900
0.203857	1.248474	-2.018127	1.016235
0.204468	1.051331	-2.239685	0.886841
0.224304	0.856628	-2.397461	0.708313
0.229797	0.690613	-2.537537	0.514221
0.199280	0.550842	-2.681580	0.282898
0.177002	0.425415	-2.797241	0.030212
0.153503	0.327759	-2.870789	-0.217590
0.130920	0.292969	-2.896729	-0.425415
0.107117	0.298767	-2.849426	-0.654297
0.064697	0.332336	-2.747192	-0.897522
0.019836	0.415344	-2.613220	-1.058960
-0.017700	0.525513	-2.425842	-1.144409
-0.060120	0.648804	-2.200623	-1.192017
-0.118713	0.800781	-1.947632	-1.220703
-0.184326	0.975037	-1.665955	-1.220398
-0.237732	1.165771	-1.377869	-1.189880
-0.297852	1.394348	-1.083069	-1.139221
-0.360718	1.626587	-0.764771	-1.075439
-0.432129	1.810303	-0.417786	-1.002197
-0.518494	1.953430	-0.083313	-0.916748
-0.599976	2.080383	0.233154	-0.823059
-0.669250	2.180481	0.502625	-0.703125
-0.715637	2.235107	0.718384	-0.562439
-0.727844	2.233582	0.905762	-0.439453
-0.721741	2.187805	1.083984	-0.323486
-0.671082	2.126160	1.258545	-0.224609
-0.588379	2.051697	1.410217	-0.134888
-0.477905	1.955566	1.523438	-0.024719
-0.355225	1.820068	1.592102	0.095520
-0.222168	1.663818	1.632385	0.219421
-0.074158	1.498413	1.635437	0.354614
0.055847	1.326599	1.610413	0.484009
0.164490	1.128235	1.568909	0.599670
0.263977	0.899353	1.504211	0.734558
0.361023	0.651550	1.433411	0.881042
0.431824	0.380554	1.365356	1.007996
0.462952	0.077515	1.287231	1.094666
0.464172	-0.255432	1.177979	1.143799
0.448608	-0.626831	1.042175	1.167603
0.428162	-1.051331	0.906067	1.185303
0.396423	-1.517334	0.776367	1.200867
0.344238	-2.008362	0.674744	1.183472
0.272522	-2.509460	0.588074	1.127014
0.197754	-2.984619	0.516357	1.058044
0.130615	-3.396301	0.444946	0.974426
0.069885	-3.741455	0.371094	0.871277
0.003357	-4.016724	0.304871	0.762329
-0.069885	-4.259644	0.270386	0.640259
-0.143433	-4.491272	0.289917	0.504150
-0.217285	-4.663696	0.352783	0.361023
-0.264282	-4.747620	0.437622	0.200500
-0.288086	-4.751587	0.528870	0.023499
-0.315552	-4.663391	0.613403	-0.166321
-0.347290	-4.465027	0.704346	-0.364380
-0.386658	-4.149170	0.787048	-0.551147
-0.420837	-3.745422	0.833435	-0.722656
-0.444336	-3.264160	0.828247	-0.870361
-0.450439	-2.715149	0.800781	-1.001282
-0.439453	-2.135925	0.773621	-1.126099
-0.422668	-1.546936	0.751648	-1.243286
-0.397034	-0.956726	0.709229	-1.354675
-0.378723	-0.386963	0.639038	-1.452332
-0.376892	0.139465	0.544434	-1.499939
-0.374146	0.639038	0.427246	-1.469421
-0.370483	1.098938	0.323486	-1.380005
-0.350952	1.517334	0.241699	-1.278992
-0.320435	1.920166	0.172729	-1.145630
-0.274658	2.273254	0.110168	-0.945740
-0.210876	2.579041	0.055847	-0.701599
-0.143433	2.848511	0.004272	-0.437317
-0.073242	3.057861	-0.039063	-0.145874
0.005493	3.205872	-0.061951	0.152588
0.102844	3.288879	-0.078735	0.431519
0.210571	3.290100	-0.107422	0.664063
0.316772	3.244629	-0.147705	0.854797
0.414429	3.172302	-0.188904	1.007690
0.479736	3.046570	-0.244751	1.122131
0.505066	2.893982	-0.323181	1.188660
0.513611	2.719727	-0.437622	1.198730
0.504150	2.542725	-0.576782	1.137085
0.491028	2.368469	-0.739441	1.002808
0.477295	2.177429	-0.933533	0.812073
0.462341	1.974487	-1.130981	0.579529
0.445557	1.778259	-1.318970	0.312805
0.407104	1.594543	-1.501160	0.041809
0.356445	1.426392	-1.681824	-0.226135
0.300293	1.271057	-1.854858	-0.486450
0.237122	1.126099	-2.010803	-0.711365
0.187073	1.000061	-2.141418	-0.875244
0.151367	0.874634	-2.216797	-1.008606
0.124207	0.754089	-2.243042	-1.122131
0.088196	0.659485	-2.203979	-1.195984
0.037842	0.569458	-2.105103	-1.225586
-0.021667	0.462036	-1.963196	-1.234741
-0.092163	0.367126	-1.779785	-1.229248
-0.161438	0.274048	-1.550293	-1.213989
-0.217285	0.178223	-1.293030	-1.184998
-0.277100	0.098267	-1.030579	-1.134644
-0.334778	0.042114	-0.768433	-1.084900
-0.384827	0.004578	-0.506897	-1.028748
-0.411377	-0.014648	-0.262146	-0.960083
-0.434265	-0.030518	-0.039368	-0.867615
-0.454407	-0.037231	0.157776	-0.753479
-0.443420	-0.027466	0.318298	-0.626831
-0.408630	-0.001526	0.442810	-0.504761
-0.351257	0.039368	0.548706	-0.388184
-0.273132	0.069275	0.657043	-0.282593
-0.182800	0.070496	0.762024	-0.175171
-0.086365	0.049744	0.842896	-0.042725
-0.001221	0.028687	0.914612	0.104370
0.083008	0.018005	0.976257	0.248108
0.172729	-0.001831	1.028137	0.396118
0.265198	-0.051575	1.083374	0.555725
0.357361	-0.136414	1.136475	0.712891
0.430908	-0.263062	1.176758	0.852356
0.486145	-0.433655	1.195068	0.984497
0.517273	-0.641785	1.208496	1.117859
0.516052	-0.874023	1.222534	1.236877
0.491333	-1.128845	1.232910	1.325684
0.445557	-1.407166	1.231384	1.381531
0.390625	-1.701965	1.216125	1.410217
0.313721	-2.005615	1.206665	1.412048
0.213623	-2.304382	1.200562	1.386414
0.103149	-2.579041	1.192932	1.336365
-0.009460	-2.811279	1.181641	1.268311
-0.110474	-2.977905	1.165771	1.168518
-0.196533	-3.080444	1.144409	1.034241
-0.273743	-3.149719	1.119690	0.881348
-0.343628	-3.199768	1.089783	0.711060
-0.403137	-3.203430	1.056824	0.534668
-0.447083	-3.146973	1.015930	0.351868
-0.474854	-3.043518	0.968933	0.169373
-0.491028	-2.893982	0.905151	-0.008240
-0.506592	-2.702637	0.825500	-0.166931
-0.529480	-2.460022	0.733948	-0.313110
-0.559692	-2.158203	0.619202	-0.447998
-0.591125	-1.808167	0.480957	-0.564575
-0.617065	-1.442566	0.341797	-0.666809
-0.626526	-1.080017	0.210876	-0.758972
-0.630188	-0.725403	0.083923	-0.827637
-0.626526	-0.376892	-0.045776	-0.871277
-0.614624	-0.046082	-0.188599	-0.902710
-0.593872	0.266418	-0.346985	-0.908508
-0.556641	0.549927	-0.503235	-0.874939
-0.492249	0.788269	-0.635376	-0.800476
-0.407104	0.979004	-0.731506	-0.696106
-0.306091	1.130981	-0.796204	-0.561218
-0.198059	1.232300	-0.850525	-0.403442
-0.090027	1.287231	-0.908813	-0.235596
0.018005	1.320801	-0.972290	-0.047913
0.120850	1.342468	-1.032715	0.154419
0.225830	1.360168	-1.078796	0.361938
0.334778	1.375427	-1.108704	0.563965
0.435181	1.386719	-1.130066	0.750122
0.527344	1.393738	-1.147156	0.914001
0.615540	1.385193	-1.161194	1.047974
0.691528	1.354370	-1.172485	1.156006
0.751343	1.322327	-1.192627	1.231384
0.800476	1.291199	-1.212769	1.258850
0.834961	1.250000	-1.232910	1.243286
0.849915	1.204224	-1.250916	1.193542
0.851746	1.134949	-1.265564	1.111755
0.847473	1.046753	-1.264343	0.994873
0.831604	0.961304	-1.262207	0.845337
0.794067	0.885925	-1.256714	0.671997
0.740967	0.821228	-1.250610	0.479126
0.678101	0.757141	-1.237183	0.270996
0.606079	0.686340	-1.206970	0.055847
0.527649	0.609131	-1.152039	-0.156555
0.447998	0.541077	-1.083679	-0.366516
0.361938	0.490417	-1.013489	-0.567017
0.265198	0.451050	-0.942688	-0.734558
0.163269	0.415039	-0.864563	-0.872803
0.064697	0.384521	-0.779724	-0.996704
-0.030212	0.360718	-0.691833	-1.112976
-0.126648	0.345154	-0.599976	-1.223755
-0.221863	0.332031	-0.503540	-1.332092
-0.304871	0.321350	-0.404053	-1.421814
-0.369568	0.320129	-0.300598	-1.498108
-0.417175	0.316467	-0.185852	-1.565857
-0.460510	0.307617	-0.056458	-1.626892
-0.499268	0.291138	0.063782	-1.667480
-0.528870	0.265808	0.170288	-1.675415
-0.542297	0.234070	0.266724	-1.650391
-0.533142	0.193481	0.356750	-1.602173
-0.505981	0.143433	0.447693	-1.530762
-0.456848	0.079346	0.545044	-1.428223
-0.390320	0.010376	0.643616	-1.289368
-0.307922	-0.052490	0.730591	-1.107788
-0.216980	-0.119324	0.808716	-0.884399
-0.119324	-0.200806	0.883484	-0.622559
-0.009766	-0.285950	0.956116	-0.332642
0.104370	-0.377502	1.030273	-0.039063
0.215454	-0.483093	1.103516	0.250854
0.319214	-0.601807	1.168823	0.534668
0.404053	-0.725098	1.219177	0.791626
0.466919	-0.847473	1.262207	1.032410
0.505981	-0.959167	1.300354	1.242371
0.525208	-1.062012	1.331482	1.419678
0.526733	-1.156616	1.354980	1.559143
0.511169	-1.250305	1.370544	1.663818
0.478821	-1.335144	1.383057	1.735229
0.424500	-1.408691	1.382751	1.771851
0.350037	-1.466064	1.367798	1.770020
0.269165	-1.508179	1.336975	1.735840
0.180664	-1.535645	1.286316	1.681213
0.084229	-1.546021	1.215210	1.613464
-0.019531	-1.535034	1.131287	1.537781
-0.131836	-1.499634	1.033325	1.452637
-0.240173	-1.445923	0.927734	1.357117
-0.337219	-1.377258	0.817566	1.246033
-0.419922	-1.299133	0.704651	1.126404
-0.495300	-1.209717	0.582581	1.005554
-0.566406	-1.107178	0.455627	0.879211
-0.631714	-0.993958	0.332947	0.754395
-0.689392	-0.879822	0.213623	0.629883
-0.733032	-0.766296	0.092773	0.501404
-0.758057	-0.649719	-0.028381	0.374756
-0.770569	-0.520935	-0.158997	0.254211
-0.777588	-0.379028	-0.301514	0.143433
-0.775452	-0.228577	-0.450745	0.043945
-0.758972	-0.077209	-0.598450	-0.041504
-0.723267	0.070190	-0.737305	-0.114136
-0.671082	0.212402	-0.866394	-0.177917
-0.602722	0.346069	-0.976257	-0.233154
-0.521851	0.472107	-1.058044	-0.273438
-0.430603	0.595703	-1.109314	-0.298157
-0.328979	0.711060	-1.131897	-0.304260
-0.223083	0.817871	-1.131897	-0.287476
-0.109863	0.913391	-1.112671	-0.244751
0.000916	1.000977	-1.076660	-0.184021
0.112000	1.085815	-1.022034	-0.114441
0.226135	1.167603	-0.952148	-0.038452
0.338135	1.239624	-0.869751	0.037231
0.440063	1.289063	-0.773010	0.109558
0.527344	1.314087	-0.664978	0.173645
0.596619	1.319580	-0.556641	0.225220
0.645752	1.307373	-0.453491	0.259094
0.677185	1.283569	-0.355835	0.264587
0.688782	1.246033	-0.269165	0.237732
0.681763	1.199036	-0.195007	0.188293
0.655823	1.152039	-0.129395	0.116272
0.621338	1.112671	-0.066833	0.025330
0.576172	1.085510	-0.011597	-0.082092
0.521545	1.072388	0.035706	-0.198669
0.465393	1.070862	0.073547	-0.317688
0.409546	1.076965	0.104065	-0.443726
0.354614	1.083069	0.123901	-0.581055
0.306702	1.090393	0.138245	-0.722351
0.262756	1.095276	0.148315	-0.857849
0.216675	1.097107	0.152588	-0.983887
0.164490	1.099854	0.150452	-1.108093
0.115051	1.099854	0.140686	-1.231384
0.062866	1.101379	0.123901	-1.348267
0.007019	1.109009	0.101624	-1.452637
-0.048218	1.115112	0.077820	-1.541138
-0.107422	1.111145	0.060425	-1.611633
-0.167236	1.092834	0.046082	-1.661682
-0.223999	1.057739	0.037537	-1.694946
-0.270996	0.998535	0.034485	-1.711731
-0.316162	0.917053	0.033875	-1.709900
-0.351868	0.820618	0.032654	-1.683960
-0.372620	0.704346	0.035706	-1.633606
-0.378113	0.564270	0.043945	-1.564331
-0.368652	0.405579	0.056763	-1.473389
-0.342407	0.236816	0.074158	-1.357727
-0.303040	0.064697	0.102844	-1.219482
-0.252075	-0.113525	0.133362	-1.054382
-0.190430	-0.299072	0.166931	-0.866699
-0.121765	-0.486145	0.209961	-0.664673
-0.045776	-0.668640	0.261230	-0.448608
0.036011	-0.846558	0.313110	-0.219116
0.120544	-1.020203	0.362244	0.008240
0.200500	-1.189270	0.400696	0.233459
0.268555	-1.347046	0.423584	0.462036
0.326843	-1.483765	0.428467	0.680542
0.372009	-1.599731	0.423889	0.876160
0.401611	-1.694641	0.419617	1.044922
0.413513	-1.760559	0.413513	1.188049
0.408630	-1.791992	0.404053	1.309509
0.382080	-1.788330	0.393677	1.401672
0.338135	-1.752014	0.394897	1.460876
0.285645	-1.687012	0.414429	1.493835
0.226440	-1.594543	0.455322	1.504211
0.157166	-1.472168	0.511475	1.499939
0.077820	-1.322937	0.575562	1.489563
-0.007629	-1.153259	0.645142	1.471558
-0.094910	-0.970459	0.719604	1.443787
-0.183411	-0.776978	0.801086	1.407776
-0.267334	-0.577698	0.885925	1.365967
-0.342407	-0.373230	0.952454	1.317749
-0.411987	-0.167542	0.989075	1.260681
-0.476990	0.034790	0.996704	1.191406
-0.534363	0.223083	0.982971	1.113281
-0.584717	0.394287	0.947266	1.027832
-0.631104	0.544434	0.893250	0.929260
-0.674744	0.672607	0.815125	0.816345
-0.706177	0.781250	0.707092	0.694580
-0.725098	0.869141	0.576782	0.569763
-0.728760	0.941467	0.437622	0.440063
-0.714111	0.997009	0.290527	0.302429
-0.687256	1.029968	0.135803	0.156555
-0.646973	1.039734	-0.021057	0.012512
-0.597839	1.025085	-0.173950	-0.122070
-0.539856	0.984497	-0.319824	-0.243530
-0.474243	0.918884	-0.453186	-0.348511
-0.401001	0.844727	-0.568542	-0.439453
-0.313416	0.768127	-0.667419	-0.515747
-0.224915	0.687561	-0.743103	-0.568542
-0.134277	0.601807	-0.797729	-0.600586
-0.043030	0.514221	-0.826721	-0.610962
0.045166	0.413818	-0.831909	-0.602722
0.132141	0.297241	-0.820007	-0.575867
0.216064	0.171509	-0.793457	-0.529480
0.296326	0.041199	-0.756226	-0.465088
0.371704	-0.087585	-0.711365	-0.386353
0.437622	-0.213928	-0.656738	-0.298462
0.498352	-0.331421	-0.602112	-0.209961
0.551758	-0.433655	-0.556030	-0.130005
0.601501	-0.521240	-0.515747	-0.053711
0.643311	-0.587158	-0.474548	0.018005
0.674438	-0.627747	-0.430908	0.074768
0.697937	-0.639648	-0.378113	0.113525
0.715942	-0.624084	-0.315552	0.129700
0.722656	-0.574646	-0.251160	0.132446
0.717468	-0.484314	-0.189819	0.119934
0.700073	-0.363770	-0.127563	0.092468
0.670471	-0.220642	-0.062256	0.049133
0.625916	-0.065002	-0.005798	-0.007324
0.573425	0.091553	0.038452	-0.073853
0.514832	0.245667	0.068359	-0.154419
0.446472	0.393677	0.086060	-0.241394
0.370789	0.515442	0.094604	-0.329285
0.291138	0.603943	0.094299	-0.417175
0.209351	0.669861	0.078735	-0.510559
0.127563	0.717468	0.050354	-0.602112
0.049133	0.737915	0.012207	-0.693054
-0.028687	0.723267	-0.033569	-0.788269
-0.102539	0.678406	-0.084534	-0.877686
-0.169983	0.606079	-0.132446	-0.955505
-0.227356	0.509033	-0.174866	-1.023560
-0.273743	0.390320	-0.211792	-1.078796
-0.301208	0.247192	-0.238953	-1.117249
-0.307922	0.077515	-0.253296	-1.139221
-0.301819	-0.103149	-0.262146	-1.144104
-0.282288	-0.284424	-0.266113	-1.130066
-0.248413	-0.462646	-0.267029	-1.100769
-0.205383	-0.629578	-0.270386	-1.057434
-0.158691	-0.780640	-0.272522	-0.995483
-0.106201	-0.917053	-0.271606	-0.914612
-0.055237	-1.035461	-0.264587	-0.814514
-0.006714	-1.128845	-0.262756	-0.692749
0.041809	-1.198120	-0.267639	-0.562439
0.086975	-1.250916	-0.269165	-0.428467
0.123901	-1.288452	-0.255127	-0.286255
0.151672	-1.321411	-0.230408	-0.138550
0.170898	-1.357117	-0.198059	-0.002747
0.181274	-1.383667	-0.158081	0.125122
0.182495	-1.393738	-0.104065	0.258484
0.177917	-1.382141	-0.039368	0.396118
0.169373	-1.345520	0.032959	0.524902
0.155029	-1.275635	0.116577	0.641785
0.127258	-1.171875	0.206909	0.745239
0.081177	-1.037292	0.294495	0.840454
0.024719	-0.868225	0.366821	0.932922
-0.037537	-0.673523	0.432739	1.018677
-0.102234	-0.462952	0.508118	1.091003
-0.167847	-0.243225	0.586548	1.154480
-0.230408	-0.022888	0.653992	1.203308
-0.290527	0.191956	0.698242	1.231079
-0.347290	0.391541	0.721741	1.246338
-0.396729	0.565796	0.720825	1.249390
-0.440063	0.710754	0.695496	1.236572
-0.477600	0.835876	0.647278	1.201172
-0.503235	0.946045	0.579224	1.148682
-0.514832	1.027222	0.488281	1.079712
-0.513916	1.073914	0.378418	1.000061
-0.498352	1.087341	0.262756	0.917969
-0.471497	1.071472	0.145264	0.835571
-0.445251	1.025696	0.023193	0.751038
-0.419312	0.958862	-0.093689	0.663757
-0.385132	0.873108	-0.194702	0.573425
-0.343018	0.770874	-0.282898	0.491333
-0.297852	0.651245	-0.361023	0.418701
-0.252686	0.526123	-0.423889	0.348206
-0.209656	0.407715	-0.471497	0.288086
-0.163574	0.286865	-0.503845	0.237122
-0.110168	0.157166	-0.521240	0.194397
-0.051880	0.021667	-0.527344	0.147705
0.003357	-0.114746	-0.519104	0.095825
0.061951	-0.262146	-0.498047	0.041199
0.124207	-0.424500	-0.467834	-0.013733
0.182800	-0.588074	-0.433960	-0.064087
0.236206	-0.740051	-0.397034	-0.105896
0.286560	-0.875549	-0.358276	-0.141296
0.331116	-0.995178	-0.325012	-0.169983
0.370178	-1.097412	-0.300293	-0.195007
0.406189	-1.180115	-0.289917	-0.218201
0.434265	-1.239319	-0.292053	-0.237122
0.452271	-1.262512	-0.299072	-0.249634
0.466003	-1.238403	-0.294495	-0.259399
0.475769	-1.170959	-0.270996	-0.274963
0.476379	-1.070557	-0.234070	-0.295105
0.468140	-0.939941	-0.194397	-0.313416
0.455322	-0.781250	-0.148926	-0.334473
0.430298	-0.591431	-0.096436	-0.361328
0.391846	-0.374146	-0.034485	-0.398254
0.344543	-0.140076	0.040588	-0.452576
0.291443	0.099792	0.130310	-0.515747
0.233459	0.341187	0.224609	-0.574646
0.174255	0.571899	0.318604	-0.626221
0.112305	0.783997	0.411377	-0.682068
0.047607	0.982666	0.499573	-0.744934
-0.011902	1.169434	0.583191	-0.806580
-0.060425	1.334229	0.654602	-0.863037
-0.106812	1.467285	0.708313	-0.911255
-0.146790	1.567993	0.748291	-0.951538
-0.173340	1.639709	0.776367	-0.980225
-0.189209	1.687927	0.779724	-0.996399
-0.199280	1.716309	0.756836	-0.999146
-0.204163	1.723938	0.716553	-0.989380
-0.197144	1.701965	0.659790	-0.963135
-0.176697	1.630249	0.581360	-0.923157
-0.149536	1.528625	0.490723	-0.880127
-0.122681	1.414490	0.396118	-0.840759
-0.097046	1.276855	0.294800	-0.804138
-0.065613	1.116638	0.187683	-0.761719
-0.023804	0.946350	0.084229	-0.711670
0.016479	0.780029	-0.007935	-0.657349
0.047913	0.603638	-0.093079	-0.604248
0.067444	0.418701	-0.182800	-0.545044
0.074158	0.226135	-0.275574	-0.474243
0.071106	0.041809	-0.356140	-0.398865
0.061951	-0.131226	-0.419312	-0.316467
0.044556	-0.298462	-0.468140	-0.220032
0.025024	-0.457764	-0.509949	-0.114746
0.002136	-0.606689	-0.545349	-0.001831
-0.023499	-0.744019	-0.576172	0.126953
-0.048523	-0.866089	-0.595093	0.262451
-0.071411	-0.976563	-0.598755	0.387878
-0.093994	-1.056213	-0.584106	0.501404
-0.116577	-1.093445	-0.551147	0.612183
-0.139771	-1.094666	-0.509338	0.716858
-0.158691	-1.055298	-0.460815	0.811768
-0.178223	-0.973816	-0.402527	0.900269
-0.198975	-0.842590	-0.333557	0.979004
-0.219727	-0.664368	-0.252991	1.043396
-0.237732	-0.457153	-0.165710	1.093750
-0.255737	-0.235901	-0.082397	1.127014
-0.269165	-0.008545	-0.006714	1.140747
-0.285034	0.215759	0.068054	1.138000
-0.309753	0.432739	0.137024	1.121826
-0.327454	0.649414	0.191040	1.085510
-0.331116	0.848083	0.226440	1.032715
-0.328369	1.023254	0.245667	0.978699
-0.323181	1.170349	0.260315	0.923767
-0.319519	1.272583	0.277100	0.853271
-0.315552	1.337280	0.296021	0.762329
-0.312805	1.369019	0.315247	0.664063
-0.312195	1.360779	0.335693	0.563965
-0.306396	1.321106	0.357971	0.471497
-0.287170	1.240234	0.383606	0.391235
-0.254211	1.119080	0.411377	0.325623
-0.220032	0.973206	0.440674	0.258179
-0.184631	0.808105	0.466003	0.178833
-0.146484	0.620728	0.483093	0.099487
-0.104370	0.424194	0.491943	0.027771
-0.064392	0.227966	0.492554	-0.044250
-0.032349	0.041199	0.489807	-0.122070
-0.003357	-0.130005	0.478210	-0.200500
0.026245	-0.290833	0.450745	-0.274353
0.055542	-0.441895	0.408325	-0.345764
0.083008	-0.579224	0.357971	-0.419006
0.104980	-0.705566	0.303955	-0.488281
0.128784	-0.823669	0.246277	-0.557556
0.155334	-0.924988	0.183411	-0.635681
0.179138	-1.009216	0.113220	-0.709229
0.204468	-1.077576	0.042419	-0.760803
0.234985	-1.130371	-0.017700	-0.793762
0.268250	-1.164551	-0.065308	-0.810852
0.300903	-1.172180	-0.101929	-0.815430
0.330811	-1.153564	-0.128784	-0.806580
0.352173	-1.107178	-0.144348	-0.775757
0.360718	-1.028137	-0.145874	-0.725403
0.359802	-0.916748	-0.129395	-0.666504
0.352173	-0.769043	-0.097351	-0.610352
0.337830	-0.594482	-0.046692	-0.558472
0.317993	-0.403442	0.016785	-0.509949
0.293274	-0.198669	0.083313	-0.454407
0.261230	0.010681	0.150146	-0.398254
0.216064	0.214844	0.218811	-0.346069
0.156555	0.414734	0.280151	-0.309753
0.099487	0.601807	0.325623	-0.291748
0.052185	0.769653	0.353088	-0.282593
0.016174	0.911865	0.362854	-0.270996
-0.005188	1.020203	0.362549	-0.265808
-0.013428	1.096497	0.351257	-0.274658
-0.009155	1.146545	0.324097	-0.286865
0.000916	1.171265	0.280762	-0.291748
0.014648	1.171265	0.224304	-0.289001
0.034790	1.143188	0.156860	-0.278625
0.063477	1.081238	0.083923	-0.256958
0.093994	1.005249	0.004883	-0.225830
0.123596	0.925903	-0.079346	-0.193176
0.153809	0.827942	-0.160828	-0.153198
0.180969	0.711365	-0.239258	-0.099792
0.207825	0.585632	-0.321350	-0.035400
0.225220	0.454407	-0.402527	0.024414
0.225220	0.317688	-0.472717	0.073853
0.211487	0.178528	-0.543518	0.120850
0.193176	0.035095	-0.608826	0.161743
0.173035	-0.112610	-0.657349	0.192871
0.148926	-0.255737	-0.689392	0.217285
0.120239	-0.394287	-0.704956	0.236206
0.086365	-0.530701	-0.713806	0.249329
0.045776	-0.650635	-0.721741	0.273132
-0.000305	-0.751953	-0.729370	0.318604
-0.043945	-0.828552	-0.725403	0.369263
-0.086365	-0.883179	-0.708008	0.413818
-0.122375	-0.919800	-0.673523	0.459290
-0.152588	-0.933228	-0.628662	0.509949
-0.180664	-0.918884	-0.581055	0.562134
-0.203857	-0.870972	-0.535583	0.614929
-0.220032	-0.795288	-0.485535	0.669250
-0.233154	-0.693970	-0.433350	0.720520
-0.249329	-0.564880	-0.374756	0.757446
-0.268250	-0.417786	-0.303650	0.780029
-0.285339	-0.256042	-0.228577	0.792542
-0.298462	-0.091553	-0.153809	0.797119
-0.309143	0.066833	-0.072937	0.789490
-0.323181	0.219116	0.012817	0.765686
-0.335693	0.364380	0.096741	0.721436
-0.341492	0.491333	0.173950	0.652161
-0.339050	0.591431	0.244141	0.567322
-0.329895	0.661011	0.314941	0.475769
-0.317993	0.697632	0.391235	0.377808
-0.300598	0.708618	0.469360	0.280762
-0.280151	0.701904	0.542603	0.192261
-0.259399	0.679932	0.602112	0.120544
-0.231323	0.638733	0.646973	0.069580
-0.191956	0.575867	0.680847	0.041809
-0.145569	0.485840	0.704956	0.033875
-0.096130	0.378723	0.717773	0.035706
-0.039978	0.262146	0.725403	0.040588
0.022583	0.134888	0.729675	0.047302
0.086975	-0.006714	0.725403	0.058289
0.152283	-0.164185	0.709229	0.069580
0.208435	-0.328674	0.683594	0.078125
0.246582	-0.489807	0.645752	0.079346
0.275269	-0.644226	0.587158	0.075684
0.300293	-0.797729	0.511475	0.064392
0.318298	-0.947876	0.429993	0.046997
0.328064	-1.088257	0.349121	0.022888
0.332947	-1.228943	0.269470	-0.014954
0.332336	-1.359253	0.185852	-0.060730
0.322876	-1.473694	0.089722	-0.103149
0.310974	-1.571960	-0.016479	-0.141296
0.300293	-1.660767	-0.118408	-0.176392
0.289917	-1.734924	-0.209961	-0.205994
0.279846	-1.780090	-0.289917	-0.235291
0.269165	-1.795349	-0.358887	-0.261230
0.253296	-1.784363	-0.417480	-0.281372
0.236511	-1.733398	-0.466309	-0.296936
0.217590	-1.639099	-0.500183	-0.303650
0.199585	-1.510620	-0.517883	-0.308838
0.179138	-1.352844	-0.521851	-0.320740
0.155640	-1.171570	-0.514832	-0.336304
0.128784	-0.975952	-0.495300	-0.353088
0.102539	-0.766907	-0.459900	-0.369873
0.070801	-0.549927	-0.417175	-0.393066
0.029907	-0.322266	-0.370789	-0.429993
-0.010986	-0.092468	-0.322266	-0.474243
-0.042419	0.127563	-0.282593	-0.513611
-0.066833	0.331421	-0.244446	-0.543823
-0.086670	0.515442	-0.197144	-0.574341
-0.098267	0.679932	-0.144348	-0.609131
-0.103455	0.826721	-0.093689	-0.638428
-0.104675	0.960388	-0.043030	-0.658264
-0.099182	1.086426	0.009155	-0.665588
-0.083618	1.189880	0.060120	-0.651855
-0.058899	1.268311	0.108948	-0.612793
-0.025635	1.323242	0.155029	-0.555725
0.015259	1.356506	0.199280	-0.490417
0.060730	1.362610	0.234375	-0.415955
0.109558	1.343079	0.258789	-0.326843
0.156555	1.304016	0.271301	-0.228882
0.189819	1.247864	0.270996	-0.134888
0.206909	1.177063	0.257874	-0.048828
0.211792	1.101990	0.228271	0.031738
0.201721	1.021118	0.180359	0.102844
0.182495	0.926514	0.121460	0.161133
0.158691	0.818481	0.051880	0.201111
0.126648	0.701599	-0.023804	0.223389
0.080261	0.584717	-0.104675	0.232239
0.022888	0.479431	-0.192261	0.227966
-0.038147	0.384827	-0.278931	0.223999
-0.097351	0.307312	-0.357056	0.228882
-0.149841	0.245667	-0.422668	0.237122
-0.193176	0.186768	-0.478210	0.245056
-0.231323	0.134888	-0.526123	0.261536
-0.260010	0.094604	-0.563049	0.290833
-0.276489	0.060730	-0.582581	0.330200
-0.289612	0.032959	-0.587158	0.374756
-0.299988	0.016174	-0.574646	0.419617
-0.302734	0.008545	-0.543213	0.458374
-0.304565	0.008850	-0.495605	0.494995
-0.309143	0.014038	-0.436401	0.527649
-0.304871	0.021667	-0.367737	0.552063
-0.297852	0.027771	-0.293579	0.564575
-0.301208	0.035095	-0.218201	0.566406
-0.310669	0.046997	-0.142822	0.563049
-0.318298	0.059204	-0.066528	0.547485
-0.322876	0.071411	0.009460	0.516663
-0.320740	0.080872	0.085754	0.477905
-0.309753	0.087585	0.162964	0.435181
-0.290833	0.099487	0.239563	0.395508
-0.263672	0.115051	0.316467	0.364685
-0.224915	0.130310	0.397644	0.343323
-0.175781	0.142212	0.476379	0.325928
-0.124512	0.150757	0.551453	0.312500
-0.070190	0.154114	0.621643	0.301514
-0.014648	0.146790	0.687561	0.288696
0.039673	0.128479	0.748291	0.273132
0.096741	0.091858	0.803833	0.263977
0.151672	0.037537	0.852661	0.263367
0.197449	-0.031433	0.883179	0.264893
0.231934	-0.117188	0.885315	0.264587
0.255432	-0.220642	0.868225	0.258179
0.267029	-0.336304	0.839844	0.244446
0.268860	-0.465088	0.803528	0.224609
0.264282	-0.599365	0.758362	0.196533
0.251160	-0.733337	0.703125	0.156860
0.227051	-0.860901	0.638123	0.107727
0.197754	-0.972290	0.562439	0.048828
0.167847	-1.058044	0.480042	-0.012512
0.135803	-1.120605	0.396423	-0.072021
0.103760	-1.157227	0.317383	-0.131531
0.074158	-1.171570	0.245972	-0.191650
0.045471	-1.164551	0.186157	-0.252991
0.018616	-1.130066	0.130920	-0.315857
-0.005188	-1.070862	0.076904	-0.380249
-0.025024	-0.994263	0.026550	-0.444641
-0.041199	-0.895081	-0.014343	-0.504761
-0.051880	-0.777893	-0.048218	-0.555725
-0.064392	-0.644226	-0.078125	-0.603638
-0.080566	-0.496216	-0.110779	-0.647888
-0.093384	-0.338745	-0.148010	-0.692444
-0.106812	-0.175781	-0.187988	-0.737305
-0.123901	-0.010071	-0.225830	-0.778809
-0.136414	0.155945	-0.256348	-0.817871
-0.143127	0.316772	-0.275574	-0.854492
-0.146790	0.462952	-0.284729	-0.884399
-0.144958	0.592957	-0.287781	-0.904846
-0.137329	0.706177	-0.278931	-0.915833
