2020/1/9 9:21:51 40us
CH1			CH2			CH3			CH4
-0.005798	-0.001221	0.011597	-0.010071
-0.005798	-0.001221	0.011597	-0.010071
-0.005493	-0.001221	0.011597	-0.010681
-0.005493	-0.000916	0.010986	-0.010681
-0.006104	-0.001831	0.010986	-0.010681
-0.006104	-0.001831	0.010986	-0.010376
-0.006104	-0.002136	0.010681	-0.010071
-0.006409	-0.002136	0.010681	-0.010071
-0.006409	-0.002136	0.010376	-0.009460
-0.006409	-0.001831	0.010376	-0.009460
-0.006714	-0.002747	0.009766	-0.008850
-0.006409	-0.002747	0.009460	-0.008545
-0.006104	-0.002747	0.009155	-0.007935
-0.006409	-0.002441	0.009460	-0.007935
-0.005798	-0.002747	0.009155	-0.007935
-0.006409	-0.001831	0.009155	-0.007935
-0.005798	-0.002136	0.008545	-0.008240
-0.006409	-0.002441	0.008850	-0.007629
-0.006409	-0.002747	0.008545	-0.007935
-0.005798	-0.003052	0.007935	-0.007324
-0.005798	-0.003052	0.008545	-0.006714
-0.005798	-0.002747	0.008240	-0.006409
-0.006104	-0.003052	0.008240	-0.006409
-0.006104	-0.003052	0.008545	-0.006104
-0.005798	-0.003052	0.008240	-0.006409
-0.005798	-0.003052	0.008545	-0.006104
-0.005493	-0.002441	0.008545	-0.006104
-0.005798	-0.002441	0.008545	-0.006104
-0.006104	-0.002441	0.008240	-0.005493
-0.005493	-0.002747	0.008240	-0.004578
-0.006409	-0.003357	0.008240	-0.004883
-0.006104	-0.002747	0.007935	-0.004578
-0.006104	-0.002747	0.008545	-0.004883
-0.006714	-0.003357	0.008850	-0.005493
-0.006409	-0.003357	0.009155	-0.005798
-0.006714	-0.003662	0.008850	-0.005798
-0.006409	-0.004272	0.008545	-0.005493
-0.006409	-0.004272	0.009155	-0.005798
-0.006714	-0.004272	0.009155	-0.005798
-0.006409	-0.004272	0.009460	-0.006104
-0.006714	-0.004272	0.009766	-0.004578
-0.006714	-0.003967	0.010376	-0.013123
-0.005493	-0.002441	0.012207	0.366211
-0.005188	-0.002136	0.012207	0.688477
-0.004578	-0.002136	0.017700	0.909119
-0.004578	-0.002441	-0.018311	0.959473
-0.015869	-0.003357	0.093384	0.777283
0.009155	-0.005493	0.093689	0.589600
-0.019836	-0.004578	-0.046997	0.154114
-0.068054	-0.005493	-0.219727	-0.570068
0.028076	0.035400	-0.373840	-1.517334
0.081482	0.014648	-0.356445	-2.561951
0.096130	-0.029297	-0.252380	-3.626709
0.075684	-0.101318	-0.175171	-4.630432
0.005798	-0.104675	-0.108337	-5.518188
-0.036926	-0.068359	0.034790	-6.391907
-0.137024	0.038147	0.244446	-7.100525
-0.212402	0.228577	0.516357	-7.658997
-0.261841	0.365295	0.788269	-8.022766
-0.211182	0.333557	1.010742	-8.167725
-0.130920	0.305176	1.171875	-8.124084
-0.096130	0.239563	1.275024	-7.855530
-0.061035	0.119934	1.421814	-7.425537
-0.141296	-0.112305	1.472778	-6.922913
-0.196228	-0.413513	1.494141	-6.305847
-0.190125	-0.729675	1.473694	-5.590515
-0.231628	-1.004639	1.388550	-4.715576
-0.296326	-1.160889	1.281433	-3.803406
-0.373840	-1.259155	1.156006	-2.796326
-0.401001	-1.299133	0.995483	-1.739807
-0.355530	-1.275330	0.852661	-0.649414
-0.243530	-1.234131	0.706177	0.328979
-0.118713	-1.124573	0.560303	1.178894
0.028076	-0.998535	0.387878	1.923523
0.213928	-0.800171	0.164490	2.539978
0.520325	-0.518188	-0.061646	3.070374
0.881348	-0.197449	-0.307007	3.567810
1.199341	0.151672	-0.610962	4.039307
1.457520	0.647583	-0.926819	4.505310
1.677856	1.309509	-1.164551	4.873657
1.798401	1.923523	-1.315918	5.135803
1.786499	2.407532	-1.375427	5.331116
1.791687	2.805176	-1.427307	5.346985
1.723022	3.160095	-1.561890	5.329590
1.562195	3.448181	-1.668091	5.315857
1.360779	3.615723	-1.753540	5.239868
1.148376	3.612366	-1.855164	5.196533
0.932312	3.466492	-1.939087	5.061340
0.733032	3.221741	-2.041321	4.914551
0.500793	2.892761	-2.081909	4.740906
0.192566	2.500000	-2.093201	4.512939
-0.122375	1.909180	-2.065430	4.209595
-0.404968	1.291199	-2.042236	3.848267
-0.623779	0.725708	-1.909180	3.435669
-0.812988	0.160217	-1.683350	2.958984
-1.012573	-0.370483	-1.402588	2.453918
-1.257629	-0.870972	-0.987244	1.915894
-1.449280	-1.292725	-0.462952	1.356201
-1.581116	-1.630249	0.124207	0.821533
-1.700745	-1.932068	0.661926	0.276489
-1.750488	-2.272034	1.069946	-0.245056
-1.763916	-2.579956	1.366882	-0.698853
-1.737976	-2.794800	1.555481	-1.045532
-1.675415	-3.033752	1.596069	-1.250305
-1.593323	-3.312988	1.483765	-1.387634
-1.514587	-3.498230	1.211853	-1.540833
-1.470947	-3.535156	0.805664	-1.609192
-1.434937	-3.462219	0.363159	-1.645508
-1.422424	-3.261719	-0.109863	-1.598511
-1.388855	-2.915039	-0.613708	-1.389160
-1.350403	-2.422485	-1.065063	-1.073303
-1.274109	-1.905212	-1.397095	-0.619202
-1.146545	-1.366577	-1.656799	-0.050964
-0.988770	-0.726318	-1.849365	0.561218
-0.792542	-0.050659	-1.939697	1.168518
-0.641174	0.557251	-1.941833	1.831055
-0.485535	1.064148	-1.918335	2.500916
-0.281677	1.497498	-1.863708	3.088074
-0.050049	1.814880	-1.773682	3.633728
0.177612	2.093506	-1.616516	4.162598
0.356445	2.253723	-1.364136	4.616394
0.516968	2.289429	-0.947876	4.873962
0.660095	2.313232	-0.388794	4.954834
0.695801	2.276917	0.201416	4.854126
0.667419	2.181702	0.809631	4.526978
0.591736	2.101440	1.440125	4.068909
0.515442	2.020569	2.098083	3.594360
0.510559	1.946716	2.745056	2.990417
0.527649	1.835022	3.280334	2.189636
0.538940	1.724243	3.731079	1.267700
0.574646	1.628723	4.149170	0.333557
0.649719	1.492920	4.489441	-0.573120
0.721741	1.307373	4.746704	-1.418457
0.765991	1.116943	4.915161	-2.232971
0.842896	0.918884	4.939270	-2.982788
0.924377	0.716553	4.762268	-3.625793
0.992126	0.555115	4.429016	-4.196167
1.014709	0.366821	3.997498	-4.701233
0.986328	0.144348	3.503113	-5.139771
0.917664	-0.073547	2.954407	-5.459595
0.743713	-0.275269	2.319031	-5.669556
0.521545	-0.505371	1.609802	-5.802002
0.336304	-0.829468	0.870972	-5.873718
0.241699	-1.241455	0.095825	-5.774536
0.225525	-1.687317	-0.660095	-5.462646
0.212708	-2.137756	-1.367798	-5.049133
0.206299	-2.604065	-2.036743	-4.504700
0.220947	-3.084106	-2.633057	-3.829651
0.263672	-3.545227	-3.113403	-3.138123
0.323181	-3.966980	-3.488159	-2.441406
0.365906	-4.263000	-3.780212	-1.758118
0.397949	-4.452515	-4.002991	-1.119690
0.448608	-4.529724	-4.151001	-0.545349
0.534058	-4.464417	-4.199219	-0.000610
0.628967	-4.309082	-4.156494	0.521240
0.689392	-4.072876	-4.056396	1.030884
0.671692	-3.744202	-3.937073	1.490173
0.583496	-3.293762	-3.815308	1.873779
0.501404	-2.761230	-3.699036	2.231750
0.449219	-2.189941	-3.565674	2.588806
0.406799	-1.594849	-3.392639	2.941589
0.374146	-0.971680	-3.214111	3.266602
0.346680	-0.303650	-3.066101	3.507690
0.312195	0.400696	-2.891846	3.691406
0.289917	1.075745	-2.658997	3.768311
0.258179	1.721802	-2.355652	3.712463
0.235596	2.315674	-1.956787	3.521118
0.227661	2.850037	-1.472778	3.207092
0.209045	3.296814	-0.872498	2.781677
0.164795	3.636169	-0.130005	2.262268
0.102234	3.845520	0.680847	1.691895
0.004883	3.917236	1.485291	1.094360
-0.141296	3.832703	2.272339	0.486450
-0.309143	3.689270	2.971191	-0.075378
-0.530090	3.579102	3.581848	-0.612183
-0.762024	3.467102	4.046021	-1.093750
-0.963440	3.330994	4.373779	-1.477661
-1.138000	3.183594	4.571838	-1.767883
-1.296082	3.038635	4.622498	-1.977844
-1.426392	2.870483	4.531860	-2.132263
-1.526794	2.712097	4.251099	-2.196960
-1.613770	2.576904	3.829346	-2.201538
-1.690979	2.386169	3.352966	-2.192383
-1.768188	2.147522	2.840576	-2.125549
-1.840210	1.849365	2.319946	-2.001038
-1.864624	1.469727	1.794434	-1.811523
-1.831665	1.048279	1.271362	-1.527710
-1.723328	0.593872	0.727234	-1.074829
-1.554871	0.122375	0.169373	-0.518799
-1.335449	-0.364075	-0.392761	0.050049
-1.091614	-0.844727	-0.926208	0.596619
-0.854797	-1.278076	-1.456909	1.145325
-0.635071	-1.682434	-2.010803	1.706238
-0.414734	-2.035217	-2.552490	2.256775
-0.190430	-2.344055	-3.022156	2.801514
0.025940	-2.618408	-3.398438	3.306274
0.235901	-2.841797	-3.677979	3.734741
0.429993	-3.005371	-3.866577	4.061279
0.574341	-3.162842	-3.927307	4.310303
0.703430	-3.329468	-3.820496	4.476318
0.831604	-3.471375	-3.507690	4.527588
0.950317	-3.557129	-2.991028	4.447937
1.087036	-3.580017	-2.349243	4.230652
1.229248	-3.568420	-1.648254	3.892212
1.366272	-3.515930	-0.928040	3.481750
1.496582	-3.442078	-0.221558	3.013306
1.590271	-3.374329	0.476379	2.483826
1.632080	-3.300781	1.147766	1.899414
1.601868	-3.177490	1.797485	1.313477
1.521301	-2.969360	2.424927	0.748596
1.412964	-2.685242	2.977905	0.224304
1.291809	-2.366333	3.432617	-0.248108
1.141663	-2.016907	3.786316	-0.669556
0.948486	-1.637573	4.054871	-1.029358
0.748291	-1.245422	4.239197	-1.324158
0.570068	-0.860291	4.335938	-1.565857
0.414124	-0.519714	4.334106	-1.793823
0.276184	-0.254211	4.209595	-2.033691
0.168762	-0.057373	3.976440	-2.310181
0.093079	0.110474	3.653259	-2.609253
0.054932	0.244751	3.269958	-2.891541
0.042419	0.347900	2.830200	-3.144836
0.063477	0.427551	2.324829	-3.351135
0.078125	0.465698	1.764832	-3.500366
0.059204	0.473633	1.190796	-3.616638
0.003357	0.475159	0.627747	-3.713074
-0.100098	0.470276	0.068054	-3.770447
-0.234985	0.479126	-0.480042	-3.759460
-0.372620	0.533142	-1.010132	-3.645630
-0.513306	0.657043	-1.533203	-3.404541
-0.631714	0.829468	-2.025146	-3.055420
-0.722961	1.030579	-2.489929	-2.660522
-0.784912	1.258850	-2.913818	-2.243042
-0.820923	1.502991	-3.288574	-1.795349
-0.824280	1.774292	-3.606262	-1.320496
-0.776978	2.035217	-3.843079	-0.840759
-0.697021	2.247620	-3.972473	-0.415649
-0.585022	2.385559	-3.981934	-0.058594
-0.454712	2.454224	-3.876648	0.267334
-0.326233	2.450256	-3.669434	0.527649
-0.210571	2.393799	-3.390503	0.721741
-0.094604	2.326660	-3.035583	0.838318
0.018616	2.278137	-2.599792	0.875549
0.137939	2.268982	-2.094116	0.849915
0.243835	2.302551	-1.552124	0.783081
0.341187	2.348633	-0.987549	0.704651
0.426331	2.432251	-0.461121	0.624695
0.494995	2.575378	0.021057	0.548401
0.566406	2.752991	0.452271	0.490112
0.611572	2.954407	0.815430	0.449829
0.613403	3.168945	1.094055	0.422668
0.569763	3.390198	1.319885	0.408020
0.487061	3.593445	1.526794	0.400696
0.380859	3.753662	1.707153	0.403748
0.273132	3.833008	1.862793	0.411072
0.183411	3.820496	2.006531	0.432434
0.108948	3.733826	2.121277	0.476685
0.038147	3.569031	2.193604	0.530701
-0.050659	3.308716	2.196350	0.582275
-0.173035	2.979736	2.131653	0.643921
-0.308228	2.594910	1.970825	0.747375
-0.436096	2.169189	1.731873	0.931091
-0.545044	1.731262	1.429138	1.185913
-0.637207	1.286011	1.056519	1.497498
-0.726929	0.832520	0.610962	1.852112
-0.803833	0.363159	0.106812	2.237549
-0.847778	-0.129395	-0.422668	2.634277
-0.873718	-0.645447	-0.961914	3.006592
-0.874023	-1.160583	-1.494141	3.310852
-0.850830	-1.652222	-1.982727	3.520203
-0.805969	-2.109985	-2.405090	3.634033
-0.747681	-2.532349	-2.738037	3.644104
-0.676880	-2.950745	-2.974854	3.542786
-0.578613	-3.399353	-3.112183	3.328552
-0.470581	-3.848877	-3.146973	3.013000
-0.348511	-4.275208	-3.075562	2.603149
-0.211182	-4.652100	-2.875977	2.125549
-0.079651	-4.949646	-2.564087	1.606750
0.054626	-5.243835	-2.168579	1.060486
0.191040	-5.519714	-1.707458	0.491943
0.298462	-5.689697	-1.194763	-0.072327
0.357666	-5.719604	-0.661926	-0.592651
0.373230	-5.644226	-0.112915	-1.060181
0.348206	-5.447388	0.446777	-1.460571
0.292358	-5.092163	1.023865	-1.798096
0.234070	-4.609680	1.627808	-2.088928
0.180054	-4.044800	2.217102	-2.338257
0.129395	-3.411560	2.771301	-2.532959
0.097351	-2.742615	3.328552	-2.679443
0.098572	-2.073669	3.912659	-2.794800
0.123291	-1.441345	4.481201	-2.857056
0.170288	-0.873413	4.985046	-2.930298
0.213318	-0.358582	5.390320	-3.039551
0.251465	0.095215	5.680847	-3.116455
0.303345	0.505981	5.849915	-3.135681
0.354614	0.887451	5.910034	-3.132324
0.406799	1.248169	5.866089	-3.126221
0.438232	1.595154	5.698853	-3.062744
0.429077	1.906128	5.386353	-2.923889
0.406494	2.207947	4.932251	-2.743225
0.379639	2.514954	4.356079	-2.510071
0.338135	2.805786	3.697205	-2.222900
0.293274	3.106384	2.965088	-1.897278
0.240173	3.373108	2.195435	-1.564941
0.182190	3.570557	1.398621	-1.228027
0.122375	3.707581	0.545044	-0.859680
0.074158	3.773804	-0.338745	-0.474854
0.008850	3.754883	-1.212769	-0.097656
-0.040283	3.664551	-2.059937	0.251160
-0.054321	3.489380	-2.874451	0.565186
-0.054932	3.246765	-3.626099	0.820007
-0.029907	2.935486	-4.287109	1.026001
-0.002136	2.523193	-4.858093	1.177673
0.030823	2.022705	-5.311584	1.280823
0.057373	1.475220	-5.628357	1.335449
0.042725	0.924072	-5.815430	1.345520
0.026855	0.398865	-5.902710	1.322327
0.025330	-0.071716	-5.910034	1.304016
0.030823	-0.471191	-5.844116	1.334839
0.048523	-0.798645	-5.689392	1.389771
0.073853	-1.063232	-5.460815	1.411743
0.128479	-1.254272	-5.163269	1.398926
0.216370	-1.363525	-4.785156	1.362915
0.319519	-1.427612	-4.362183	1.306152
0.422363	-1.456604	-3.897705	1.195374
0.515137	-1.414490	-3.377991	1.024475
0.603638	-1.329346	-2.801819	0.816345
0.671082	-1.228333	-2.168274	0.580444
0.705872	-1.075745	-1.502686	0.327454
0.700378	-0.850830	-0.843506	0.075989
0.654297	-0.575867	-0.203552	-0.133057
0.588379	-0.245972	0.408020	-0.295105
0.469971	0.154114	0.974121	-0.390930
0.298767	0.611267	1.502991	-0.422058
0.123596	1.087036	1.968079	-0.400696
-0.053101	1.568909	2.310791	-0.310364
-0.220337	2.059937	2.545471	-0.159912
-0.372314	2.526855	2.705994	0.010986
-0.517273	2.932434	2.789001	0.236816
-0.664673	3.245850	2.772522	0.518799
-0.812378	3.497925	2.663269	0.802612
-0.935059	3.659058	2.471619	1.094971
-1.020508	3.671875	2.236633	1.408691
-1.060486	3.549500	2.020569	1.707764
-1.051636	3.344116	1.839905	1.930542
-0.997009	3.048706	1.709595	2.065125
-0.912170	2.659912	1.587830	2.130127
-0.810242	2.204590	1.447449	2.108154
-0.712280	1.732178	1.299744	1.984558
-0.611267	1.226501	1.180115	1.786499
-0.502014	0.712891	1.041870	1.564636
-0.391235	0.203857	0.906677	1.325989
-0.296326	-0.314941	0.793152	1.055298
-0.229187	-0.825500	0.679321	0.804138
-0.172119	-1.310425	0.561218	0.582581
-0.144043	-1.750183	0.435791	0.369873
-0.145874	-2.131348	0.333557	0.158691
-0.143433	-2.460632	0.247498	-0.037537
-0.127258	-2.761536	0.205994	-0.222168
-0.108643	-3.021240	0.236511	-0.437622
-0.077209	-3.253174	0.364685	-0.696716
-0.029907	-3.515320	0.572510	-0.972290
0.047913	-3.786316	0.837402	-1.261902
0.135193	-4.058228	1.130676	-1.557007
0.224304	-4.451294	1.455688	-1.815491
0.300598	-4.807434	1.788940	-2.020264
0.374756	-5.021057	2.106628	-2.160950
0.469360	-5.164490	2.422180	-2.236938
0.553284	-5.246887	2.684021	-2.252502
0.646057	-5.184937	2.855835	-2.197876
0.701599	-4.973450	2.966919	-2.066345
0.732422	-4.651794	3.015137	-1.870728
0.738525	-4.250183	2.900391	-1.612549
0.710144	-3.769531	2.662048	-1.318970
0.693665	-3.206787	2.371521	-1.035767
0.672913	-2.581787	2.058105	-0.749207
0.639038	-1.945801	1.695862	-0.459290
0.601196	-1.297913	1.260681	-0.256042
0.526733	-0.638428	0.775757	-0.052185
0.452271	-0.002747	0.247498	0.243225
0.393677	0.563660	-0.274353	0.599670
0.342712	1.035156	-0.778809	0.886230
0.314636	1.450806	-1.214294	1.116333
0.281982	1.787720	-1.613464	1.352844
0.258789	2.047119	-2.007751	1.549377
0.245667	2.302551	-2.391357	1.690063
0.217896	2.471313	-2.711487	1.849060
0.185852	2.573547	-2.968140	2.021790
0.143738	2.674866	-3.177490	2.162781
0.081177	2.755432	-3.325195	2.235718
-0.008240	2.808533	-3.436279	2.263489
-0.075378	2.808838	-3.513489	2.238464
-0.133057	2.709045	-3.517151	2.144775
-0.214233	2.571716	-3.439636	1.979675
-0.275574	2.438660	-3.322144	1.724548
-0.299683	2.271423	-3.215027	1.362610
-0.305176	2.129822	-3.128662	0.902100
-0.274963	1.973877	-3.033752	0.359192
-0.220642	1.762390	-2.887268	-0.260315
-0.126953	1.522522	-2.688599	-0.908813
-0.067749	1.311035	-2.462463	-1.574402
-0.042419	1.138611	-2.221680	-2.238159
-0.028076	1.006470	-1.954041	-2.825928
-0.025024	0.933533	-1.667786	-3.288879
-0.011292	0.930176	-1.367188	-3.648987
-0.005493	0.975647	-1.053772	-3.968811
-0.021973	1.058655	-0.751648	-4.211121
-0.061646	1.165466	-0.445557	-4.291992
-0.125732	1.259155	-0.101624	-4.208679
-0.205688	1.356506	0.240784	-4.027710
-0.281067	1.498718	0.595093	-3.778992
-0.343018	1.669312	0.927124	-3.448181
-0.389099	1.846924	1.222534	-3.045654
-0.429077	2.068787	1.478271	-2.566833
-0.459290	2.304993	1.687622	-2.033997
-0.476685	2.526550	1.857910	-1.455078
-0.489807	2.702942	1.989136	-0.856628
-0.499268	2.820740	2.090759	-0.293274
-0.509949	2.854309	2.166748	0.265503
-0.496521	2.800903	2.211304	0.805359
-0.472107	2.687683	2.214661	1.300049
-0.426331	2.575378	2.169495	1.749573
-0.342102	2.440796	2.066040	2.139893
-0.239868	2.275391	1.882935	2.500305
-0.122986	2.080688	1.627502	2.833252
-0.010986	1.878357	1.326904	3.086853
0.107422	1.683350	1.000366	3.275146
0.219421	1.463928	0.628052	3.407593
0.307312	1.203003	0.269470	3.463440
0.385742	0.888062	-0.034790	3.450623
0.450745	0.488586	-0.276794	3.413391
0.512085	-0.008240	-0.447998	3.330078
0.542908	-0.557251	-0.558167	3.181763
0.531006	-1.153564	-0.602722	2.946472
0.499573	-1.770325	-0.590820	2.663269
0.471802	-2.409668	-0.517883	2.349243
0.426941	-3.078613	-0.372009	2.011414
0.350952	-3.745422	-0.151978	1.655273
0.249023	-4.384460	0.083923	1.265869
0.138245	-4.977722	0.292053	0.858765
0.036621	-5.484314	0.485840	0.444946
-0.053406	-5.894775	0.660706	0.033569
-0.123901	-6.246948	0.809631	-0.372009
-0.182190	-6.629028	0.943909	-0.733948
-0.270386	-6.917114	1.075745	-1.055603
-0.360718	-7.016602	1.207581	-1.322937
-0.421448	-7.001343	1.331787	-1.535950
-0.441589	-6.896973	1.436157	-1.675720
-0.426941	-6.589050	1.499329	-1.748962
-0.397949	-6.057739	1.535645	-1.796875
-0.350647	-5.363159	1.561584	-1.825256
-0.308228	-4.535217	1.498718	-1.809692
-0.278625	-3.625183	1.372681	-1.750793
-0.226135	-2.671814	1.262512	-1.679382
-0.162048	-1.683350	1.170349	-1.580811
-0.118408	-0.698853	1.071777	-1.433105
-0.089111	0.265198	0.935364	-1.317444
-0.078430	1.196899	0.754395	-1.195068
-0.091858	2.049561	0.544434	-0.968933
-0.115051	2.817078	0.339966	-0.667114
-0.158997	3.508301	0.130615	-0.417786
-0.227051	4.134521	-0.049744	-0.207825
-0.314026	4.669189	-0.216064	0.033875
-0.406494	5.098572	-0.389099	0.275879
-0.466309	5.468750	-0.563354	0.482178
-0.494080	5.697632	-0.698547	0.697327
-0.488586	5.762329	-0.794067	0.910645
-0.457764	5.727844	-0.862122	1.084595
-0.395813	5.641479	-0.882874	1.199341
-0.298462	5.505066	-0.879517	1.264954
-0.159607	5.307312	-0.874634	1.281433
-0.011902	5.041809	-0.837402	1.219482
0.087585	4.744263	-0.755005	1.079102
0.168762	4.427795	-0.671082	0.881653
0.250549	4.071045	-0.667419	0.627747
0.325012	3.712769	-0.730286	0.296021
0.388794	3.338928	-0.800781	-0.101929
0.437622	2.909546	-0.849304	-0.551453
0.489502	2.444763	-0.902710	-1.042786
0.509033	1.994019	-1.005859	-1.564941
0.476685	1.561890	-1.152039	-2.076721
0.419922	1.142578	-1.335449	-2.500916
0.380859	0.729065	-1.530151	-2.815247
0.362244	0.323792	-1.705627	-3.046570
0.351868	-0.067444	-1.833191	-3.207703
0.346680	-0.428772	-1.955566	-3.264771
0.350037	-0.746460	-2.053833	-3.198547
0.332947	-1.018372	-2.090759	-3.013306
0.281372	-1.293030	-2.061768	-2.740173
0.220337	-1.529236	-1.941223	-2.407532
0.159302	-1.717224	-1.750183	-2.017212
0.112610	-1.920166	-1.505127	-1.563721
0.071716	-2.114563	-1.234436	-1.072998
0.033875	-2.251892	-0.990295	-0.576782
-0.031433	-2.330017	-0.774841	-0.076904
-0.134888	-2.350464	-0.582275	0.415344
-0.239563	-2.292786	-0.445557	0.849609
-0.331726	-2.161560	-0.373840	1.239014
-0.407410	-1.984253	-0.350952	1.577148
-0.459900	-1.782532	-0.382080	1.854858
-0.474854	-1.564026	-0.450439	2.085266
-0.437622	-1.337280	-0.527649	2.239380
-0.377502	-1.119385	-0.566711	2.349854
-0.297241	-0.934448	-0.580750	2.443542
-0.200806	-0.771179	-0.578918	2.481689
-0.093689	-0.606689	-0.533447	2.470093
0.033264	-0.443115	-0.443420	2.440491
0.163879	-0.316772	-0.281982	2.363281
0.292053	-0.256348	-0.041504	2.218628
0.415344	-0.246277	0.261536	2.043762
0.511475	-0.287781	0.609131	1.879578
0.548706	-0.384216	0.976257	1.690369
0.537415	-0.498352	1.351624	1.439514
0.498352	-0.636597	1.749268	1.158752
0.446472	-0.814819	2.157288	0.865784
0.376587	-1.022644	2.554932	0.579529
0.262756	-1.273804	2.936096	0.292664
0.104370	-1.561890	3.266907	0.007019
-0.070801	-1.871033	3.513794	-0.268860
-0.238647	-2.172241	3.689880	-0.537720
-0.412903	-2.428284	3.808899	-0.798950
-0.583496	-2.634583	3.864136	-1.058044
-0.718689	-2.789001	3.843079	-1.322632
-0.823059	-2.846375	3.757629	-1.576233
-0.886841	-2.835999	3.617249	-1.801758
-0.904236	-2.828674	3.439331	-1.988831
-0.873413	-2.809448	3.220520	-2.114868
-0.817566	-2.725830	2.938538	-2.171326
-0.758362	-2.572937	2.583313	-2.172546
-0.695190	-2.363281	2.170410	-2.131958
-0.632019	-2.086792	1.712341	-2.034607
-0.579529	-1.754456	1.238403	-1.868286
-0.532532	-1.388245	0.765076	-1.636047
-0.487671	-0.995789	0.260620	-1.358643
-0.452576	-0.584412	-0.262451	-1.047668
-0.422974	-0.167847	-0.770874	-0.713501
-0.380249	0.230713	-1.249390	-0.354614
-0.328674	0.586853	-1.679993	0.021973
-0.278625	0.909424	-2.053833	0.383606
-0.223999	1.208496	-2.379761	0.731201
-0.154419	1.473999	-2.640991	1.070862
-0.073853	1.699524	-2.839355	1.393127
-0.001831	1.891174	-2.973022	1.697388
0.083923	2.048035	-3.035583	1.993408
0.190125	2.143555	-3.042603	2.270813
0.300293	2.172241	-2.999573	2.528687
0.409851	2.166138	-2.901917	2.749023
0.525208	2.146301	-2.734680	2.918091
0.654602	2.121277	-2.522888	3.035278
0.796509	2.090454	-2.294617	3.074341
0.926514	2.039185	-2.047119	3.013916
1.036377	1.975098	-1.800232	2.872009
1.122131	1.887512	-1.566162	2.664795
1.174316	1.778259	-1.371460	2.416382
1.194458	1.659241	-1.217651	2.105408
1.193542	1.522217	-1.073303	1.723633
1.183167	1.365967	-0.924683	1.289673
1.156616	1.206055	-0.788574	0.816956
1.107178	1.027527	-0.689087	0.309143
1.028748	0.832214	-0.618896	-0.211182
0.930786	0.632019	-0.578613	-0.693054
0.823059	0.430603	-0.562134	-1.147156
0.702820	0.223389	-0.561829	-1.592712
0.562134	0.014343	-0.571289	-1.995850
0.410461	-0.179138	-0.590515	-2.311096
0.249634	-0.343628	-0.611877	-2.551270
0.081177	-0.469666	-0.643005	-2.732849
-0.088806	-0.555115	-0.678406	-2.848816
-0.256348	-0.582275	-0.722351	-2.882690
-0.414734	-0.570984	-0.763550	-2.829895
-0.554199	-0.538635	-0.780945	-2.703857
-0.673218	-0.473633	-0.767517	-2.519836
-0.754395	-0.372009	-0.729675	-2.288818
-0.805359	-0.252686	-0.664063	-2.059326
-0.850220	-0.120239	-0.560608	-1.832581
-0.885010	0.017700	-0.448303	-1.605225
-0.893555	0.151672	-0.346375	-1.382141
-0.884705	0.291748	-0.242615	-1.174622
-0.873108	0.450745	-0.133362	-0.982056
-0.841370	0.599976	-0.013123	-0.801392
-0.777588	0.726929	0.128479	-0.642395
-0.691528	0.827332	0.287476	-0.485535
-0.593262	0.887451	0.463867	-0.337830
-0.479736	0.917664	0.643005	-0.223083
-0.352478	0.925293	0.820618	-0.124207
-0.212097	0.891418	1.010742	-0.014954
-0.065613	0.814819	1.206055	0.080872
0.091553	0.719604	1.388855	0.169983
0.249634	0.620422	1.562805	0.271912
0.399170	0.502930	1.737976	0.386047
0.518799	0.354919	1.899109	0.506287
0.605164	0.170288	2.053223	0.621338
0.662537	-0.054932	2.214050	0.729370
0.687256	-0.307922	2.363586	0.839539
0.683289	-0.578918	2.488403	0.935974
0.649109	-0.868835	2.582092	0.997925
0.588074	-1.160583	2.633057	1.036682
0.509949	-1.452637	2.633057	1.058350
0.422668	-1.752625	2.598877	1.044312
0.317993	-2.052002	2.513733	0.991211
0.187378	-2.336731	2.380371	0.924683
0.048828	-2.583008	2.201538	0.857544
-0.072327	-2.771606	1.964111	0.802002
-0.178833	-2.904663	1.682434	0.766907
-0.274658	-3.024292	1.378174	0.761719
-0.349426	-3.111877	1.050415	0.788269
-0.403748	-3.133240	0.691223	0.840759
-0.437622	-3.103027	0.317688	0.904236
-0.457764	-3.034058	-0.071106	0.983582
-0.470276	-2.928162	-0.476379	1.072998
-0.489197	-2.791748	-0.881348	1.167297
-0.518188	-2.603760	-1.286926	1.270447
-0.534973	-2.370605	-1.679993	1.373596
-0.539551	-2.087097	-2.055054	1.468506
-0.541077	-1.755371	-2.386169	1.553345
-0.533142	-1.389771	-2.668762	1.620483
-0.522156	-1.011047	-2.901306	1.653137
-0.510559	-0.629578	-3.093872	1.647339
-0.512390	-0.246887	-3.232422	1.604614
-0.517883	0.111389	-3.302612	1.529541
-0.508118	0.434265	-3.296509	1.429443
-0.477905	0.724487	-3.213806	1.297607
-0.423889	0.997314	-3.043213	1.127014
-0.353394	1.240540	-2.798157	0.922546
-0.271912	1.453857	-2.504578	0.711365
-0.178223	1.658936	-2.160339	0.497742
-0.078735	1.860352	-1.766052	0.298462
0.031433	2.048950	-1.333923	0.102539
0.151978	2.221680	-0.872803	-0.099182
0.272217	2.376099	-0.397339	-0.294495
0.387878	2.507019	0.080566	-0.482788
0.502930	2.607727	0.549011	-0.665588
0.598755	2.650146	0.987244	-0.840149
0.664063	2.645569	1.380005	-1.009216
0.709839	2.625122	1.722717	-1.195679
0.740356	2.594299	1.997070	-1.395264
0.747375	2.551575	2.210388	-1.595154
0.732422	2.495117	2.378540	-1.792603
0.697632	2.434387	2.489624	-1.975098
0.649719	2.387695	2.535400	-2.127075
0.590515	2.354431	2.522583	-2.245789
0.516663	2.323608	2.459717	-2.336731
0.431213	2.301636	2.334290	-2.396851
0.348511	2.277222	2.168884	-2.419434
0.263062	2.252502	1.962280	-2.397766
0.175781	2.224426	1.703186	-2.343140
0.096436	2.178650	1.404419	-2.265320
0.023804	2.109375	1.097412	-2.134705
-0.041504	2.005310	0.791626	-1.941528
-0.109863	1.867065	0.474243	-1.716614
-0.176697	1.705322	0.145264	-1.474609
-0.242920	1.528625	-0.190430	-1.223755
-0.300903	1.324158	-0.505676	-0.986023
-0.351868	1.085815	-0.791626	-0.759583
-0.391235	0.820007	-1.044617	-0.536499
-0.413208	0.543518	-1.263428	-0.316162
-0.428772	0.269470	-1.446838	-0.108337
-0.429688	-0.016174	-1.586914	0.066223
-0.405273	-0.328369	-1.676331	0.222168
-0.366821	-0.646362	-1.716614	0.373535
-0.318298	-0.948486	-1.719666	0.511780
-0.255432	-1.230164	-1.673584	0.625000
-0.180359	-1.492920	-1.579895	0.712585
-0.087891	-1.738892	-1.452637	0.798340
0.019836	-1.970215	-1.293335	0.877380
0.126648	-2.170105	-1.109009	0.943298
0.226135	-2.346497	-0.907288	0.996704
0.329590	-2.496033	-0.685730	1.035461
0.435181	-2.612915	-0.443726	1.058960
0.525513	-2.696533	-0.184937	1.066284
0.601196	-2.763977	0.090332	1.063538
0.660706	-2.823181	0.377808	1.061707
0.700073	-2.836914	0.658569	1.062012
0.725403	-2.800903	0.921021	1.053772
0.726929	-2.725525	1.161499	1.043701
0.699463	-2.604370	1.372986	1.038513
0.641785	-2.437439	1.563721	1.041260
0.549316	-2.239685	1.739807	1.025696
0.429993	-2.018127	1.889343	0.988464
0.276794	-1.780090	1.997070	0.950928
0.106812	-1.535645	2.066956	0.920105
-0.057983	-1.274109	2.102356	0.892639
-0.219116	-0.991821	2.109680	0.859985
-0.380249	-0.706482	2.080994	0.821838
-0.543518	-0.415344	2.001038	0.788269
-0.698853	-0.132141	1.857300	0.774536
-0.845337	0.144043	1.656494	0.770264
-0.969849	0.416260	1.422119	0.755310
-1.065979	0.672302	1.168213	0.729980
-1.134033	0.899048	0.895996	0.704651
-1.182861	1.106873	0.602722	0.687866
-1.209412	1.292725	0.293884	0.666809
-1.220093	1.446228	-0.015869	0.630798
-1.204834	1.575317	-0.319519	0.584412
-1.162415	1.684875	-0.605164	0.516052
-1.103516	1.767883	-0.853577	0.413818
-1.042786	1.817932	-1.069336	0.278320
-0.964966	1.821899	-1.264038	0.130615
-0.870972	1.790161	-1.416016	-0.029297
-0.777283	1.753235	-1.521912	-0.206299
-0.672607	1.687317	-1.579895	-0.401001
-0.560913	1.598206	-1.591187	-0.605774
-0.436096	1.504211	-1.558838	-0.811768
-0.300903	1.412354	-1.482849	-1.014709
-0.153198	1.308594	-1.339111	-1.205139
-0.001526	1.178284	-1.145325	-1.362000
0.145264	1.016235	-0.933838	-1.479797
0.285645	0.833740	-0.705566	-1.558228
0.423889	0.648499	-0.462952	-1.584167
0.565796	0.464783	-0.220337	-1.563416
0.707397	0.277710	0.008545	-1.503296
0.836792	0.080872	0.222778	-1.411743
0.951233	-0.112305	0.398254	-1.283875
1.050110	-0.286255	0.534973	-1.119690
1.138611	-0.454712	0.636902	-0.933533
1.212769	-0.616455	0.705261	-0.735168
1.255493	-0.765991	0.744019	-0.534668
1.265869	-0.900879	0.750122	-0.336609
1.255798	-1.010437	0.713501	-0.145569
1.223450	-1.099854	0.632324	0.032043
1.169739	-1.152649	0.510864	0.183105
1.090393	-1.151733	0.358887	0.309753
0.982666	-1.096802	0.181580	0.414429
0.859070	-1.014709	-0.020142	0.504761
0.737305	-0.904846	-0.242004	0.586548
0.617065	-0.771179	-0.465698	0.648193
0.491028	-0.617981	-0.672607	0.696716
0.365906	-0.448914	-0.865479	0.740356
0.248108	-0.282288	-1.044617	0.758667
0.141296	-0.123596	-1.203918	0.741272
0.046082	0.020142	-1.344604	0.699463
-0.035400	0.137329	-1.455383	0.645752
-0.112000	0.215149	-1.532898	0.567932
-0.194092	0.254211	-1.591797	0.469971
-0.267334	0.252991	-1.626587	0.354004
-0.326233	0.217896	-1.618347	0.230103
-0.376282	0.146179	-1.568298	0.093384
-0.410461	0.034180	-1.466675	-0.054016
-0.426941	-0.114746	-1.311646	-0.209961
-0.440674	-0.291138	-1.139221	-0.380859
-0.449829	-0.466309	-0.958557	-0.559998
-0.444336	-0.624390	-0.751038	-0.725708
-0.422363	-0.769043	-0.515137	-0.874023
-0.384521	-0.902100	-0.259705	-1.008301
-0.339966	-0.994873	0.015564	-1.125488
-0.294189	-1.037903	0.307312	-1.224060
-0.249939	-1.036987	0.598755	-1.308899
-0.208130	-1.003723	0.879517	-1.373901
-0.166016	-0.960999	1.155090	-1.411438
-0.123901	-0.917358	1.420288	-1.426392
-0.079956	-0.866699	1.666870	-1.407166
-0.042419	-0.818787	1.889038	-1.352234
-0.011597	-0.775757	2.076721	-1.291199
0.008545	-0.725708	2.224121	-1.213379
0.024109	-0.667419	2.323303	-1.095276
0.032043	-0.591431	2.376404	-0.941162
0.013123	-0.488586	2.381592	-0.761719
-0.026855	-0.349731	2.335205	-0.556641
-0.068970	-0.176086	2.241211	-0.314026
-0.117188	0.027466	2.104797	-0.031433
-0.172729	0.258179	1.926575	0.281372
-0.220032	0.501099	1.733398	0.602417
-0.262451	0.738831	1.533203	0.913696
-0.309753	0.968933	1.320190	1.214905
-0.359802	1.180725	1.084900	1.510620
-0.409851	1.355286	0.830994	1.795654
-0.449524	1.489868	0.560303	2.057800
-0.474243	1.600647	0.280151	2.283630
-0.476685	1.679688	-0.006714	2.460022
-0.473022	1.717834	-0.299683	2.598572
-0.466003	1.698608	-0.599670	2.706909
-0.453796	1.632996	-0.903320	2.766724
-0.434265	1.539612	-1.190186	2.779236
-0.405579	1.409607	-1.451416	2.748108
-0.368652	1.250610	-1.686096	2.670288
-0.327454	1.072083	-1.892395	2.547607
-0.281372	0.876770	-2.053223	2.389221
-0.228577	0.662537	-2.167358	2.195435
-0.173035	0.439148	-2.237244	1.970215
-0.119629	0.200806	-2.255554	1.720581
-0.061340	-0.049133	-2.223206	1.445923
-0.001831	-0.296936	-2.142639	1.146851
0.058899	-0.543518	-2.019653	0.820618
0.124817	-0.788269	-1.856689	0.465088
0.198975	-1.030579	-1.649780	0.102234
0.274353	-1.269836	-1.410522	-0.245056
0.341492	-1.503296	-1.146851	-0.568848
0.404663	-1.711731	-0.879517	-0.878296
0.465088	-1.897278	-0.616760	-1.163940
0.512695	-2.077026	-0.370178	-1.411133
0.541687	-2.230225	-0.149841	-1.619873
0.559692	-2.337646	0.042419	-1.771545
0.567627	-2.398682	0.213928	-1.863708
0.570984	-2.401733	0.356750	-1.897888
0.566101	-2.338562	0.467529	-1.874084
0.545654	-2.199097	0.549316	-1.808777
0.518799	-1.984558	0.608521	-1.713867
0.494995	-1.709900	0.644836	-1.603394
0.456543	-1.392822	0.661926	-1.482849
0.407410	-1.026611	0.672913	-1.354370
0.358276	-0.622559	0.685730	-1.226807
0.298462	-0.195007	0.710144	-1.111145
0.228882	0.245667	0.736694	-1.019592
0.158386	0.681458	0.764160	-0.955811
0.083313	1.097412	0.791016	-0.900574
0.002441	1.484070	0.817261	-0.844116
-0.093384	1.844482	0.845337	-0.806274
-0.188599	2.160034	0.872498	-0.795593
-0.281677	2.439270	0.892944	-0.791016
-0.364075	2.665710	0.896912	-0.795288
-0.422974	2.848206	0.883179	-0.810852
-0.459595	2.979736	0.849915	-0.822144
-0.476990	3.058777	0.799561	-0.818176
-0.479126	3.050537	0.741882	-0.814819
-0.462952	2.968140	0.678711	-0.825500
-0.427551	2.846985	0.610657	-0.843506
-0.368652	2.680664	0.544128	-0.857239
-0.301514	2.464905	0.475159	-0.867004
-0.234680	2.214050	0.414124	-0.884094
-0.166931	1.960144	0.370178	-0.908203
-0.097351	1.694641	0.343628	-0.949707
-0.035706	1.417542	0.295410	-0.993652
0.016174	1.120911	0.240784	-1.045837
0.061951	0.784302	0.206909	-1.099854
0.102234	0.430908	0.195007	-1.135559
0.130310	0.073547	0.192566	-1.162415
0.145264	-0.272522	0.177917	-1.188660
0.150452	-0.592957	0.152283	-1.187439
0.150146	-0.887451	0.111389	-1.114502
0.155640	-1.152954	0.067444	-0.968933
0.156250	-1.386719	0.019531	-0.787048
0.150757	-1.576843	-0.020142	-0.580139
0.137939	-1.741333	-0.059814	-0.321655
0.125732	-1.936646	-0.105591	-0.023804
0.124817	-2.115784	-0.155029	0.286865
0.126038	-2.225037	-0.205383	0.612183
0.135193	-2.270813	-0.258179	0.950623
0.143738	-2.264099	-0.318604	1.294556
0.135193	-2.176208	-0.387573	1.627808
0.105591	-1.999817	-0.455627	1.948547
0.076904	-1.760254	-0.517578	2.250366
0.038147	-1.473999	-0.610352	2.532654
-0.028687	-1.143188	-0.724182	2.789612
-0.098877	-0.785828	-0.824280	3.007202
-0.167236	-0.425415	-0.900574	3.186035
-0.244751	-0.061340	-0.966797	3.312378
-0.314941	0.306091	-1.033020	3.346558
-0.374146	0.657349	-1.092529	3.285828
-0.418091	0.972595	-1.145020	3.182373
-0.453796	1.245728	-1.165771	3.057251
-0.493164	1.472473	-1.141052	2.860413
-0.523376	1.669922	-1.054077	2.598877
-0.535889	1.811218	-0.921631	2.311096
-0.532837	1.894836	-0.756836	1.999207
-0.508423	1.936951	-0.559387	1.653137
-0.472107	1.892700	-0.335999	1.297913
-0.429077	1.793518	-0.085754	0.947571
-0.378723	1.677246	0.190430	0.588379
-0.324097	1.522217	0.484924	0.196228
-0.270996	1.342163	0.771484	-0.210266
-0.212402	1.150818	1.031799	-0.591431
-0.152283	0.942993	1.278076	-0.939026
-0.111084	0.740967	1.509399	-1.259460
-0.080566	0.560608	1.688232	-1.559753
-0.053101	0.390930	1.806946	-1.837769
-0.035400	0.248108	1.876526	-2.097778
-0.026245	0.130920	1.901855	-2.327576
-0.015869	-0.000305	1.893616	-2.520142
0.007019	-0.141296	1.848755	-2.683411
0.021057	-0.265503	1.766357	-2.808533
0.031433	-0.364075	1.649170	-2.872009
0.060120	-0.446777	1.523132	-2.868347
0.109253	-0.522156	1.379700	-2.801514
0.184631	-0.585022	1.215820	-2.658386
0.261841	-0.636292	1.037598	-2.461853
0.331421	-0.669556	0.839539	-2.238464
0.395813	-0.662537	0.625916	-1.979980
0.441895	-0.628357	0.433960	-1.686707
0.478821	-0.580139	0.259094	-1.366882
0.508728	-0.507202	0.093079	-1.031189
0.518799	-0.399475	-0.061646	-0.700073
0.515747	-0.263672	-0.208130	-0.371704
0.497437	-0.113220	-0.350037	-0.066833
0.457458	0.042114	-0.488586	0.204163
0.402832	0.206604	-0.625610	0.448914
0.343628	0.374451	-0.762024	0.663452
0.286255	0.530090	-0.892029	0.830078
0.225830	0.665283	-1.022034	0.956726
0.172729	0.767212	-1.150208	1.041870
0.133057	0.825195	-1.264038	1.081543
0.113220	0.845642	-1.365356	1.094971
0.109558	0.847473	-1.440125	1.073608
0.118103	0.822449	-1.476440	1.020813
0.136719	0.757446	-1.479797	0.954590
0.170288	0.666809	-1.455383	0.881958
0.218506	0.568848	-1.401367	0.796204
0.275269	0.458069	-1.325684	0.690002
0.331726	0.338440	-1.231079	0.573425
0.384827	0.203552	-1.119690	0.455933
0.431519	0.043030	-0.996094	0.347900
0.460205	-0.144043	-0.875244	0.237427
0.459900	-0.343628	-0.759583	0.120239
0.431213	-0.546570	-0.650330	-0.005188
0.390930	-0.743103	-0.548096	-0.144348
0.345459	-0.923767	-0.457153	-0.289307
0.296631	-1.089478	-0.382690	-0.421448
0.234985	-1.244812	-0.318604	-0.531921
0.153198	-1.388550	-0.262451	-0.632935
0.051575	-1.509705	-0.217285	-0.723267
-0.054932	-1.602173	-0.183716	-0.788574
-0.155334	-1.663513	-0.158997	-0.832214
-0.249329	-1.695557	-0.142517	-0.843506
-0.339050	-1.682434	-0.125732	-0.807800
-0.418091	-1.611938	-0.105286	-0.732422
-0.478516	-1.487427	-0.090027	-0.611877
-0.522766	-1.312866	-0.086975	-0.451355
-0.552673	-1.091919	-0.092773	-0.255127
-0.569763	-0.832825	-0.104675	-0.025940
-0.576782	-0.545044	-0.131226	0.222168
-0.580750	-0.240479	-0.167236	0.470886
-0.586853	0.074463	-0.204468	0.698853
-0.593567	0.381775	-0.231018	0.893555
-0.599670	0.670776	-0.245056	1.060181
-0.603027	0.939026	-0.258789	1.188354
-0.602417	1.184082	-0.272827	1.255493
-0.600281	1.402893	-0.280762	1.275024
-0.591736	1.590271	-0.280151	1.256409
-0.574951	1.738281	-0.245361	1.198425
-0.544434	1.831970	-0.163879	1.099854
-0.505066	1.860046	-0.049133	0.979614
-0.463867	1.845703	0.096130	0.847778
-0.406189	1.809387	0.261230	0.710144
-0.332642	1.750488	0.434570	0.578918
-0.245361	1.664734	0.610352	0.462952
-0.142822	1.558228	0.783386	0.362549
-0.048828	1.435852	0.957336	0.272217
0.040283	1.292725	1.125793	0.195618
0.127563	1.123352	1.272278	0.136719
0.220337	0.922546	1.399841	0.094299
0.311584	0.702209	1.505127	0.050964
0.390015	0.452576	1.587219	0.004883
0.455627	0.162964	1.631470	-0.046387
0.502625	-0.158386	1.619568	-0.112610
0.528259	-0.499878	1.544800	-0.185852
0.542603	-0.854187	1.423035	-0.249634
0.554504	-1.226807	1.283875	-0.310669
0.566101	-1.595764	1.129456	-0.382080
0.567322	-1.936035	0.961304	-0.453796
0.553894	-2.239380	0.769348	-0.503540
0.540771	-2.506409	0.551453	-0.527649
0.533142	-2.719116	0.312805	-0.518494
0.523682	-2.890930	0.071716	-0.472717
0.509644	-3.041077	-0.166321	-0.408936
0.485535	-3.151550	-0.405579	-0.327148
0.452576	-3.195801	-0.628967	-0.231628
0.424194	-3.180237	-0.826416	-0.119934
0.397949	-3.125916	-0.999146	0.009460
0.355530	-3.018494	-1.145935	0.152588
0.303650	-2.830811	-1.272583	0.296326
0.250244	-2.575073	-1.375732	0.428467
0.198364	-2.271118	-1.474304	0.541382
0.148315	-1.926575	-1.567078	0.626831
0.098267	-1.565857	-1.622925	0.681152
0.045776	-1.198120	-1.631775	0.699158
-0.011902	-0.827942	-1.599121	0.695496
-0.075989	-0.462952	-1.533813	0.650330
-0.140991	-0.112000	-1.444702	0.553284
-0.199280	0.214233	-1.331177	0.443726
-0.236511	0.526428	-1.183167	0.339661
-0.251465	0.825806	-0.993042	0.214539
-0.252991	1.111755	-0.762939	0.053711
-0.245056	1.383362	-0.498047	-0.115051
-0.224609	1.627808	-0.211487	-0.282288
-0.191040	1.857300	0.074768	-0.449524
-0.151062	2.062988	0.356140	-0.608215
-0.103760	2.218628	0.640259	-0.750122
-0.048523	2.306213	0.911560	-0.885925
0.007935	2.349854	1.160583	-1.020508
0.061035	2.369995	1.377869	-1.145935
0.105286	2.353821	1.554871	-1.251526
0.128479	2.296753	1.682434	-1.335144
0.124512	2.225647	1.764526	-1.400146
0.104370	2.145691	1.799622	-1.440430
0.073853	2.041626	1.781006	-1.451721
0.029602	1.922607	1.694336	-1.434631
-0.025940	1.790466	1.550903	-1.403809
-0.085754	1.641541	1.376648	-1.361084
-0.145264	1.484985	1.181946	-1.297913
-0.203552	1.326904	0.961609	-1.216431
-0.268250	1.174622	0.714417	-1.123962
-0.335083	1.034546	0.451050	-0.998535
-0.392151	0.914001	0.181885	-0.815430
-0.425415	0.809326	-0.073853	-0.585632
-0.444641	0.702820	-0.309448	-0.340576
-0.447998	0.588684	-0.529480	-0.074158
-0.439758	0.466919	-0.745850	0.228271
-0.427246	0.340881	-0.942383	0.544739
-0.412292	0.212097	-1.115723	0.852661
-0.395813	0.079651	-1.259460	1.134338
-0.372009	-0.035706	-1.375122	1.387024
-0.339355	-0.140076	-1.469421	1.616516
-0.300903	-0.237427	-1.535034	1.810303
-0.263977	-0.328979	-1.577148	1.963501
-0.226135	-0.419006	-1.596680	2.066956
-0.198975	-0.503235	-1.584167	2.131042
-0.180359	-0.569458	-1.541443	2.156067
-0.165405	-0.622559	-1.477356	2.140503
-0.148010	-0.674133	-1.389160	2.080383
-0.125732	-0.715027	-1.275330	1.973572
-0.100708	-0.751953	-1.125488	1.828308
-0.069275	-0.787354	-0.933838	1.650085
-0.024414	-0.820313	-0.707703	1.445313
0.028687	-0.859985	-0.454712	1.233826
0.080872	-0.898743	-0.189209	1.012878
0.129395	-0.928345	0.085449	0.792542
0.176697	-0.955505	0.364075	0.586548
0.223083	-0.982971	0.640259	0.390015
0.268555	-1.022034	0.907288	0.196228
0.316467	-1.075439	1.150818	0.021057
0.356140	-1.142578	1.363525	-0.126038
0.375977	-1.221313	1.539917	-0.251465
0.373230	-1.306152	1.673889	-0.372620
0.352783	-1.391907	1.766357	-0.498962
0.328064	-1.478882	1.819458	-0.623779
0.304871	-1.567383	1.835938	-0.741882
0.277405	-1.646423	1.822205	-0.842896
0.236816	-1.707764	1.777649	-0.926819
0.183716	-1.742859	1.698608	-0.986938
0.125732	-1.741638	1.589966	-1.021423
0.068054	-1.692810	1.452637	-1.037903
0.008545	-1.600952	1.292114	-1.033325
-0.050964	-1.470032	1.118164	-1.015625
-0.109253	-1.304016	0.946045	-0.988159
-0.162659	-1.098633	0.787964	-0.952148
-0.205994	-0.862122	0.641785	-0.913696
-0.240173	-0.611877	0.494690	-0.866394
-0.266724	-0.350342	0.346375	-0.808716
-0.289917	-0.077209	0.200500	-0.751648
-0.308533	0.201721	0.063171	-0.693665
-0.321045	0.482788	-0.069885	-0.640259
-0.332336	0.754089	-0.193176	-0.602722
-0.344849	0.998230	-0.297852	-0.576477
-0.353088	1.206360	-0.383606	-0.560608
-0.346985	1.376953	-0.450439	-0.562134
-0.329590	1.512451	-0.501709	-0.580750
-0.303955	1.616516	-0.535278	-0.615540
-0.265808	1.685486	-0.540771	-0.661926
-0.210571	1.720276	-0.522156	-0.707397
-0.147705	1.716614	-0.480347	-0.753784
-0.083923	1.675415	-0.411072	-0.800171
