2020/1/9 9:21:54 40us
CH1			CH2			CH3			CH4
-0.006714	-0.009460	0.005493	-0.010071
-0.006714	-0.008850	0.006104	-0.010071
-0.007019	-0.009155	0.006104	-0.010071
-0.007324	-0.008545	0.005493	-0.010071
-0.007019	-0.008850	0.005493	-0.009460
-0.006714	-0.008850	0.005798	-0.009155
-0.006714	-0.008850	0.006409	-0.009155
-0.006409	-0.009155	0.007019	-0.009766
-0.006714	-0.009155	0.007324	-0.009460
-0.007324	-0.009155	0.006714	-0.010071
-0.007019	-0.009155	0.006409	-0.010071
-0.007019	-0.009155	0.006714	-0.010071
-0.007019	-0.009460	0.006409	-0.009460
-0.007324	-0.009155	0.006409	-0.009460
-0.007019	-0.009460	0.007019	-0.009766
-0.007019	-0.009766	0.006714	-0.009766
-0.007019	-0.009766	0.006714	-0.009766
-0.007019	-0.010376	0.007019	-0.009766
-0.006714	-0.010681	0.007019	-0.009766
-0.007019	-0.010681	0.006714	-0.009766
-0.007019	-0.010986	0.007019	-0.009766
-0.007019	-0.010986	0.006714	-0.009766
-0.007019	-0.010681	0.007019	-0.009766
-0.007019	-0.010376	0.006714	-0.009460
-0.006714	-0.010071	0.007324	-0.009155
-0.006714	-0.010681	0.007019	-0.009460
-0.007019	-0.010376	0.007324	-0.009460
-0.007019	-0.010986	0.007019	-0.009460
-0.007019	-0.010376	0.006714	-0.008850
-0.006714	-0.009766	0.006409	-0.008850
-0.007019	-0.009460	0.006714	-0.007935
-0.006714	-0.010071	0.006714	-0.007629
-0.006714	-0.009460	0.007324	-0.007629
-0.006409	-0.009155	0.007019	-0.008240
-0.007019	-0.009155	0.007324	-0.007935
-0.008240	-0.008850	0.007324	-0.005798
-0.007324	-0.009460	0.006409	0.009766
-0.007629	-0.008240	0.006714	0.013428
-0.005798	-0.007324	0.007629	0.200500
-0.006104	-0.007019	0.007019	0.413513
-0.000610	-0.007629	0.016785	0.578003
0.012817	-0.009766	-0.004578	0.631409
-0.021057	0.000000	0.044250	0.650940
-0.105896	-0.012817	0.065002	0.630188
-0.155029	-0.029602	0.028687	0.504761
-0.164490	-0.020142	-0.023804	0.303345
-0.063477	0.071411	-0.157471	0.074768
0.056763	0.098572	-0.260010	-0.214233
0.144958	0.054016	-0.299683	-0.579224
0.219116	0.047913	-0.332031	-0.989685
0.258484	0.024414	-0.364075	-1.416016
0.281372	-0.035706	-0.358582	-1.896362
0.232544	-0.153809	-0.257874	-2.316284
0.205078	-0.329895	-0.059204	-2.700195
0.223694	-0.465698	0.196838	-3.127747
0.240173	-0.594482	0.412292	-3.486328
0.283508	-0.643005	0.651855	-3.742981
0.303650	-0.702515	0.952454	-3.974609
0.319214	-0.712280	1.266479	-4.129639
0.369263	-0.606079	1.562805	-4.332886
0.368958	-0.469971	1.808167	-4.573364
0.296631	-0.304565	1.961365	-4.675903
0.290833	-0.116272	2.057800	-4.685364
0.308228	0.101318	2.107544	-4.558105
0.354614	0.364685	2.132263	-4.290161
0.341187	0.628052	2.090149	-3.941956
0.328064	0.865173	2.037354	-3.504639
0.318604	1.149902	1.936035	-3.031006
0.287781	1.443481	1.784363	-2.604675
0.269470	1.758728	1.578064	-2.169800
0.190430	2.094116	1.301575	-1.750488
0.106506	2.375793	0.960083	-1.333618
0.037537	2.675476	0.599365	-0.867310
0.010071	2.954102	0.183105	-0.384521
-0.019531	3.109131	-0.279846	0.129395
-0.056458	3.142395	-0.760498	0.584717
-0.163269	3.089905	-1.233521	0.952148
-0.250244	2.927246	-1.671143	1.282043
-0.301208	2.654114	-2.044067	1.551514
-0.331421	2.296143	-2.348022	1.789551
-0.323486	1.861572	-2.588196	1.994019
-0.329285	1.359558	-2.746887	2.175598
-0.311890	0.851440	-2.845764	2.391357
-0.280762	0.356445	-2.882690	2.604675
-0.247192	-0.175476	-2.852173	2.711487
-0.223083	-0.691833	-2.774963	2.743835
-0.212708	-1.239624	-2.673035	2.777710
-0.202942	-1.806030	-2.532654	2.765198
-0.177612	-2.327576	-2.390137	2.742615
-0.113525	-2.785950	-2.272949	2.745361
-0.062866	-3.185425	-2.150269	2.807617
-0.059204	-3.522644	-2.052612	2.879028
-0.088501	-3.783875	-1.928101	2.966309
-0.134583	-3.908997	-1.764832	3.052368
-0.189514	-3.952637	-1.641846	3.087158
-0.264893	-4.015808	-1.526489	3.105774
-0.337524	-4.039917	-1.379395	3.120728
-0.411987	-3.931274	-1.199646	3.157654
-0.444641	-3.732300	-0.978088	3.212280
-0.443726	-3.450317	-0.738525	3.213196
-0.466309	-3.047791	-0.478516	3.220215
-0.532837	-2.557678	-0.170593	3.191223
-0.639038	-2.060547	0.171204	3.113708
-0.790100	-1.527100	0.480652	3.023987
-0.932922	-0.934448	0.713806	2.880554
-1.009521	-0.394592	0.952148	2.697144
-1.083374	0.109863	1.197815	2.539978
-1.140137	0.575256	1.387939	2.380066
-1.191101	0.965271	1.544495	2.127075
-1.240845	1.338501	1.644592	1.804199
-1.325378	1.712341	1.704102	1.481934
-1.407166	2.043762	1.761475	1.146240
-1.462402	2.333984	1.806946	0.710449
-1.457214	2.603455	1.867371	0.249939
-1.396179	2.835693	1.897583	-0.166016
-1.324158	2.991028	1.918945	-0.592346
-1.253357	3.085632	1.915894	-0.997620
-1.160583	3.083496	1.896667	-1.347961
-1.028442	3.031006	1.887207	-1.615906
-0.857239	2.924805	1.878967	-1.853943
-0.654602	2.769165	1.887512	-2.098389
-0.436707	2.631531	1.897888	-2.289124
-0.185242	2.478333	1.893921	-2.432556
0.087280	2.298584	1.901245	-2.505493
0.340271	2.102356	1.903076	-2.517700
0.581665	1.866150	1.895142	-2.482910
0.829163	1.568298	1.898499	-2.427979
1.027222	1.283569	1.896973	-2.358704
1.177979	0.995178	1.883240	-2.306213
1.329651	0.648499	1.875305	-2.276611
1.466980	0.218506	1.834106	-2.219238
1.564331	-0.234375	1.771240	-2.108459
1.624451	-0.705566	1.679077	-1.994629
1.683960	-1.164856	1.542969	-1.914978
1.755371	-1.575317	1.362000	-1.789551
1.803284	-1.981812	1.139832	-1.632080
1.824036	-2.400208	0.877991	-1.507568
1.821899	-2.754822	0.543213	-1.381531
1.809998	-3.040771	0.171204	-1.232910
1.795349	-3.234253	-0.212097	-1.025696
1.725769	-3.422852	-0.604858	-0.774841
1.618347	-3.608093	-1.013184	-0.537109
1.481934	-3.692627	-1.442871	-0.288696
1.331177	-3.664246	-1.895752	-0.067139
1.159363	-3.572693	-2.339172	0.142822
0.951843	-3.432922	-2.753906	0.349121
0.728455	-3.216248	-3.142700	0.537109
0.519104	-2.930908	-3.496704	0.696106
0.327454	-2.606201	-3.864746	0.815735
0.136414	-2.250977	-4.268188	0.917664
-0.034485	-1.932373	-4.588013	0.998840
-0.181580	-1.647034	-4.804077	1.048279
-0.333557	-1.335754	-4.896240	1.085815
-0.447998	-1.016541	-4.875183	1.053467
-0.542603	-0.696411	-4.726563	0.944214
-0.617676	-0.392456	-4.455872	0.854797
-0.649719	-0.126038	-4.089050	0.776672
-0.650635	0.123596	-3.648071	0.678101
-0.624084	0.407104	-3.152771	0.554504
-0.563049	0.728760	-2.588501	0.414734
-0.507202	1.041260	-1.971741	0.294189
-0.463257	1.343079	-1.336670	0.173950
-0.428772	1.619263	-0.715027	0.054016
-0.403137	1.870117	-0.140686	-0.035400
-0.392761	2.133179	0.379639	-0.115051
-0.384827	2.391968	0.860901	-0.194397
-0.382080	2.612610	1.309814	-0.259094
-0.368652	2.775574	1.686096	-0.269775
-0.346985	2.871704	2.008972	-0.245972
-0.370789	2.887878	2.283020	-0.200195
-0.440369	2.835999	2.480469	-0.138550
-0.513916	2.738342	2.620239	-0.104980
-0.587158	2.616577	2.693176	-0.132751
-0.652771	2.481384	2.697449	-0.201416
-0.714111	2.289429	2.665405	-0.275574
-0.756531	2.048645	2.602844	-0.320740
-0.799561	1.781311	2.507019	-0.321045
-0.874329	1.506348	2.378845	-0.315552
-0.945129	1.214600	2.218323	-0.286865
-0.994568	0.917053	2.028503	-0.183105
-1.005859	0.631104	1.844177	-0.020142
-0.986023	0.343323	1.662598	0.166931
-0.963135	0.065002	1.451416	0.354919
-0.939941	-0.184021	1.215210	0.561523
-0.903931	-0.409851	0.999451	0.806885
-0.849304	-0.614624	0.797729	1.081238
-0.774536	-0.798340	0.603333	1.306152
-0.679626	-0.957336	0.398560	1.471558
-0.563965	-1.087952	0.180969	1.630249
-0.441895	-1.218567	-0.014954	1.785889
-0.317078	-1.362000	-0.183716	1.929016
-0.191345	-1.500244	-0.339661	2.059021
-0.065002	-1.633301	-0.474854	2.168274
0.078735	-1.759338	-0.589294	2.255554
0.216370	-1.872253	-0.692444	2.352600
0.333862	-1.994019	-0.755615	2.462769
0.462341	-2.113647	-0.762634	2.551270
0.588379	-2.210388	-0.734558	2.607117
0.710144	-2.286987	-0.666809	2.623291
0.833435	-2.361450	-0.561829	2.613220
0.949707	-2.446594	-0.440369	2.602844
1.070251	-2.548523	-0.310669	2.563477
1.180420	-2.658997	-0.160217	2.431946
1.253662	-2.783508	0.001831	2.215271
1.287231	-2.931213	0.178223	1.925049
1.287537	-3.115234	0.365295	1.583252
1.286316	-3.330994	0.540466	1.213379
1.293945	-3.567505	0.689697	0.807495
1.288147	-3.812866	0.815735	0.375977
1.255798	-4.014893	0.901489	-0.064392
1.208191	-4.155579	0.946045	-0.502319
1.148987	-4.229126	0.945435	-0.934143
1.083069	-4.220886	0.870361	-1.319275
0.996399	-4.134521	0.740356	-1.645203
0.875549	-3.947754	0.593872	-1.925049
0.725708	-3.648071	0.421753	-2.155151
0.567932	-3.235168	0.230103	-2.329407
0.417480	-2.704163	0.021667	-2.447815
0.263977	-2.084045	-0.201721	-2.504272
0.115967	-1.410828	-0.418091	-2.496338
-0.035706	-0.688782	-0.589600	-2.431030
-0.186768	0.077209	-0.696106	-2.323914
-0.318909	0.859375	-0.740051	-2.201843
-0.426025	1.627197	-0.723877	-2.080688
-0.514221	2.371216	-0.672607	-1.927490
-0.581665	3.096008	-0.603943	-1.763611
-0.630493	3.778381	-0.507813	-1.625366
-0.677795	4.394226	-0.379333	-1.531372
-0.719604	4.935608	-0.235596	-1.473694
-0.758057	5.388489	-0.068970	-1.427307
-0.793762	5.784302	0.098877	-1.379700
-0.802612	6.122131	0.234985	-1.330261
-0.791931	6.384583	0.346985	-1.315002
-0.771484	6.548767	0.437927	-1.328125
-0.744629	6.611633	0.507202	-1.344299
-0.720215	6.620483	0.558777	-1.352539
-0.678711	6.602783	0.575562	-1.353760
-0.615845	6.538391	0.560608	-1.349792
-0.535278	6.407776	0.515442	-1.345825
-0.440063	6.237488	0.439453	-1.325378
-0.341187	6.039429	0.353088	-1.288452
-0.225525	5.797424	0.237427	-1.229553
-0.123901	5.499268	0.091553	-1.142883
-0.037537	5.104065	-0.058899	-1.022644
0.041504	4.617615	-0.179443	-0.881653
0.097046	4.056396	-0.274658	-0.705872
0.141296	3.447876	-0.383911	-0.521851
0.170898	2.802124	-0.505066	-0.335388
0.181885	2.130737	-0.622559	-0.110474
0.184326	1.448059	-0.739136	0.180054
0.184937	0.751343	-0.836487	0.516052
0.193787	0.073242	-0.920410	0.868530
0.202637	-0.569763	-0.987854	1.234131
0.203857	-1.186523	-1.026611	1.603394
0.205078	-1.745300	-1.044922	1.966858
0.207214	-2.230530	-1.049194	2.333069
0.216675	-2.652588	-1.036377	2.704468
0.236206	-3.003845	-0.998840	3.061523
0.249634	-3.291321	-0.937500	3.384399
0.246582	-3.520508	-0.856018	3.649292
0.230408	-3.723755	-0.779114	3.839722
0.213318	-3.910217	-0.724182	3.953247
0.188599	-4.018555	-0.682678	3.992310
0.152893	-4.021606	-0.649414	3.961182
0.111694	-3.973999	-0.624390	3.862305
0.054016	-3.862610	-0.625916	3.687134
-0.019836	-3.650818	-0.644531	3.440857
-0.108643	-3.373108	-0.649109	3.144531
-0.188293	-3.087463	-0.643005	2.806091
-0.281372	-2.819519	-0.652466	2.444763
-0.392456	-2.557983	-0.653076	2.059631
-0.499573	-2.307739	-0.596924	1.640320
-0.607910	-2.091675	-0.474854	1.219482
-0.700684	-1.927795	-0.292969	0.777588
-0.756836	-1.827698	-0.061035	0.283203
-0.784607	-1.781006	0.200806	-0.229492
-0.781860	-1.758728	0.487671	-0.699158
-0.741882	-1.759033	0.835876	-1.147766
-0.687561	-1.766663	1.251221	-1.619263
-0.622559	-1.773376	1.721191	-2.084961
-0.543518	-1.796570	2.200623	-2.521973
-0.448914	-1.804810	2.656555	-2.917175
-0.351868	-1.772766	3.088684	-3.248291
-0.250549	-1.722412	3.494873	-3.507080
-0.151367	-1.631775	3.843079	-3.695068
-0.061035	-1.478577	4.113464	-3.823242
0.022888	-1.257629	4.301453	-3.908081
0.099792	-0.979309	4.376221	-3.910217
0.165405	-0.666199	4.344177	-3.835754
0.208435	-0.326843	4.235229	-3.709106
0.234680	0.067444	4.059753	-3.537903
0.275269	0.509644	3.799438	-3.324890
0.327148	0.972595	3.468628	-3.077393
0.382385	1.428528	3.087769	-2.798767
0.431519	1.840210	2.683411	-2.513123
0.487061	2.197571	2.272339	-2.214661
0.538330	2.514343	1.847229	-1.890564
0.552979	2.794495	1.422729	-1.564941
0.538635	3.015137	1.020508	-1.249695
0.525513	3.149109	0.626221	-0.929871
0.517273	3.213196	0.220032	-0.594177
0.488281	3.232727	-0.197754	-0.259705
0.431213	3.172302	-0.630798	0.039063
0.353394	3.034973	-1.074219	0.307617
0.263977	2.862549	-1.510620	0.546875
0.187378	2.666626	-1.933899	0.758057
0.125122	2.445984	-2.336731	0.923157
0.068665	2.203369	-2.731323	1.043396
0.025940	1.970825	-3.101501	1.135559
-0.005493	1.755981	-3.422546	1.198730
-0.009766	1.572571	-3.703613	1.231079
-0.000610	1.402588	-3.948669	1.242065
0.013733	1.226501	-4.140015	1.249084
0.042114	1.056824	-4.253540	1.249390
0.083313	0.893555	-4.302673	1.247864
0.133667	0.729065	-4.307251	1.225281
0.200500	0.559387	-4.259338	1.168823
0.272522	0.377197	-4.163208	1.132507
0.345764	0.213623	-4.017334	1.140137
0.426331	0.061340	-3.809509	1.151733
0.504150	-0.078125	-3.555298	1.156616
0.561523	-0.185852	-3.266296	1.181335
0.591125	-0.273438	-2.944641	1.231689
0.612488	-0.330811	-2.590942	1.284485
0.619507	-0.347595	-2.206116	1.351013
0.625610	-0.368042	-1.788940	1.423950
0.634460	-0.385742	-1.368103	1.500244
0.625916	-0.390930	-0.944824	1.582642
0.594482	-0.401611	-0.514221	1.641541
0.534973	-0.408325	-0.100708	1.655579
0.455933	-0.403442	0.274353	1.622620
0.353394	-0.386963	0.612183	1.553650
0.241089	-0.344849	0.911865	1.465454
0.127869	-0.282898	1.176453	1.383362
0.002441	-0.205688	1.396179	1.287842
-0.132446	-0.105591	1.559143	1.175842
-0.270996	0.002747	1.673584	1.055908
-0.398865	0.119934	1.752319	0.931091
-0.521545	0.257568	1.788940	0.806274
-0.650940	0.404358	1.792603	0.674438
-0.780029	0.545044	1.781006	0.534668
-0.903931	0.673828	1.777039	0.388489
-1.012573	0.785522	1.773071	0.252380
-1.095276	0.865479	1.766663	0.131836
-1.151428	0.906372	1.751404	0.016174
-1.174316	0.921631	1.734009	-0.092773
-1.173096	0.898132	1.753540	-0.203857
-1.159058	0.823975	1.824341	-0.319519
-1.121521	0.708313	1.931458	-0.446777
-1.056519	0.561829	2.066956	-0.584717
-0.956421	0.390015	2.227173	-0.721741
-0.826111	0.198975	2.406921	-0.845947
-0.670166	0.000610	2.597961	-0.960388
-0.503235	-0.202942	2.780457	-1.073914
-0.340271	-0.403748	2.929993	-1.168823
-0.176392	-0.603943	3.046265	-1.235657
-0.020752	-0.809631	3.128662	-1.262817
0.117798	-1.023865	3.167114	-1.246033
0.246887	-1.252441	3.156738	-1.207581
0.359192	-1.476440	3.091431	-1.141663
0.462646	-1.676025	2.968140	-1.038513
0.561523	-1.874084	2.783203	-0.909119
0.654602	-2.094421	2.553406	-0.746155
0.731506	-2.327271	2.272644	-0.556335
0.794678	-2.549744	1.954651	-0.354004
0.854187	-2.751770	1.612549	-0.148621
0.908508	-2.930298	1.246338	0.047302
0.950623	-3.107300	0.879822	0.235596
0.978394	-3.312378	0.511169	0.423584
0.980530	-3.513184	0.128174	0.616760
0.960999	-3.681335	-0.263367	0.814819
0.918579	-3.836365	-0.663147	1.007385
0.853882	-3.957825	-1.045227	1.183167
0.776062	-4.023132	-1.417236	1.343384
0.685425	-4.020691	-1.771240	1.481628
0.602112	-3.943176	-2.109680	1.594238
0.514832	-3.793640	-2.456360	1.680603
0.415649	-3.587036	-2.794189	1.735535
0.323181	-3.312683	-3.099365	1.764526
0.239258	-2.959595	-3.367615	1.775208
0.164490	-2.536316	-3.596191	1.747437
0.100098	-2.055664	-3.782349	1.665649
0.050049	-1.533203	-3.913879	1.547852
0.016785	-0.984497	-3.974304	1.416931
-0.006409	-0.416870	-3.962708	1.260376
-0.021973	0.155945	-3.882141	1.049194
-0.035095	0.720215	-3.717651	0.813904
-0.054626	1.260071	-3.488464	0.574646
-0.072327	1.771545	-3.211365	0.311584
-0.085144	2.272949	-2.890930	0.021667
-0.112305	2.754211	-2.539673	-0.280151
-0.153503	3.201599	-2.163391	-0.590515
-0.201416	3.606873	-1.759949	-0.903931
-0.243835	3.959045	-1.348877	-1.207581
-0.279236	4.252319	-0.950012	-1.489258
-0.305481	4.475708	-0.566406	-1.743774
-0.331726	4.623108	-0.190430	-1.973267
-0.363159	4.700012	0.177307	-2.179565
-0.388489	4.688416	0.522461	-2.364502
-0.407104	4.606934	0.837708	-2.528687
-0.423279	4.476318	1.116333	-2.678833
-0.434570	4.291077	1.348267	-2.806091
-0.435791	4.055481	1.547852	-2.910767
-0.420532	3.799133	1.707458	-2.999573
-0.405273	3.540039	1.813660	-3.068848
-0.393372	3.279419	1.866760	-3.110657
-0.367126	3.028564	1.857605	-3.093567
-0.330505	2.793274	1.810608	-3.012695
-0.284424	2.577820	1.731873	-2.875977
-0.239868	2.384949	1.629944	-2.687378
-0.202332	2.204895	1.501160	-2.432861
-0.171814	2.029724	1.340637	-2.125549
-0.144958	1.854248	1.162415	-1.757813
-0.112610	1.665955	0.968628	-1.334534
-0.080261	1.482239	0.782471	-0.875854
-0.066528	1.299744	0.608215	-0.400085
-0.059204	1.107178	0.463257	0.079651
-0.051270	0.905762	0.346375	0.560913
-0.039368	0.687866	0.249329	1.022949
-0.022888	0.462036	0.176086	1.452026
-0.009155	0.220947	0.136414	1.849976
0.006409	-0.034180	0.127869	2.220459
0.021973	-0.307007	0.148010	2.561646
0.039978	-0.604248	0.197754	2.855835
0.059509	-0.914612	0.264587	3.095398
0.086365	-1.233521	0.349121	3.273926
0.106506	-1.553345	0.446167	3.384399
0.109863	-1.861267	0.542297	3.435059
0.107422	-2.158203	0.614014	3.427429
0.106506	-2.439880	0.657959	3.357239
0.108337	-2.694702	0.675049	3.214111
0.110474	-2.929688	0.665588	2.992249
0.108337	-3.154907	0.642395	2.698975
0.107117	-3.362122	0.602417	2.351074
0.107727	-3.544006	0.559692	1.973877
0.107727	-3.709412	0.512390	1.575317
0.106506	-3.864136	0.462952	1.180725
0.097351	-4.001160	0.406799	0.791931
0.083923	-4.101257	0.350037	0.428467
0.075073	-4.177246	0.308228	0.094910
0.071411	-4.219971	0.279236	-0.200195
0.057373	-4.214478	0.271606	-0.444946
0.026855	-4.153442	0.284119	-0.644836
-0.003052	-4.023743	0.304565	-0.794678
-0.028992	-3.833923	0.323181	-0.891113
-0.068054	-3.583069	0.345154	-0.941162
-0.115967	-3.273010	0.391235	-0.961609
-0.169373	-2.915344	0.451965	-0.953369
-0.234070	-2.503662	0.502319	-0.920105
-0.299072	-2.037354	0.551453	-0.876770
-0.357971	-1.531677	0.618896	-0.823059
-0.408936	-0.986328	0.680237	-0.751953
-0.449524	-0.407410	0.710754	-0.661621
-0.471802	0.200195	0.733032	-0.577393
-0.481262	0.835266	0.759277	-0.518494
-0.491333	1.474609	0.767212	-0.486450
-0.485840	2.093506	0.747681	-0.485840
-0.468140	2.687378	0.701294	-0.508728
-0.467529	3.262024	0.631714	-0.562744
-0.460510	3.804626	0.545654	-0.653992
-0.432129	4.298706	0.448303	-0.790100
-0.399170	4.734802	0.332031	-0.954590
-0.371704	5.111694	0.193176	-1.120911
-0.344849	5.406494	0.033264	-1.289673
-0.321045	5.576782	-0.127563	-1.469116
-0.321960	5.646667	-0.277405	-1.647339
-0.324707	5.666199	-0.423584	-1.819458
-0.309448	5.617065	-0.563965	-1.993103
-0.292664	5.498962	-0.697937	-2.152100
-0.263367	5.329285	-0.817871	-2.272339
-0.216675	5.088806	-0.908813	-2.372742
-0.158386	4.771729	-0.972900	-2.460632
-0.108643	4.395752	-1.057434	-2.513428
-0.057068	3.969116	-1.148376	-2.539063
0.000000	3.496094	-1.208191	-2.542114
0.055847	2.995300	-1.242371	-2.498779
0.119629	2.473450	-1.257324	-2.426147
0.191040	1.954041	-1.261597	-2.333679
0.260315	1.455383	-1.274109	-2.187500
0.343628	0.977173	-1.315308	-1.972656
0.442200	0.506897	-1.347351	-1.715088
0.537109	0.047607	-1.362610	-1.438599
0.628357	-0.376892	-1.385498	-1.141052
0.710144	-0.760498	-1.430664	-0.811462
0.778198	-1.126099	-1.484680	-0.469666
0.833435	-1.442566	-1.544495	-0.128174
0.874329	-1.720581	-1.605225	0.220337
0.902710	-1.970215	-1.675720	0.575867
0.904236	-2.186584	-1.758728	0.923157
0.882263	-2.366333	-1.840515	1.242371
0.839539	-2.520447	-1.910706	1.532898
0.786438	-2.678833	-1.962891	1.782837
0.705872	-2.854614	-1.989136	2.006226
0.597534	-3.002930	-1.978455	2.199707
0.478210	-3.088684	-1.925659	2.335510
0.363770	-3.133545	-1.845703	2.407837
0.250854	-3.153992	-1.745605	2.439270
0.130005	-3.127747	-1.623840	2.431641
0.003357	-3.050537	-1.469727	2.363281
-0.125122	-2.955933	-1.292725	2.235107
-0.259705	-2.854309	-1.108704	2.069092
-0.384521	-2.742920	-0.903931	1.857605
-0.485535	-2.632141	-0.654297	1.614990
-0.579834	-2.512512	-0.354004	1.365051
-0.657654	-2.398071	-0.028076	1.101379
-0.706787	-2.299805	0.297852	0.779724
-0.746155	-2.188110	0.617371	0.437012
-0.769958	-2.059021	0.931702	0.127563
-0.770874	-1.922302	1.244812	-0.156555
-0.760803	-1.781921	1.575317	-0.457764
-0.738525	-1.621094	1.933594	-0.759277
-0.704651	-1.439819	2.286987	-1.020813
-0.658569	-1.246033	2.613525	-1.240234
-0.606079	-1.032410	2.900085	-1.415405
-0.549622	-0.826111	3.156433	-1.542358
-0.502319	-0.629272	3.395081	-1.623840
-0.462036	-0.443115	3.601990	-1.663818
-0.434570	-0.273743	3.764648	-1.668091
-0.424500	-0.127869	3.871460	-1.632690
-0.405579	-0.015564	3.916931	-1.546631
-0.383301	0.080566	3.902588	-1.409912
-0.367126	0.181274	3.842773	-1.232910
-0.343628	0.277405	3.723145	-1.035156
-0.306091	0.359497	3.524475	-0.812988
-0.269165	0.433655	3.251953	-0.579834
-0.235291	0.483704	2.924194	-0.339050
-0.200195	0.507202	2.556152	-0.108032
-0.151978	0.502014	2.151794	0.103455
-0.114441	0.470886	1.715393	0.294495
-0.093384	0.427551	1.256714	0.484924
-0.067139	0.361633	0.783997	0.690918
-0.024109	0.263977	0.293884	0.903015
0.032043	0.159302	-0.217590	1.100769
0.081482	0.070801	-0.727234	1.264038
0.120850	-0.005493	-1.222839	1.398010
0.155640	-0.071411	-1.701050	1.513062
0.200500	-0.140381	-2.142639	1.613770
0.248108	-0.208740	-2.532349	1.694641
0.295105	-0.263062	-2.860107	1.746216
0.333252	-0.307922	-3.130188	1.791992
0.373230	-0.343628	-3.336182	1.844482
0.423584	-0.365601	-3.489380	1.887817
0.476685	-0.376282	-3.590698	1.905823
0.522766	-0.382080	-3.627625	1.913757
0.554810	-0.394592	-3.599548	1.905212
0.576782	-0.417175	-3.513794	1.867065
0.592346	-0.446167	-3.379517	1.800232
0.619812	-0.485535	-3.193970	1.703491
0.657654	-0.527039	-2.973938	1.573181
0.693359	-0.551453	-2.731323	1.420898
0.733643	-0.555725	-2.468872	1.244507
0.771484	-0.539856	-2.200012	1.044006
0.795898	-0.505371	-1.929932	0.834045
0.806580	-0.444031	-1.656494	0.620117
0.807190	-0.349731	-1.386719	0.391846
0.794678	-0.244446	-1.145935	0.155640
0.771179	-0.131531	-0.917358	-0.100403
0.749207	-0.019836	-0.706787	-0.354004
0.722351	0.076904	-0.519409	-0.588684
0.677490	0.155945	-0.365906	-0.813904
0.611267	0.230103	-0.254211	-1.036987
0.521851	0.300598	-0.176392	-1.257019
0.419312	0.363770	-0.124207	-1.452332
0.299988	0.415039	-0.089417	-1.614075
0.179443	0.447083	-0.056763	-1.734619
0.060730	0.476074	-0.011597	-1.812134
-0.059509	0.507507	0.033264	-1.845703
-0.177612	0.530396	0.070190	-1.843262
-0.295410	0.541077	0.116272	-1.808472
-0.398254	0.546875	0.171204	-1.745300
-0.491638	0.548401	0.235291	-1.666870
-0.575867	0.549011	0.314941	-1.580505
-0.658264	0.564575	0.415649	-1.487427
-0.728455	0.596924	0.538025	-1.391907
-0.782166	0.633240	0.675354	-1.286926
-0.811462	0.667419	0.820923	-1.167603
-0.816040	0.712585	0.966492	-1.044922
-0.799866	0.767822	1.113892	-0.932312
-0.765991	0.819702	1.268616	-0.838013
-0.718384	0.873108	1.421814	-0.761414
-0.657349	0.926208	1.567993	-0.690002
-0.582275	0.967102	1.701355	-0.619202
-0.497742	0.994873	1.816711	-0.553894
-0.410767	0.987549	1.912537	-0.492859
-0.329285	0.937805	1.985168	-0.433960
-0.251160	0.868530	2.029419	-0.374146
-0.171814	0.776978	2.043762	-0.303650
-0.097046	0.643616	2.026367	-0.219116
-0.039673	0.475159	1.981812	-0.130310
0.003662	0.276489	1.918335	-0.039368
0.037842	0.055542	1.840515	0.063782
0.064392	-0.187378	1.742554	0.188904
0.085449	-0.466003	1.621704	0.331726
0.104675	-0.781860	1.490479	0.492859
0.116577	-1.111755	1.352844	0.664673
0.116577	-1.449280	1.204224	0.843506
0.107117	-1.790466	1.034241	1.019592
0.088806	-2.113953	0.846863	1.194458
0.071716	-2.419739	0.639648	1.381531
0.056458	-2.712097	0.411682	1.574097
0.043945	-2.997742	0.166321	1.757813
0.032043	-3.249207	-0.094299	1.927490
0.019836	-3.456116	-0.364380	2.084045
0.005798	-3.626099	-0.642090	2.220459
-0.007629	-3.736572	-0.920410	2.327881
-0.016174	-3.764648	-1.182556	2.409668
-0.017395	-3.706360	-1.423645	2.467651
-0.003662	-3.561707	-1.648254	2.505188
0.020447	-3.336792	-1.857605	2.528687
0.047913	-3.041992	-2.041321	2.534180
0.080261	-2.684937	-2.191467	2.524719
0.117188	-2.285156	-2.297668	2.490845
0.147095	-1.856384	-2.355347	2.426453
0.164795	-1.397400	-2.369995	2.319641
0.171204	-0.921936	-2.340088	2.177734
0.161133	-0.444946	-2.264709	2.009583
0.132751	0.025024	-2.141418	1.808472
0.093384	0.480347	-1.962585	1.565552
0.051575	0.908813	-1.721497	1.297302
0.004883	1.302795	-1.444702	1.017761
-0.050049	1.668091	-1.145325	0.715637
-0.108948	2.009583	-0.821228	0.393677
-0.174561	2.321472	-0.468140	0.055237
-0.236206	2.594604	-0.106201	-0.299683
-0.289612	2.820435	0.254517	-0.674744
-0.326843	2.998047	0.606689	-1.067200
-0.346375	3.135681	0.931702	-1.445007
-0.351257	3.244324	1.233826	-1.805420
-0.347595	3.316956	1.496887	-2.133179
-0.337830	3.372192	1.726379	-2.439575
-0.320435	3.419495	1.911621	-2.721863
-0.292664	3.441772	2.045593	-2.977905
-0.257568	3.437805	2.135010	-3.204041
-0.222168	3.423462	2.183533	-3.397522
-0.177307	3.404541	2.197266	-3.557739
-0.125427	3.367615	2.168884	-3.681030
-0.069885	3.323059	2.094727	-3.753967
-0.012207	3.277588	1.972351	-3.757324
0.041199	3.222351	1.813049	-3.687439
0.094910	3.152771	1.628723	-3.547668
0.143738	3.069153	1.419678	-3.337708
0.188293	2.966919	1.204224	-3.072510
0.231018	2.836609	0.991211	-2.752075
0.264282	2.666931	0.787048	-2.365417
0.290833	2.451172	0.597229	-1.932678
0.319214	2.205811	0.421448	-1.480408
0.346069	1.942749	0.255432	-1.011658
0.371704	1.672058	0.096741	-0.530701
0.396729	1.394348	-0.046997	-0.060425
0.414124	1.104736	-0.182190	0.378418
0.425720	0.813599	-0.303345	0.787964
0.423889	0.524597	-0.414124	1.166077
0.411682	0.243835	-0.518494	1.495667
0.391541	-0.027466	-0.618896	1.779175
0.365601	-0.308228	-0.715942	2.021484
0.343933	-0.588074	-0.809326	2.211914
0.319214	-0.860291	-0.893555	2.344055
0.288696	-1.125793	-0.967407	2.406616
0.249634	-1.383362	-1.039734	2.406006
0.211182	-1.637573	-1.106262	2.352905
0.168457	-1.876221	-1.162720	2.252197
0.120544	-2.081909	-1.206360	2.109070
0.080261	-2.261963	-1.229858	1.930542
0.046692	-2.418823	-1.228027	1.719666
0.021362	-2.550049	-1.193237	1.484375
0.007935	-2.671204	-1.120605	1.244202
-0.001526	-2.791138	-1.011963	1.008911
-0.015564	-2.905884	-0.883179	0.798035
-0.043335	-2.995300	-0.737000	0.612183
-0.080872	-3.046875	-0.573120	0.450439
-0.120544	-3.056030	-0.386047	0.321655
-0.159912	-3.021851	-0.187073	0.226746
-0.205383	-2.941284	0.018311	0.164795
-0.258789	-2.811279	0.225220	0.126648
-0.311584	-2.631836	0.413208	0.111389
-0.361938	-2.410583	0.578918	0.117188
-0.408936	-2.149048	0.727539	0.139465
-0.447998	-1.869202	0.857544	0.161743
-0.490112	-1.559143	0.981445	0.183411
-0.526733	-1.223145	1.092224	0.202942
-0.555115	-0.867920	1.190186	0.216064
-0.577087	-0.505981	1.270752	0.227051
-0.596619	-0.142212	1.333008	0.238342
-0.613098	0.217285	1.371155	0.249939
-0.624695	0.566101	1.390381	0.250854
-0.633545	0.896301	1.385193	0.235596
-0.644531	1.199341	1.343994	0.212402
-0.652466	1.468201	1.269836	0.177002
-0.651855	1.709595	1.176453	0.132751
-0.641479	1.923523	1.069641	0.079041
-0.625916	2.098999	0.951538	0.001831
-0.605164	2.230530	0.826721	-0.105286
-0.582581	2.313232	0.692444	-0.225830
-0.559387	2.339783	0.547791	-0.348206
-0.529785	2.303772	0.402222	-0.465698
-0.495300	2.225952	0.261230	-0.586243
-0.455322	2.125244	0.140686	-0.710449
-0.401001	1.997375	0.044861	-0.843506
-0.327759	1.849976	-0.034180	-0.973511
-0.246582	1.687012	-0.106506	-1.096191
-0.166931	1.508789	-0.169373	-1.218567
-0.079956	1.313477	-0.220032	-1.333008
0.010376	1.104126	-0.264893	-1.430054
0.097046	0.888672	-0.305176	-1.506653
0.192871	0.678406	-0.332947	-1.550598
0.299683	0.479126	-0.341187	-1.551208
0.412903	0.283203	-0.341492	-1.520691
0.520630	0.096741	-0.343323	-1.461792
0.621338	-0.079041	-0.347900	-1.365967
0.715637	-0.243225	-0.366821	-1.225891
0.800171	-0.404358	-0.399170	-1.047974
0.879822	-0.576477	-0.433960	-0.854797
0.954895	-0.753784	-0.454407	-0.650940
1.012878	-0.934753	-0.480042	-0.435181
1.051941	-1.114197	-0.527039	-0.220947
1.076660	-1.277466	-0.590210	-0.003662
1.087341	-1.429443	-0.666504	0.213318
1.086731	-1.574707	-0.766296	0.419617
1.070251	-1.730347	-0.882568	0.611267
1.031189	-1.885681	-1.019592	0.774536
0.967712	-2.021179	-1.169739	0.919189
0.899963	-2.131653	-1.314087	1.047363
0.832520	-2.219238	-1.443481	1.154480
0.755615	-2.260742	-1.555481	1.234741
0.667419	-2.247009	-1.658020	1.284180
0.571289	-2.192383	-1.749878	1.296692
0.475159	-2.108765	-1.832275	1.276550
0.376892	-2.001953	-1.903992	1.222839
0.283813	-1.871338	-1.945496	1.134644
0.197449	-1.718445	-1.945190	1.016541
0.107422	-1.546631	-1.895752	0.877991
0.019226	-1.368103	-1.793823	0.718079
-0.057068	-1.191406	-1.647949	0.532532
-0.129395	-1.019897	-1.466675	0.337524
-0.198975	-0.851135	-1.256409	0.147095
-0.263977	-0.685730	-1.008911	-0.055542
-0.319824	-0.520020	-0.724792	-0.265808
-0.360413	-0.348816	-0.407715	-0.460815
-0.390625	-0.180054	-0.066833	-0.638123
-0.417480	-0.013733	0.297241	-0.802612
-0.444946	0.162964	0.671387	-0.946350
-0.469666	0.347595	1.050110	-1.061707
-0.486450	0.531006	1.428833	-1.150818
-0.496216	0.705566	1.788025	-1.219788
-0.500183	0.873108	2.112427	-1.264648
-0.502014	1.030579	2.393494	-1.278076
-0.498657	1.174927	2.631531	-1.262512
-0.497131	1.310120	2.824707	-1.221924
-0.493469	1.434937	2.967834	-1.161194
-0.478821	1.542053	3.049622	-1.086426
-0.456543	1.631775	3.065491	-1.000977
-0.435791	1.701355	3.019714	-0.910950
-0.416260	1.734009	2.918091	-0.822144
-0.395813	1.730652	2.760620	-0.728455
-0.374451	1.701050	2.553406	-0.620117
-0.357971	1.637573	2.297974	-0.488586
-0.345154	1.541138	2.008667	-0.342407
-0.328979	1.428528	1.679993	-0.177917
-0.308228	1.301575	1.331787	0.000610
-0.283813	1.145325	0.971069	0.191956
-0.265808	0.957947	0.599365	0.391541
-0.250549	0.756226	0.221252	0.604858
-0.235291	0.549622	-0.146179	0.830078
-0.209656	0.336914	-0.491943	1.063232
-0.177612	0.126953	-0.815430	1.298523
-0.141296	-0.074158	-1.101074	1.534424
-0.096130	-0.270691	-1.343994	1.771240
-0.048218	-0.460205	-1.541748	2.000732
0.003357	-0.644226	-1.704102	2.200623
0.055542	-0.820618	-1.834106	2.358093
0.104980	-0.985413	-1.929321	2.487183
0.150452	-1.139526	-2.000427	2.583618
0.198059	-1.282349	-2.039795	2.636719
0.249023	-1.405945	-2.041931	2.647705
0.303650	-1.510315	-2.008667	2.615356
0.355225	-1.610107	-1.955872	2.540588
0.401306	-1.698914	-1.892090	2.410278
0.442810	-1.749268	-1.813660	2.230835
0.481262	-1.769714	-1.719666	2.015991
0.516968	-1.761169	-1.610107	1.760559
0.540466	-1.713562	-1.481323	1.466675
0.543213	-1.621399	-1.335144	1.148071
0.535583	-1.494751	-1.167603	0.818176
0.528259	-1.351318	-0.985413	0.488281
0.511780	-1.199951	-0.805359	0.160828
0.483704	-1.044617	-0.627136	-0.165405
0.447083	-0.892639	-0.452271	-0.489502
0.391846	-0.748596	-0.285645	-0.805664
0.326233	-0.610046	-0.126648	-1.119995
0.253601	-0.483093	0.025330	-1.433411
0.182800	-0.369263	0.160217	-1.719360
0.112000	-0.260925	0.271912	-1.954651
0.030518	-0.151367	0.366821	-2.142944
-0.054016	-0.031128	0.449829	-2.296448
-0.135498	0.097351	0.516357	-2.404175
-0.212097	0.231934	0.557861	-2.463989
-0.280457	0.381470	0.583801	-2.488098
-0.338745	0.547791	0.605774	-2.484436
-0.379028	0.730896	0.626526	-2.445374
-0.400696	0.922546	0.652161	-2.383728
-0.412598	1.124878	0.690308	-2.305908
-0.412292	1.337891	0.733032	-2.213745
-0.398254	1.560974	0.767822	-2.102356
-0.378418	1.790771	0.792847	-1.977234
-0.353088	2.021484	0.822754	-1.852112
-0.325012	2.252502	0.857239	-1.737671
-0.297852	2.478027	0.884399	-1.633301
-0.266113	2.689514	0.906372	-1.530151
-0.227356	2.876892	0.932922	-1.437378
-0.185852	3.024292	0.960388	-1.355286
-0.142822	3.101196	0.984192	-1.277161
-0.095520	3.111877	1.000977	-1.204834
-0.065002	3.087158	1.003723	-1.137390
-0.047607	3.031616	0.992432	-1.070862
-0.027771	2.924805	0.971680	-1.000671
-0.007324	2.772217	0.942078	-0.921021
0.007019	2.591248	0.898743	-0.826111
0.016785	2.383118	0.841980	-0.725708
0.025940	2.152710	0.769958	-0.612488
0.032043	1.886902	0.678406	-0.481873
0.036316	1.594543	0.588074	-0.349731
0.048523	1.275940	0.509949	-0.215454
0.056152	0.941467	0.444336	-0.073547
0.060425	0.603638	0.370483	0.070801
0.071106	0.276489	0.278931	0.208435
0.084839	-0.040894	0.173950	0.345764
0.092773	-0.343018	0.056458	0.498657
0.091248	-0.633545	-0.070190	0.663147
0.083008	-0.905457	-0.203552	0.823669
0.068054	-1.149597	-0.345459	0.984497
0.045166	-1.369934	-0.497437	1.148682
0.024414	-1.559448	-0.652161	1.304016
0.004883	-1.705933	-0.798950	1.455994
-0.008240	-1.825867	-0.937195	1.607666
-0.007324	-1.923218	-1.060486	1.759033
-0.000610	-1.980896	-1.159058	1.915894
0.001526	-1.992188	-1.236572	2.071838
0.008240	-1.955566	-1.295166	2.225342
0.017395	-1.872253	-1.323547	2.364807
0.016479	-1.739197	-1.311951	2.488708
0.010986	-1.553345	-1.262512	2.590332
0.010376	-1.337585	-1.186829	2.662354
0.003662	-1.101685	-1.106262	2.708740
-0.014343	-0.851135	-1.014099	2.720032
-0.038452	-0.603333	-0.888977	2.681274
-0.064392	-0.368347	-0.731201	2.586975
-0.097961	-0.148010	-0.563049	2.435913
-0.144348	0.058594	-0.390625	2.225647
-0.199280	0.249329	-0.216675	1.978760
-0.260315	0.419922	-0.045471	1.713257
-0.316467	0.574646	0.130310	1.427307
-0.369263	0.711975	0.312500	1.105347
-0.418091	0.834656	0.493469	0.752563
-0.459290	0.940857	0.660095	0.391541
-0.485229	1.031799	0.817566	0.027771
-0.500488	1.110535	0.977783	-0.334473
-0.504761	1.165771	1.150818	-0.696716
-0.503235	1.199341	1.336670	-1.054688
-0.495300	1.224060	1.526794	-1.395874
-0.477600	1.244202	1.710205	-1.716919
-0.452576	1.260071	1.877136	-2.004700
-0.420837	1.268616	2.025452	-2.246399
-0.391541	1.275024	2.146606	-2.438660
-0.368347	1.298218	2.238464	-2.583923
-0.344238	1.331787	2.292480	-2.682800
-0.314026	1.363831	2.299194	-2.732849
-0.268860	1.392517	2.260742	-2.748413
-0.213623	1.406250	2.189026	-2.728271
-0.150452	1.401367	2.091980	-2.664795
-0.081482	1.378784	1.959534	-2.561646
-0.013733	1.340027	1.787109	-2.414246
0.049133	1.289673	1.579285	-2.223511
0.109863	1.233826	1.347961	-1.991882
0.177307	1.170044	1.099243	-1.723938
0.246887	1.094360	0.835571	-1.431580
0.310364	1.006775	0.563660	-1.131897
0.377808	0.909119	0.285645	-0.820313
0.444336	0.796814	0.009155	-0.502319
0.504456	0.668640	-0.265198	-0.182190
0.554810	0.525513	-0.530396	0.118103
0.599976	0.373230	-0.778503	0.392761
0.638123	0.218506	-1.013794	0.645752
0.667725	0.056763	-1.230774	0.860291
0.678711	-0.120544	-1.435852	1.045837
0.666199	-0.308228	-1.618652	1.194458
0.627747	-0.516052	-1.791687	1.312866
0.573730	-0.734253	-1.949463	1.396484
0.513306	-0.955811	-2.088318	1.447144
0.449524	-1.183167	-2.209473	1.459351
0.388794	-1.407471	-2.304688	1.430969
0.334473	-1.620178	-2.364502	1.368103
0.290833	-1.811218	-2.383728	1.276245
0.262146	-1.984253	-2.373047	1.159973
0.240173	-2.145996	-2.336121	1.024170
0.227966	-2.290649	-2.270508	0.888977
0.220947	-2.407532	-2.178650	0.753479
0.219727	-2.482300	-2.062378	0.617981
0.223999	-2.503967	-1.919250	0.492859
0.229797	-2.478027	-1.751709	0.371094
0.230408	-2.409058	-1.567078	0.263367
0.223694	-2.291870	-1.371460	0.173035
0.205383	-2.129211	-1.168213	0.094299
0.171509	-1.929321	-0.958862	0.017090
0.124207	-1.696777	-0.756226	-0.058899
0.077515	-1.440735	-0.554504	-0.126343
0.032349	-1.174011	-0.348206	-0.184326
-0.023499	-0.907593	-0.141907	-0.238953
-0.091553	-0.647583	0.059509	-0.290527
-0.166321	-0.395203	0.242615	-0.335693
-0.247192	-0.151672	0.405579	-0.364075
-0.329895	0.082397	0.548401	-0.365601
-0.402832	0.302124	0.669556	-0.346680
-0.465088	0.503845	0.778809	-0.321655
-0.523682	0.685730	0.879211	-0.295715
-0.578918	0.845947	0.973511	-0.264893
-0.624695	0.985107	1.056824	-0.229797
-0.657043	1.102600	1.121826	-0.189209
-0.677490	1.192017	1.162109	-0.139465
-0.683594	1.258850	1.184998	-0.089722
-0.680847	1.304626	1.187744	-0.043030
-0.671387	1.332703	1.162109	-0.001831
-0.657959	1.342468	1.106567	0.029602
-0.636597	1.317139	1.030273	0.057068
-0.602112	1.254883	0.947266	0.082397
-0.557251	1.180725	0.856323	0.096436
-0.496216	1.100159	0.759277	0.094604
-0.422058	1.001892	0.656738	0.075378
-0.341187	0.887146	0.555420	0.043335
-0.256348	0.758667	0.465698	0.006409
-0.170288	0.608521	0.399475	-0.035095
-0.083618	0.448303	0.345459	-0.072327
-0.002441	0.284729	0.299988	-0.096130
0.080566	0.115051	0.274353	-0.102234
0.166016	-0.050049	0.273743	-0.086365
0.246582	-0.213013	0.293579	-0.049133
0.325317	-0.379639	0.321960	0.002441
0.399475	-0.549316	0.354004	0.063171
0.467224	-0.723877	0.383911	0.150452
0.531616	-0.901489	0.411072	0.269775
0.589294	-1.083679	0.441284	0.405579
0.637207	-1.265564	0.465698	0.537109
0.672913	-1.442566	0.475159	0.666199
0.693054	-1.620483	0.456848	0.793457
0.704041	-1.791382	0.407410	0.906982
0.700073	-1.956787	0.326233	1.008301
0.678711	-2.129211	0.214539	1.094360
0.649414	-2.278748	0.084534	1.154175
0.616760	-2.395325	-0.064392	1.187744
0.583191	-2.479858	-0.231628	1.194153
0.549316	-2.543030	-0.422974	1.183777
0.517273	-2.573853	-0.627441	1.157227
0.480652	-2.556152	-0.831909	1.118164
0.442505	-2.490845	-1.030273	1.062317
0.406494	-2.389526	-1.227417	0.982056
0.371094	-2.258606	-1.418152	0.890808
0.340881	-2.094421	-1.588135	0.797729
0.311584	-1.903381	-1.723938	0.700684
0.277710	-1.692200	-1.819153	0.594482
0.238342	-1.460571	-1.877441	0.473328
0.189209	-1.212463	-1.894531	0.344543
0.138855	-0.962219	-1.871643	0.224304
0.093384	-0.715637	-1.804504	0.116577
0.052185	-0.470276	-1.688538	0.004883
0.007019	-0.227661	-1.522827	-0.118408
-0.041809	0.007935	-1.317444	-0.252686
-0.086670	0.239563	-1.078796	-0.388489
-0.121460	0.472717	-0.810242	-0.515442
-0.153198	0.697632	-0.524292	-0.629578
-0.182190	0.917969	-0.228882	-0.734863
-0.211792	1.143494	0.072937	-0.831909
-0.239563	1.374207	0.371094	-0.927429
-0.261230	1.607361	0.654907	-1.018677
-0.272217	1.833496	0.914307	-1.105042
-0.281372	2.043457	1.147766	-1.188049
-0.291748	2.240295	1.354065	-1.267395
-0.296936	2.415161	1.526184	-1.352234
-0.296631	2.563477	1.659546	-1.437378
-0.299377	2.673645	1.744385	-1.518250
-0.298462	2.739868	1.784363	-1.590576
-0.292053	2.776794	1.782532	-1.645203
-0.283203	2.796936	1.742249	-1.679993
-0.278625	2.789001	1.664734	-1.699829
-0.282288	2.748108	1.549683	-1.696167
-0.292664	2.675171	1.398621	-1.658020
-0.305786	2.574158	1.222534	-1.583557
-0.317078	2.449951	1.029663	-1.477661
-0.325317	2.291565	0.818481	-1.352539
-0.336914	2.098999	0.594177	-1.206970
-0.344849	1.878967	0.369263	-1.030579
-0.348511	1.639709	0.160217	-0.820313
-0.348206	1.384583	-0.033569	-0.588379
-0.344849	1.121521	-0.220947	-0.346375
-0.334167	0.861511	-0.396729	-0.087891
-0.311279	0.609741	-0.562439	0.198975
-0.280457	0.379028	-0.709229	0.491333
-0.240784	0.150757	-0.838318	0.784302
-0.193176	-0.069580	-0.943604	1.067810
-0.143127	-0.278015	-1.027527	1.340332
-0.092163	-0.473328	-1.098022	1.597290
-0.035400	-0.655823	-1.157837	1.833801
0.026245	-0.838013	-1.201172	2.043457
0.086365	-1.019897	-1.229553	2.214966
0.143433	-1.190491	-1.235962	2.342224
0.196838	-1.351929	-1.214905	2.414856
0.242920	-1.506958	-1.173096	2.436523
0.284729	-1.653442	-1.115112	2.420959
0.319824	-1.789551	-1.038818	2.361755
0.343323	-1.900940	-0.942383	2.254944
0.356140	-1.986084	-0.832520	2.103882
0.358887	-2.052917	-0.707397	1.906433
0.352173	-2.099304	-0.573730	1.676025
0.339050	-2.135010	-0.427246	1.417847
0.320129	-2.163696	-0.273743	1.152954
0.295105	-2.176514	-0.112915	0.877075
0.252075	-2.162476	0.049744	0.591431
0.192566	-2.120361	0.207214	0.301514
0.128174	-2.058411	0.356140	0.020142
0.067444	-1.984253	0.492554	-0.239258
0.005798	-1.891785	0.614929	-0.476074
-0.061340	-1.774597	0.725708	-0.701294
-0.132141	-1.638489	0.823059	-0.912476
-0.199280	-1.483459	0.907898	-1.098633
-0.260010	-1.308289	0.979004	-1.254578
-0.309753	-1.118469	1.035461	-1.384888
-0.349121	-0.913391	1.083069	-1.488953
-0.384521	-0.693054	1.124878	-1.570740
-0.410461	-0.459900	1.169739	-1.630859
-0.426025	-0.209351	1.217651	-1.664734
-0.430603	0.053406	1.260681	-1.668701
-0.424500	0.323181	1.293030	-1.646729
-0.412598	0.601807	1.318970	-1.606445
-0.393677	0.885620	1.337280	-1.552429
-0.373230	1.172485	1.345825	-1.485901
-0.350037	1.453552	1.345215	-1.413574
-0.319214	1.720886	1.340027	-1.340637
-0.278625	1.968689	1.326294	-1.266785
-0.232849	2.189941	1.302795	-1.191406
-0.187073	2.382202	1.273193	-1.115723
-0.141907	2.544250	1.231079	-1.039734
-0.099792	2.666321	1.167908	-0.965881
-0.057983	2.733765	1.081848	-0.892639
-0.015869	2.748718	0.973511	-0.825195
0.018616	2.718506	0.854492	-0.768738
0.050964	2.644348	0.725403	-0.717468
0.084839	2.524414	0.586548	-0.666504
0.114746	2.372437	0.439453	-0.620728
0.138245	2.198181	0.286865	-0.577698
0.154419	2.003174	0.137329	-0.537109
0.170593	1.788940	-0.012512	-0.487366
0.187073	1.557617	-0.159302	-0.430908
