2020/1/9 9:21:56 40us
CH1			CH2			CH3			CH4
-0.006409	-0.002747	0.010071	-0.007019
-0.006104	-0.002747	0.010071	-0.007019
-0.006714	-0.003052	0.009766	-0.007019
-0.006104	-0.003357	0.009155	-0.007019
-0.006104	-0.003357	0.009460	-0.006714
-0.006104	-0.003662	0.009460	-0.007019
-0.006104	-0.003357	0.009460	-0.007019
-0.005798	-0.003967	0.009766	-0.007019
-0.006409	-0.004578	0.009460	-0.007019
-0.006104	-0.003967	0.009155	-0.006714
-0.006409	-0.004578	0.009155	-0.007019
-0.006104	-0.003967	0.009155	-0.007019
-0.006104	-0.004578	0.009155	-0.007629
-0.006104	-0.004578	0.009155	-0.007324
-0.006104	-0.004272	0.009460	-0.007629
-0.006104	-0.004272	0.009155	-0.007324
-0.006409	-0.004272	0.009155	-0.007019
-0.006409	-0.004578	0.008850	-0.007324
-0.006104	-0.004272	0.008850	-0.007629
-0.006104	-0.004272	0.008850	-0.007629
-0.006409	-0.004272	0.008850	-0.007324
-0.006409	-0.004578	0.009155	-0.007324
-0.006714	-0.003967	0.008850	-0.007324
-0.006409	-0.004272	0.009155	-0.007324
-0.006714	-0.004272	0.009155	-0.007629
-0.006714	-0.004272	0.009155	-0.007324
-0.006714	-0.004578	0.008850	-0.007935
-0.006714	-0.004272	0.009155	-0.007935
-0.006104	-0.004883	0.008850	-0.008240
-0.006714	-0.004883	0.008850	-0.007935
-0.006409	-0.004883	0.009155	-0.007935
-0.006714	-0.004883	0.009155	-0.007629
-0.007019	-0.004883	0.008850	-0.007935
-0.006714	-0.004883	0.008850	-0.008240
-0.006409	-0.004883	0.008850	-0.008850
-0.006409	-0.005493	0.008240	-0.008240
-0.007019	-0.005493	0.008545	-0.007935
-0.007324	-0.004883	0.008545	-0.007935
-0.006409	-0.005493	0.008240	-0.008850
-0.006409	-0.005493	0.008545	-0.007935
-0.006714	-0.005493	0.007629	-0.009460
-0.005798	-0.005188	0.007629	-0.008850
-0.007629	-0.005493	0.007935	-0.002747
-0.010681	-0.004883	0.008240	0.001221
-0.008240	-0.005493	0.009766	-0.025330
0.002747	-0.005798	0.011902	0.007324
-0.030518	-0.002441	0.010681	0.178223
-0.089417	0.002136	-0.001831	0.400391
-0.092468	-0.017090	0.014648	0.599976
-0.069885	-0.017090	0.069275	0.844421
0.028992	0.034180	0.049744	1.065369
0.213623	0.084839	-0.005798	1.187134
0.351257	0.064087	-0.103149	1.185608
0.432129	-0.028992	-0.212708	1.120605
0.478821	-0.083008	-0.262756	1.014404
0.476990	-0.137024	-0.317993	0.849609
0.444031	-0.257263	-0.394592	0.647888
0.409851	-0.411072	-0.441895	0.390930
0.419922	-0.586243	-0.464478	0.089417
0.409546	-0.657043	-0.337524	-0.212708
0.353394	-0.623779	-0.134583	-0.534363
0.253296	-0.523376	0.128174	-0.852051
0.193481	-0.441284	0.420532	-1.144104
0.173340	-0.314636	0.733337	-1.455078
0.183411	-0.140076	1.080627	-1.750488
0.252380	0.107727	1.430664	-2.069092
0.224609	0.431519	1.721497	-2.455444
0.116272	0.786133	1.981201	-2.768555
0.005493	1.119385	2.178040	-2.952271
-0.060425	1.423035	2.357788	-3.047180
-0.077515	1.720886	2.474365	-3.104553
-0.100403	1.956482	2.510071	-3.154907
-0.205383	2.217102	2.526550	-3.218994
-0.294189	2.480164	2.496338	-3.207092
-0.341492	2.708130	2.396851	-3.112488
-0.407715	2.893066	2.225037	-2.999268
-0.495300	2.911682	1.921997	-2.888794
-0.612793	2.867432	1.535645	-2.763062
-0.739136	2.891235	1.145020	-2.616272
-0.853271	2.840881	0.741272	-2.437439
-0.932617	2.695007	0.262146	-2.237854
-1.004028	2.451477	-0.318604	-2.026062
-1.028442	2.142944	-0.887451	-1.787415
-0.989380	1.797180	-1.364136	-1.515808
-0.939636	1.424866	-1.781921	-1.271667
-0.860596	0.980835	-2.175598	-1.053162
-0.757446	0.459595	-2.507019	-0.815735
-0.660095	-0.106201	-2.758179	-0.546875
-0.542908	-0.709534	-2.936707	-0.228882
-0.399170	-1.369934	-3.084106	0.088196
-0.248108	-2.033081	-3.197021	0.384216
-0.086365	-2.679749	-3.287964	0.733948
0.067139	-3.287964	-3.363037	1.115417
0.219421	-3.836365	-3.416138	1.494446
0.382080	-4.322815	-3.402100	1.861267
0.533447	-4.703979	-3.361511	2.220764
0.679626	-4.974976	-3.254395	2.557983
0.782776	-5.136108	-3.111267	2.916870
0.837097	-5.247803	-2.955933	3.293762
0.887756	-5.250549	-2.791443	3.659363
0.929871	-5.104065	-2.587891	3.972168
0.953674	-4.888611	-2.335510	4.254456
0.944824	-4.588318	-2.024536	4.495850
0.905762	-4.168396	-1.692505	4.679260
0.839844	-3.672485	-1.289673	4.791260
0.767212	-3.089294	-0.839233	4.822083
0.653076	-2.446289	-0.390320	4.798279
0.516357	-1.778870	0.066528	4.682312
0.360107	-1.076660	0.503845	4.422302
0.144958	-0.354919	0.918274	4.049683
-0.087585	0.336609	1.336060	3.551331
-0.321960	0.979004	1.722717	2.954712
-0.608215	1.573486	2.043457	2.296753
-0.897522	2.104187	2.288513	1.607971
-1.163635	2.539063	2.486572	0.929260
-1.400757	2.944641	2.666931	0.222168
-1.586914	3.306580	2.865601	-0.479736
-1.755981	3.571777	3.008118	-1.184692
-1.888733	3.800049	3.074951	-1.918640
-1.974792	3.988037	3.100281	-2.611084
-2.022705	4.059143	3.100586	-3.207703
-2.034302	4.012451	3.069763	-3.730164
-2.053223	3.906860	3.007813	-4.207458
-2.029114	3.761902	2.879944	-4.616089
-1.909485	3.564148	2.700195	-4.882813
-1.696167	3.340149	2.475281	-5.020142
-1.437988	3.093872	2.224121	-5.012817
-1.203308	2.841492	1.971130	-4.907227
-0.957031	2.588806	1.699829	-4.714966
-0.651550	2.353210	1.398926	-4.400330
-0.292664	2.111206	1.098022	-3.989868
0.086975	1.810608	0.842285	-3.510132
0.468750	1.420898	0.606079	-2.951660
0.823364	0.980835	0.372620	-2.353210
1.122131	0.567017	0.180359	-1.745911
1.373596	0.169678	0.025024	-1.138916
1.607361	-0.256042	-0.120850	-0.485535
1.795349	-0.696411	-0.243530	0.139160
1.947937	-1.120911	-0.332031	0.693970
2.072449	-1.492004	-0.382996	1.182861
2.140503	-1.807861	-0.416870	1.608276
2.182312	-2.136536	-0.435486	1.975098
2.201538	-2.461853	-0.465698	2.299194
2.196960	-2.774963	-0.505371	2.582703
2.161865	-3.019409	-0.582581	2.820740
2.076416	-3.221436	-0.702515	3.000488
1.914368	-3.409729	-0.819092	3.102722
1.720276	-3.519287	-0.964661	3.150330
1.521606	-3.533325	-1.151123	3.164368
1.285400	-3.509521	-1.343689	3.179016
1.026001	-3.411255	-1.567078	3.146362
0.760193	-3.217163	-1.839600	3.071289
0.484009	-2.956543	-2.116394	2.910767
0.241089	-2.644653	-2.417297	2.655029
-0.007019	-2.337952	-2.764893	2.314148
-0.225220	-2.062683	-3.093567	1.900330
-0.409546	-1.817932	-3.339233	1.437073
-0.594177	-1.592407	-3.508301	0.995178
-0.741577	-1.395874	-3.616333	0.531616
-0.854187	-1.208191	-3.631287	0.043335
-0.932922	-1.017456	-3.586426	-0.387878
-0.960388	-0.822144	-3.437195	-0.737610
-0.968018	-0.640869	-3.165894	-1.058655
-0.959473	-0.446167	-2.811584	-1.372986
-0.929565	-0.234680	-2.375183	-1.616821
-0.900879	-0.038757	-1.897278	-1.795959
-0.846252	0.171204	-1.405945	-1.943359
-0.782776	0.407715	-0.909424	-2.053833
-0.715637	0.620422	-0.443115	-2.102966
-0.634155	0.816040	-0.019226	-2.084351
-0.553894	0.997925	0.364990	-1.997375
-0.487061	1.157837	0.737305	-1.878662
-0.413818	1.288147	1.067810	-1.703796
-0.335083	1.357117	1.341248	-1.499939
-0.281067	1.364136	1.545715	-1.247559
-0.234985	1.353760	1.682129	-0.942383
-0.171509	1.306458	1.768494	-0.617371
-0.118408	1.235352	1.818237	-0.344238
-0.096130	1.170959	1.827393	-0.163574
-0.102234	1.075745	1.811218	-0.072937
-0.100403	0.958557	1.796875	-0.015869
-0.094299	0.844421	1.768188	0.054626
-0.116272	0.765076	1.713257	0.105591
-0.151367	0.713806	1.651001	0.131226
-0.192261	0.672302	1.584778	0.137634
-0.217285	0.662842	1.527405	0.181580
-0.215454	0.670166	1.502686	0.268860
-0.200195	0.657043	1.458130	0.342102
-0.197449	0.622559	1.379089	0.404358
-0.210571	0.574646	1.315918	0.437012
-0.238037	0.552063	1.278381	0.443115
-0.253906	0.550537	1.249695	0.437622
-0.253296	0.540161	1.204834	0.419922
-0.225220	0.504150	1.129761	0.417175
-0.202637	0.451050	1.050720	0.445862
-0.197144	0.395813	0.962524	0.483398
-0.210571	0.352478	0.872803	0.536499
-0.225830	0.316772	0.748596	0.615845
-0.227661	0.267944	0.602722	0.705872
-0.205688	0.198975	0.444336	0.842590
-0.159607	0.111389	0.271301	1.042480
-0.094910	-0.008240	0.116577	1.254578
-0.018921	-0.161133	-0.028381	1.461487
0.093079	-0.345459	-0.176086	1.660461
0.238342	-0.568542	-0.320740	1.856689
0.396118	-0.834045	-0.473022	2.048645
0.546570	-1.148987	-0.646362	2.220764
0.670776	-1.495056	-0.819702	2.343750
0.767517	-1.865540	-0.990601	2.386169
0.857544	-2.268372	-1.150208	2.350464
0.934753	-2.712097	-1.275635	2.237854
1.000061	-3.178101	-1.392822	2.064209
1.068420	-3.646851	-1.516113	1.844177
1.123047	-4.094849	-1.641846	1.578979
1.151733	-4.497986	-1.753540	1.281433
1.156006	-4.830627	-1.846313	0.976563
1.138000	-5.081787	-1.928711	0.674133
1.105957	-5.227661	-1.985474	0.404053
1.061401	-5.262756	-2.001038	0.195618
0.993347	-5.186462	-1.971436	0.041809
0.891724	-4.985962	-1.907654	-0.078430
0.760193	-4.656677	-1.813660	-0.183105
0.604248	-4.179993	-1.679077	-0.281982
0.423279	-3.566284	-1.487732	-0.382996
0.227051	-2.856445	-1.243591	-0.476074
0.039978	-2.076721	-0.942383	-0.555115
-0.128174	-1.218872	-0.569763	-0.632935
-0.269470	-0.299377	-0.151062	-0.704346
-0.393677	0.651855	0.309753	-0.764771
-0.509644	1.602783	0.791626	-0.813293
-0.616455	2.536926	1.248779	-0.864258
-0.691223	3.420715	1.679993	-0.912781
-0.744324	4.252319	2.083435	-0.967407
-0.792236	5.027161	2.450867	-1.032410
-0.832825	5.721436	2.785339	-1.115112
-0.855713	6.342468	3.070374	-1.235352
-0.865479	6.877136	3.286438	-1.372070
-0.856018	7.315063	3.428345	-1.517639
-0.840149	7.616882	3.473816	-1.679077
-0.831909	7.764282	3.447876	-1.845093
-0.839844	7.802124	3.369446	-2.021790
-0.843201	7.787170	3.236694	-2.206421
-0.816956	7.704163	3.039856	-2.369690
-0.769348	7.513123	2.769165	-2.498779
-0.715027	7.218628	2.424622	-2.569275
-0.666504	6.849976	2.041626	-2.581787
-0.601807	6.390991	1.629333	-2.538452
-0.518494	5.843201	1.176758	-2.427673
-0.428772	5.197754	0.701294	-2.264404
-0.339661	4.439697	0.233459	-2.056580
-0.246582	3.608398	-0.213928	-1.775818
-0.151672	2.746277	-0.635681	-1.456909
-0.066833	1.864624	-1.044922	-1.131897
0.009766	0.980835	-1.432190	-0.787964
0.081482	0.097656	-1.810608	-0.386963
0.162048	-0.765076	-2.149353	0.068359
0.259705	-1.586914	-2.434387	0.530701
0.372620	-2.342224	-2.663269	0.975952
0.482483	-3.037415	-2.821045	1.416626
0.592346	-3.679810	-2.913818	1.842041
0.707092	-4.228516	-2.939453	2.247925
0.822449	-4.687805	-2.892761	2.654724
0.931396	-5.024109	-2.782898	3.036194
1.013184	-5.246277	-2.618408	3.364563
1.058350	-5.515137	-2.404480	3.616943
1.053467	-5.706787	-2.155457	3.795166
1.022034	-5.668335	-1.891785	3.904114
0.976563	-5.466919	-1.609802	3.923645
0.901794	-5.182800	-1.312256	3.859863
0.800171	-4.726257	-1.025085	3.724365
0.655823	-4.079285	-0.735168	3.508301
0.496826	-3.340759	-0.431519	3.212891
0.330200	-2.576294	-0.223694	2.877197
0.138855	-1.832275	-0.093994	2.500000
-0.029907	-1.150513	0.059814	2.085266
-0.212402	-0.527649	0.257568	1.668701
-0.421753	-0.000610	0.448608	1.281128
-0.612488	0.416870	0.596008	0.808105
-0.791016	0.732117	0.697937	0.284119
-0.937500	0.946960	0.757141	-0.162964
-1.031799	1.064148	0.824280	-0.539856
-1.096802	1.081848	0.915833	-0.989075
-1.112671	1.084290	1.075745	-1.496887
-1.106873	1.045227	1.264954	-1.943054
-1.101074	0.889587	1.457214	-2.363281
-1.066284	0.745239	1.651306	-2.798157
-1.012573	0.600891	1.853638	-3.149109
-0.915833	0.445557	2.077942	-3.382263
-0.783386	0.325317	2.285767	-3.541870
-0.637512	0.230103	2.474365	-3.670654
-0.514221	0.171814	2.605591	-3.736267
-0.382996	0.148010	2.665405	-3.720398
-0.253906	0.132751	2.646179	-3.617859
-0.184021	0.157471	2.589722	-3.441467
-0.121155	0.245667	2.502441	-3.233337
-0.035095	0.353394	2.353516	-3.005066
0.051880	0.534668	2.151794	-2.782593
0.131531	0.765686	1.917725	-2.595825
0.206909	0.940247	1.677856	-2.420349
0.303650	1.049194	1.424561	-2.198486
0.366211	1.141968	1.174011	-1.927795
0.383301	1.257019	0.933228	-1.662292
0.404358	1.407776	0.740662	-1.390991
0.432129	1.550903	0.596313	-1.071167
0.473633	1.678772	0.479431	-0.686035
0.516968	1.776123	0.389099	-0.331116
0.533752	1.826477	0.273132	-0.007935
0.530090	1.857605	0.142517	0.339050
0.495911	1.848450	0.039673	0.690002
0.448608	1.784058	-0.062866	0.970459
0.400085	1.696777	-0.169983	1.162109
0.361023	1.610718	-0.304871	1.297607
0.335999	1.507263	-0.461426	1.394043
0.287170	1.401672	-0.629883	1.446533
0.224304	1.312561	-0.828552	1.441956
0.161133	1.239624	-1.042175	1.419373
0.097656	1.169434	-1.281128	1.387939
0.056763	1.099243	-1.543274	1.328430
0.028076	0.995789	-1.819763	1.301270
0.018005	0.840454	-2.072449	1.298828
0.019531	0.665894	-2.275696	1.306763
0.031738	0.498352	-2.439270	1.338806
0.086060	0.339966	-2.568054	1.373291
0.162048	0.166931	-2.668762	1.442566
0.261536	-0.031738	-2.752075	1.572571
0.352783	-0.238342	-2.797241	1.702271
0.429077	-0.406189	-2.779236	1.802979
0.505371	-0.523987	-2.713013	1.899109
0.574341	-0.622559	-2.559814	1.993103
0.629883	-0.737610	-2.321472	2.071228
0.684204	-0.867310	-2.064209	2.152405
0.734863	-1.026611	-1.796875	2.239075
0.756226	-1.203003	-1.525879	2.293396
0.742493	-1.376953	-1.252136	2.283325
0.704041	-1.544495	-0.977478	2.195435
0.657959	-1.708069	-0.723267	2.050476
0.614929	-1.875610	-0.503540	1.892395
0.537720	-2.017517	-0.285339	1.720886
0.419312	-2.109985	-0.086060	1.526489
0.285950	-2.151489	0.055847	1.317444
0.153809	-2.112122	0.154724	1.087952
0.025635	-1.969299	0.222473	0.830688
-0.101624	-1.782837	0.285339	0.551147
-0.221863	-1.572266	0.369568	0.273132
-0.356140	-1.308594	0.500183	0.007935
-0.505676	-0.993347	0.677185	-0.257568
-0.659485	-0.636292	0.901489	-0.548706
-0.791626	-0.255737	1.165466	-0.818176
-0.894165	0.156555	1.442871	-1.037598
-0.974731	0.591736	1.720886	-1.237488
-1.042175	1.010437	1.990051	-1.408386
-1.111450	1.405334	2.221375	-1.537170
-1.171875	1.776428	2.435608	-1.637268
-1.213684	2.102051	2.664185	-1.718445
-1.213074	2.386169	2.884216	-1.789856
-1.168823	2.614746	3.078003	-1.860962
-1.083984	2.733154	3.223267	-1.925659
-0.957031	2.774048	3.305054	-1.952209
-0.815735	2.769470	3.360291	-1.923523
-0.653992	2.705688	3.389893	-1.863403
-0.480652	2.596741	3.373108	-1.766052
-0.301208	2.449951	3.313293	-1.627502
-0.112305	2.285461	3.200073	-1.441956
0.065613	2.102051	3.049927	-1.201782
0.229492	1.885071	2.836609	-0.906677
0.388489	1.622009	2.562866	-0.585327
0.536194	1.302795	2.260437	-0.253601
0.675659	0.942993	1.940308	0.068054
0.799561	0.529480	1.592407	0.398560
0.914612	0.086365	1.186523	0.718994
1.000366	-0.369568	0.742493	0.989380
1.045227	-0.851440	0.273743	1.232300
1.049500	-1.348267	-0.193176	1.455688
1.015015	-1.866150	-0.638428	1.648865
0.972290	-2.396240	-1.075134	1.808167
0.926819	-2.934875	-1.516418	1.945496
0.855408	-3.495483	-1.948547	2.052307
0.781250	-4.036865	-2.357178	2.106018
0.696106	-4.539795	-2.725525	2.104492
0.611267	-5.057983	-3.054199	2.063599
0.537415	-5.555420	-3.343506	1.990356
0.462646	-5.939636	-3.586426	1.892395
0.404053	-6.199951	-3.779602	1.791077
0.362244	-6.370239	-3.914490	1.684265
0.320129	-6.389771	-3.999023	1.567383
0.270996	-6.181641	-4.014587	1.467896
0.227661	-5.770569	-3.947754	1.359253
0.198364	-5.211182	-3.843689	1.244202
0.148621	-4.523926	-3.716125	1.116333
0.096436	-3.727112	-3.508911	0.964661
0.049438	-2.866516	-3.185120	0.781860
-0.003662	-1.989136	-2.783203	0.595703
-0.053711	-1.112671	-2.341309	0.357361
-0.122070	-0.228882	-1.900940	0.062561
-0.194092	0.639343	-1.493530	-0.218506
-0.261230	1.464233	-1.091309	-0.442810
-0.337524	2.217712	-0.672913	-0.682373
-0.409546	2.916260	-0.227661	-0.975342
-0.479736	3.540955	0.220032	-1.242981
-0.551758	4.079895	0.633850	-1.458740
-0.585632	4.549561	1.012878	-1.637573
-0.595398	4.916992	1.361084	-1.777039
-0.587463	5.157471	1.705017	-1.864319
-0.565796	5.298157	2.040100	-1.930542
-0.531616	5.337219	2.347717	-1.996155
-0.504150	5.278625	2.616272	-2.044373
-0.468140	5.148315	2.828369	-2.060852
-0.418091	4.958801	2.976685	-2.063293
-0.395203	4.691772	3.073425	-2.058411
-0.382996	4.408875	3.094788	-2.058105
-0.363464	4.104309	3.013000	-2.044678
-0.362549	3.795166	2.838745	-2.043152
-0.354004	3.486633	2.590027	-2.077332
-0.329895	3.132629	2.285156	-2.110901
-0.274963	2.736206	1.949463	-2.134399
-0.215149	2.325439	1.598511	-2.157288
-0.190430	1.912537	1.235046	-2.153625
-0.177612	1.498718	0.866699	-2.113037
-0.162354	1.097107	0.494080	-2.002869
-0.115967	0.725708	0.117188	-1.795654
-0.050659	0.385437	-0.217896	-1.522217
0.009460	0.059814	-0.498962	-1.211243
0.061951	-0.225525	-0.724792	-0.860596
0.113831	-0.456238	-0.861816	-0.461426
0.151062	-0.654602	-0.939941	-0.024414
0.181885	-0.839539	-0.965576	0.411682
0.214539	-0.985413	-0.917664	0.847473
0.254822	-1.114502	-0.801392	1.271362
0.296936	-1.221924	-0.638733	1.659546
0.325012	-1.312561	-0.441284	2.003784
0.327759	-1.390076	-0.234375	2.289429
0.303040	-1.464233	-0.043640	2.534485
0.263672	-1.533813	0.131531	2.717896
0.204163	-1.595764	0.271301	2.843628
0.130920	-1.644897	0.361938	2.901611
0.061951	-1.679993	0.410156	2.888489
0.000916	-1.692810	0.410461	2.822266
-0.032959	-1.680298	0.372925	2.699890
-0.044861	-1.665039	0.296326	2.504272
-0.029602	-1.657715	0.180664	2.270203
0.003357	-1.653442	0.032654	2.019348
0.031738	-1.622925	-0.128174	1.753845
0.063782	-1.575012	-0.289307	1.487122
0.108643	-1.522522	-0.438232	1.229553
0.162048	-1.473999	-0.556946	0.990295
0.215454	-1.438904	-0.637207	0.797729
0.268250	-1.419678	-0.693970	0.648804
0.300293	-1.408386	-0.722046	0.527954
0.296326	-1.399841	-0.715332	0.409851
0.269165	-1.382446	-0.675659	0.281372
0.228882	-1.370850	-0.597229	0.146790
0.174255	-1.362915	-0.479736	0.008850
0.106506	-1.352844	-0.337219	-0.125732
0.014038	-1.340942	-0.160828	-0.263367
-0.087280	-1.305542	0.011292	-0.400085
-0.191650	-1.226501	0.170288	-0.527954
-0.296021	-1.083984	0.320740	-0.650024
-0.392761	-0.872803	0.463867	-0.765381
-0.474243	-0.619202	0.596924	-0.863647
-0.549011	-0.321655	0.720520	-0.944824
-0.608826	0.035095	0.842896	-1.022949
-0.650940	0.444031	0.963440	-1.102905
-0.656738	0.874634	1.069641	-1.195984
-0.634460	1.311340	1.159058	-1.303711
-0.604553	1.749878	1.223450	-1.427612
-0.574341	2.173462	1.258240	-1.563110
-0.559998	2.593079	1.244507	-1.706543
-0.561523	3.016663	1.183167	-1.881714
-0.569763	3.422241	1.097107	-2.077637
-0.575867	3.783569	0.994263	-2.287292
-0.579529	4.103699	0.876160	-2.497253
-0.583496	4.342041	0.749207	-2.696228
-0.593872	4.458313	0.605469	-2.885437
-0.616150	4.471130	0.448608	-3.056030
-0.620117	4.413757	0.300293	-3.187866
-0.603333	4.276733	0.160828	-3.278503
-0.578613	4.063110	0.028687	-3.320923
-0.530090	3.801880	-0.095825	-3.296509
-0.468445	3.518982	-0.206604	-3.202209
-0.395203	3.213196	-0.302429	-3.037720
-0.309753	2.878723	-0.411377	-2.801514
-0.210266	2.516479	-0.525208	-2.496948
-0.101929	2.140198	-0.624695	-2.139282
0.015869	1.756287	-0.700378	-1.737671
0.154114	1.374207	-0.759277	-1.300964
0.315247	0.997314	-0.819702	-0.852966
0.491028	0.613403	-0.890808	-0.396729
0.667725	0.219116	-0.975952	0.081482
0.830994	-0.195923	-1.065063	0.570374
0.968018	-0.610657	-1.179199	1.018982
1.085205	-1.025391	-1.309204	1.430359
1.162415	-1.427917	-1.452637	1.804810
1.200867	-1.824036	-1.605225	2.114868
1.215515	-2.183533	-1.767883	2.356567
1.211853	-2.507629	-1.919556	2.542725
1.186218	-2.786865	-2.056274	2.672424
1.136475	-3.022766	-2.184448	2.747498
1.065674	-3.228149	-2.294006	2.757263
0.979614	-3.405151	-2.369995	2.711487
0.884094	-3.588562	-2.415771	2.609253
0.759583	-3.791199	-2.422791	2.458191
0.622559	-3.937683	-2.384644	2.276611
0.478210	-3.999634	-2.307739	2.079468
0.323792	-4.015503	-2.197876	1.862488
0.159912	-3.981018	-2.063904	1.624756
-0.008240	-3.888245	-1.908264	1.368408
-0.180664	-3.752747	-1.725159	1.087036
-0.348206	-3.582764	-1.528931	0.780640
-0.527344	-3.381348	-1.334534	0.461121
-0.708313	-3.146057	-1.126099	0.123901
-0.867004	-2.880554	-0.864258	-0.228271
-0.999756	-2.592468	-0.544434	-0.571899
-1.102600	-2.273254	-0.204163	-0.920410
-1.182861	-1.927795	0.127258	-1.285706
-1.243896	-1.549377	0.439453	-1.614685
-1.265869	-1.127319	0.735168	-1.855774
-1.248779	-0.688477	1.044312	-2.019958
-1.200256	-0.250854	1.380310	-2.154541
-1.110229	0.186462	1.745300	-2.240295
-0.989685	0.601807	2.105408	-2.260437
-0.849915	0.994263	2.447815	-2.234802
-0.688477	1.373596	2.770386	-2.167053
-0.518799	1.701965	3.067017	-2.056274
-0.355225	1.976624	3.319092	-1.904602
-0.203247	2.211914	3.520203	-1.718445
-0.064392	2.410583	3.665161	-1.495361
0.051575	2.540894	3.737793	-1.225281
0.156555	2.602539	3.738708	-0.923157
0.231323	2.616882	3.680725	-0.611572
0.281677	2.601013	3.565674	-0.292969
0.322876	2.530518	3.377686	0.024414
0.358582	2.390442	3.106689	0.328369
0.375671	2.213135	2.776794	0.613098
0.370789	1.984253	2.413025	0.850830
0.362244	1.701660	2.004700	1.043396
0.363464	1.384888	1.555786	1.188965
0.349731	1.038208	1.101685	1.284485
0.326538	0.674133	0.661621	1.347656
0.301514	0.307312	0.231018	1.406555
0.272522	-0.053406	-0.207214	1.454773
0.248413	-0.394897	-0.649719	1.488647
0.231628	-0.722046	-1.086121	1.500244
0.228271	-1.025696	-1.505127	1.511230
0.238342	-1.314087	-1.888428	1.527100
0.260925	-1.586914	-2.219238	1.534424
0.280762	-1.845398	-2.500000	1.542053
0.287476	-2.104492	-2.739563	1.551514
0.293274	-2.345276	-2.949219	1.555481
0.304565	-2.550659	-3.123169	1.568604
0.321045	-2.724915	-3.262634	1.581116
0.329590	-2.891846	-3.358765	1.571960
0.321350	-3.007813	-3.394775	1.557007
0.302124	-3.034973	-3.366394	1.528931
0.290222	-2.990417	-3.280945	1.484985
0.285034	-2.903748	-3.147583	1.429749
0.284729	-2.756653	-2.960510	1.362610
0.288696	-2.531433	-2.724915	1.279297
0.314941	-2.252197	-2.443237	1.175842
0.356140	-1.938477	-2.146301	1.058044
0.393982	-1.613464	-1.848450	0.933228
0.430603	-1.299744	-1.534729	0.799255
0.467834	-0.991211	-1.208496	0.675659
0.492554	-0.679321	-0.902710	0.572815
0.504456	-0.360107	-0.631409	0.450134
0.504456	-0.051270	-0.399780	0.313110
0.498352	0.213623	-0.216370	0.207825
0.491943	0.420837	-0.055542	0.137939
0.470581	0.565796	0.087891	0.037231
0.425110	0.674744	0.219116	-0.104065
0.358582	0.740051	0.328979	-0.252686
0.283203	0.758057	0.419006	-0.419312
0.203857	0.751648	0.493774	-0.599060
0.121765	0.711060	0.578613	-0.762329
0.029297	0.655212	0.681763	-0.896301
-0.070190	0.602112	0.774536	-1.004944
-0.175476	0.550232	0.864563	-1.104126
-0.274353	0.519714	0.955505	-1.185303
-0.362244	0.521240	1.046143	-1.248779
-0.444641	0.545654	1.144714	-1.300354
-0.529785	0.601501	1.250610	-1.346741
-0.611267	0.684204	1.351318	-1.385803
-0.677185	0.769958	1.431885	-1.416931
-0.726013	0.873108	1.489258	-1.450500
-0.753479	0.989990	1.531067	-1.485596
-0.760193	1.104126	1.565247	-1.520081
-0.751648	1.208496	1.587219	-1.551208
-0.741272	1.309204	1.585388	-1.562805
-0.736084	1.412964	1.551819	-1.552734
-0.720215	1.506653	1.500549	-1.515503
-0.677490	1.573181	1.436768	-1.453247
-0.612183	1.605835	1.360779	-1.372070
-0.538940	1.586609	1.281433	-1.290894
-0.454407	1.487122	1.181030	-1.197510
-0.361938	1.332397	1.061096	-1.075134
-0.274963	1.144104	0.942383	-0.927429
-0.194702	0.921021	0.826721	-0.778198
-0.124817	0.684204	0.718384	-0.632324
-0.059204	0.448608	0.609131	-0.476074
0.005493	0.210266	0.495605	-0.301208
0.055542	-0.040283	0.383911	-0.098267
0.094604	-0.314331	0.253906	0.137939
0.122681	-0.612793	0.100403	0.399780
0.145569	-0.928650	-0.065308	0.674744
0.166931	-1.249084	-0.229797	0.947571
0.189209	-1.578674	-0.402527	1.228638
0.230713	-1.919250	-0.592957	1.499329
0.280151	-2.268982	-0.797119	1.745911
0.327148	-2.631531	-1.009521	1.982422
0.375977	-2.973938	-1.209717	2.198181
0.423889	-3.269348	-1.393127	2.386475
0.475159	-3.508301	-1.561890	2.562256
0.518494	-3.675537	-1.722717	2.724609
0.548401	-3.742981	-1.861572	2.853699
0.577087	-3.684082	-1.954346	2.931824
0.596924	-3.519592	-1.974182	2.950134
0.608826	-3.278503	-1.943054	2.924194
0.612488	-2.971191	-1.884766	2.868042
0.604858	-2.618103	-1.791382	2.781677
0.581970	-2.229919	-1.658020	2.661438
0.543213	-1.810303	-1.489563	2.503357
0.488281	-1.374817	-1.293030	2.290955
0.409241	-0.919189	-1.080322	2.042847
0.319824	-0.460815	-0.872192	1.788635
0.222778	-0.017090	-0.659485	1.538391
0.108337	0.412903	-0.435181	1.251526
-0.021057	0.822754	-0.201721	0.925598
-0.159302	1.184082	0.029907	0.582581
-0.297241	1.508484	0.261536	0.208130
-0.427856	1.812744	0.493774	-0.183411
-0.556030	2.080994	0.722656	-0.559692
-0.677185	2.325745	0.960083	-0.932007
-0.777588	2.545471	1.198730	-1.299438
-0.857239	2.745972	1.425171	-1.660767
-0.913696	2.914734	1.622009	-2.005310
-0.951843	3.049316	1.775818	-2.318115
-0.980225	3.153687	1.893616	-2.594604
-0.999146	3.235779	1.983643	-2.830200
-0.996399	3.304138	2.034912	-3.037109
-0.965881	3.354492	2.055664	-3.219299
-0.917969	3.372498	2.057495	-3.377991
-0.845032	3.372803	2.030334	-3.507996
-0.747375	3.354797	1.983948	-3.594971
-0.622253	3.312378	1.916199	-3.638306
-0.485229	3.244934	1.823120	-3.624573
-0.346985	3.157043	1.708679	-3.541565
-0.202637	3.049011	1.583252	-3.376770
-0.065918	2.917786	1.454163	-3.121338
0.068970	2.773132	1.318359	-2.772522
0.209656	2.602539	1.180420	-2.364502
0.349731	2.409973	1.034241	-1.903687
0.491028	2.207947	0.884399	-1.392822
0.620728	1.981506	0.744324	-0.840454
0.726624	1.724243	0.605774	-0.281067
0.804443	1.448364	0.469360	0.263062
0.862122	1.173401	0.342102	0.795593
0.919495	0.922852	0.227356	1.311951
0.959167	0.684509	0.121155	1.772156
0.965576	0.461731	0.026245	2.158508
0.930786	0.256042	-0.057068	2.482910
0.858765	0.061035	-0.152283	2.738953
0.764465	-0.129700	-0.265198	2.925110
0.649109	-0.335083	-0.397949	3.049622
0.533752	-0.563354	-0.535278	3.106384
0.425110	-0.807190	-0.675354	3.086853
0.324097	-1.054077	-0.814209	2.999573
0.230713	-1.296387	-0.948486	2.844238
0.141296	-1.542664	-1.085815	2.630615
0.057373	-1.801758	-1.238098	2.377930
-0.026245	-2.054443	-1.399231	2.103271
-0.103149	-2.266846	-1.560364	1.805420
-0.170593	-2.434082	-1.708069	1.484070
-0.226440	-2.549744	-1.828308	1.152344
-0.268250	-2.628784	-1.906738	0.822144
-0.302124	-2.693176	-1.934814	0.512695
-0.327759	-2.738953	-1.915588	0.231934
-0.357056	-2.757874	-1.851196	-0.021057
-0.393372	-2.743835	-1.746521	-0.251465
-0.432434	-2.687683	-1.611938	-0.459595
-0.460510	-2.597046	-1.437683	-0.633545
-0.472107	-2.469482	-1.231689	-0.761414
-0.480042	-2.304993	-1.005249	-0.852661
-0.484619	-2.106628	-0.765076	-0.915222
-0.482788	-1.868591	-0.518799	-0.946655
-0.476990	-1.589355	-0.265503	-0.944214
-0.466309	-1.276550	-0.009155	-0.917358
-0.444946	-0.932312	0.249939	-0.878296
-0.413818	-0.586548	0.508728	-0.826721
-0.379944	-0.255432	0.772705	-0.771179
-0.346375	0.070801	1.043701	-0.710754
-0.314941	0.383606	1.309814	-0.648804
-0.281982	0.676270	1.552124	-0.581360
-0.251770	0.950928	1.760254	-0.511169
-0.224915	1.213989	1.935730	-0.453186
-0.204773	1.441345	2.062073	-0.415344
-0.198364	1.643066	2.124329	-0.393066
-0.200806	1.831360	2.127075	-0.387573
-0.209045	1.995544	2.086487	-0.402222
-0.215454	2.140808	2.014465	-0.443115
-0.217285	2.251587	1.910400	-0.510559
-0.218506	2.307129	1.777954	-0.601501
-0.224915	2.307129	1.619568	-0.714111
-0.239258	2.267151	1.442871	-0.835571
-0.257263	2.187805	1.253662	-0.955811
-0.278625	2.066956	1.058350	-1.077576
-0.297852	1.915588	0.864258	-1.194763
-0.302124	1.747742	0.673828	-1.293335
-0.289917	1.567688	0.489807	-1.359863
-0.264282	1.377258	0.300293	-1.390381
-0.231018	1.177979	0.098572	-1.387939
-0.186768	0.976257	-0.097961	-1.362610
-0.124207	0.769043	-0.277100	-1.307068
-0.046387	0.550842	-0.431213	-1.210327
0.049438	0.312195	-0.564880	-1.079102
0.155640	0.068970	-0.683289	-0.928955
0.261536	-0.179443	-0.786438	-0.756836
0.355225	-0.428162	-0.870667	-0.559692
0.439148	-0.668945	-0.938416	-0.345154
0.516052	-0.903320	-0.997314	-0.126953
0.582581	-1.138306	-1.050720	0.095215
0.634460	-1.376038	-1.100159	0.314331
0.679932	-1.611633	-1.141052	0.513611
0.721436	-1.838989	-1.172791	0.688477
0.759277	-2.060242	-1.208496	0.842590
0.800171	-2.265320	-1.253357	0.978394
0.840149	-2.456055	-1.308899	1.104126
0.874939	-2.653809	-1.380920	1.217346
0.895081	-2.857056	-1.466980	1.318665
0.892029	-3.026428	-1.559143	1.405334
0.871582	-3.151855	-1.645508	1.482544
0.849609	-3.239136	-1.719971	1.550903
0.828552	-3.276978	-1.784973	1.609497
0.798035	-3.239136	-1.835938	1.647034
0.747375	-3.128967	-1.861267	1.653442
0.680237	-2.980347	-1.859741	1.628723
0.603638	-2.799988	-1.837463	1.573181
0.519104	-2.590942	-1.783447	1.474609
0.422974	-2.352600	-1.676331	1.338196
0.313721	-2.086792	-1.520386	1.180420
0.196228	-1.801147	-1.333618	0.995483
0.074768	-1.496887	-1.116333	0.773621
-0.042725	-1.176147	-0.872192	0.538330
-0.156250	-0.841370	-0.605164	0.312805
-0.260925	-0.500793	-0.309753	0.091248
-0.354309	-0.148010	0.023193	-0.135193
-0.433044	0.215759	0.390015	-0.348206
-0.499268	0.575562	0.772705	-0.544128
-0.554199	0.930481	1.158447	-0.733643
-0.593262	1.281738	1.535339	-0.904846
-0.618286	1.617126	1.897583	-1.041260
-0.629578	1.935425	2.235107	-1.146851
-0.632324	2.224121	2.528687	-1.231689
-0.627136	2.478333	2.768860	-1.296997
-0.610962	2.700806	2.946472	-1.333618
-0.584106	2.880859	3.054810	-1.345520
-0.566406	3.012085	3.100586	-1.336975
-0.554504	3.086853	3.084717	-1.321106
-0.535583	3.085022	2.995911	-1.297302
-0.502930	3.034973	2.834473	-1.272583
-0.467529	2.955933	2.615051	-1.259460
-0.431213	2.817078	2.353210	-1.254578
-0.389709	2.613831	2.061462	-1.252747
-0.350342	2.374268	1.743469	-1.241760
-0.329590	2.123413	1.412048	-1.216431
-0.307617	1.856689	1.078796	-1.175232
-0.283203	1.565857	0.733337	-1.093750
-0.251160	1.252747	0.390625	-0.960388
-0.205994	0.926208	0.076294	-0.787354
-0.152588	0.593872	-0.211792	-0.574951
-0.089417	0.246277	-0.495605	-0.324402
-0.017395	-0.098267	-0.761108	-0.067749
0.063477	-0.450439	-1.008911	0.216675
0.151978	-0.794678	-1.231079	0.532532
0.245056	-1.121216	-1.412659	0.867310
0.332336	-1.427307	-1.562805	1.197205
0.415344	-1.705933	-1.683350	1.516418
0.485535	-1.949768	-1.779785	1.827698
0.543213	-2.154846	-1.859436	2.111206
0.587463	-2.300110	-1.913147	2.355347
0.615540	-2.425537	-1.933899	2.554321
0.628052	-2.523804	-1.930847	2.707214
0.627136	-2.561646	-1.905212	2.818909
0.621948	-2.545166	-1.855469	2.874146
0.615234	-2.481384	-1.792908	2.872925
0.615845	-2.359314	-1.720886	2.812195
0.609436	-2.163086	-1.633606	2.692261
0.585938	-1.903076	-1.520691	2.528687
0.553284	-1.606750	-1.403198	2.333069
0.510254	-1.286621	-1.296997	2.095642
0.461121	-0.950012	-1.184692	1.811218
0.407410	-0.620422	-1.047668	1.481934
0.342407	-0.323486	-0.878296	1.127014
0.274353	-0.070496	-0.698242	0.747375
0.192261	0.141602	-0.534363	0.344238
0.091248	0.303650	-0.393982	-0.061646
-0.019531	0.414429	-0.262146	-0.453186
-0.130920	0.480957	-0.135193	-0.843201
-0.237732	0.519104	-0.010986	-1.236572
-0.333557	0.529175	0.097961	-1.608276
-0.421448	0.512085	0.180969	-1.936951
-0.501404	0.490112	0.248718	-2.217102
-0.572510	0.469360	0.307617	-2.440491
-0.628357	0.449524	0.369568	-2.601929
-0.668030	0.457153	0.436707	-2.713318
-0.691528	0.497742	0.509644	-2.785034
-0.695190	0.566101	0.590820	-2.814941
-0.682373	0.668030	0.677795	-2.805786
-0.654297	0.791626	0.768433	-2.767944
-0.622864	0.930786	0.872803	-2.701721
-0.582275	1.090698	0.987854	-2.608032
-0.520630	1.267700	1.087952	-2.481689
-0.448914	1.463013	1.159363	-2.338257
-0.364990	1.676941	1.213379	-2.199402
-0.280151	1.888123	1.259155	-2.062988
-0.194702	2.096252	1.298523	-1.918640
-0.110168	2.301025	1.323242	-1.765442
-0.041809	2.484436	1.331787	-1.612244
0.012817	2.646484	1.325989	-1.445007
0.060425	2.774658	1.310730	-1.264954
0.105286	2.871094	1.288757	-1.075439
0.145569	2.926025	1.260071	-0.884094
0.172119	2.908020	1.231079	-0.708313
0.188599	2.835083	1.196289	-0.541077
0.190735	2.735596	1.159363	-0.372009
0.183411	2.599792	1.115112	-0.205078
0.165710	2.430725	1.056824	-0.046692
0.137634	2.243958	0.985718	0.105286
0.113525	2.050171	0.901489	0.253906
0.099792	1.849670	0.806580	0.391541
0.087280	1.634827	0.688171	0.527344
0.068359	1.394043	0.544739	0.659180
0.045471	1.122437	0.384827	0.787048
0.026855	0.830078	0.215149	0.914917
0.012817	0.527344	0.029907	1.040955
0.002136	0.213318	-0.179138	1.148987
-0.009155	-0.103455	-0.401611	1.238708
-0.015869	-0.417175	-0.635376	1.329041
-0.010071	-0.711365	-0.863647	1.416321
0.006714	-0.983276	-1.067810	1.481323
0.029297	-1.236267	-1.244202	1.527405
0.052185	-1.462097	-1.394958	1.567383
0.079956	-1.647949	-1.521606	1.599426
0.121765	-1.792297	-1.613770	1.622009
0.166626	-1.900635	-1.657104	1.636047
0.208435	-1.981506	-1.655884	1.640625
0.245361	-2.030334	-1.614990	1.647339
0.271606	-2.037659	-1.528625	1.660156
0.285034	-1.998596	-1.411438	1.675415
0.290527	-1.919861	-1.270752	1.686096
0.283508	-1.799011	-1.111145	1.684265
0.256958	-1.630249	-0.936279	1.668701
0.220337	-1.427612	-0.753784	1.640930
0.174866	-1.205139	-0.572510	1.595764
0.113525	-0.968018	-0.398865	1.525879
0.038757	-0.733643	-0.229492	1.427917
-0.040283	-0.507202	-0.054932	1.303711
-0.119629	-0.277100	0.114441	1.152344
-0.200195	-0.046692	0.267639	0.965881
-0.282593	0.178223	0.413513	0.748596
-0.365906	0.395508	0.554504	0.514832
-0.443420	0.606689	0.698547	0.276794
-0.513000	0.812683	0.854187	0.032349
-0.566101	1.018372	1.019592	-0.229797
-0.602722	1.219788	1.183167	-0.502319
-0.633545	1.414490	1.344604	-0.783997
-0.655518	1.607666	1.510925	-1.062622
-0.674133	1.792908	1.678467	-1.331177
-0.689697	1.972656	1.842346	-1.589050
-0.697021	2.142639	2.001038	-1.831360
-0.686646	2.285156	2.153625	-2.040710
-0.659485	2.399597	2.286987	-2.209167
-0.619507	2.498474	2.383118	-2.336731
-0.565491	2.582703	2.433777	-2.418213
-0.504761	2.642517	2.440491	-2.452698
-0.437317	2.675171	2.401428	-2.434692
-0.359192	2.672729	2.312927	-2.362671
-0.278931	2.629700	2.185669	-2.251892
-0.197144	2.550354	2.012329	-2.103882
-0.109863	2.431335	1.797180	-1.913147
-0.017090	2.270508	1.562195	-1.689148
0.074158	2.070923	1.311646	-1.437988
0.155334	1.842346	1.047974	-1.160889
0.234375	1.586304	0.762939	-0.864868
0.308533	1.322937	0.473938	-0.565491
0.380554	1.045227	0.181885	-0.250244
0.451965	0.758057	-0.101624	0.057983
0.516663	0.455017	-0.378113	0.342712
0.569153	0.137939	-0.649719	0.603027
0.610352	-0.194702	-0.906372	0.843506
0.636292	-0.546570	-1.151428	1.059265
0.649414	-0.908508	-1.393127	1.228027
0.646973	-1.283569	-1.625671	1.359863
0.634460	-1.644287	-1.829529	1.455994
0.615234	-2.005920	-2.021179	1.520996
0.587769	-2.353516	-2.192993	1.555481
0.547791	-2.680969	-2.344055	1.556396
0.494690	-2.980042	-2.480774	1.532288
0.439758	-3.237610	-2.601624	1.486206
0.385132	-3.458252	-2.698669	1.430054
0.337524	-3.656616	-2.760925	1.362915
0.296936	-3.805542	-2.791748	1.280518
0.263672	-3.860474	-2.789612	1.190491
0.244751	-3.831482	-2.746887	1.095886
0.227966	-3.736877	-2.664490	0.997009
0.212402	-3.567810	-2.542725	0.893555
0.197144	-3.321228	-2.375183	0.798035
0.177612	-3.010864	-2.156982	0.704346
0.152588	-2.651062	-1.918030	0.614319
0.116882	-2.246704	-1.658325	0.526123
0.081482	-1.819763	-1.362305	0.430603
0.044250	-1.389160	-1.031494	0.333252
0.000610	-0.968628	-0.686035	0.226746
-0.043640	-0.561218	-0.351563	0.090332
-0.092163	-0.171204	-0.032654	-0.064087
-0.142822	0.190735	0.263672	-0.194092
-0.183105	0.510559	0.548401	-0.306396
-0.213928	0.783997	0.820923	-0.428162
-0.242310	1.022339	1.075134	-0.553589
-0.273438	1.211548	1.304932	-0.657349
-0.305481	1.349792	1.493530	-0.745850
-0.338745	1.458740	1.635742	-0.823975
-0.375671	1.536865	1.742859	-0.876770
-0.409241	1.588135	1.818542	-0.908203
-0.442200	1.601563	1.855469	-0.928040
-0.473633	1.571655	1.858521	-0.946655
-0.500488	1.528320	1.828613	-0.964355
-0.511780	1.479492	1.763306	-0.970459
-0.509033	1.403503	1.672058	-0.970764
-0.511475	1.308899	1.557922	-0.966492
-0.510864	1.207275	1.419067	-0.956726
-0.499268	1.097107	1.253662	-0.941467
-0.475159	0.985413	1.059570	-0.922546
-0.439758	0.863342	0.839844	-0.897522
-0.392761	0.712280	0.626526	-0.867615
-0.330200	0.536194	0.433044	-0.828247
-0.263977	0.354309	0.254822	-0.768738
-0.196533	0.168457	0.094299	-0.701599
-0.121460	-0.016785	-0.047913	-0.621033
-0.038757	-0.195923	-0.169983	-0.506592
0.056152	-0.363770	-0.270691	-0.349426
0.157471	-0.520325	-0.336914	-0.177002
0.258789	-0.662537	-0.378723	-0.002136
0.358276	-0.787659	-0.388794	0.196838
0.448608	-0.903625	-0.368042	0.422058
0.523682	-1.016541	-0.332031	0.653381
0.583496	-1.111450	-0.284729	0.879211
0.628052	-1.188354	-0.233459	1.107483
0.663452	-1.248474	-0.181885	1.317749
0.687866	-1.298523	-0.131531	1.508789
0.698853	-1.344604	-0.092163	1.672363
0.694580	-1.393433	-0.072632	1.808472
0.676880	-1.452026	-0.080566	1.912537
0.638428	-1.512756	-0.110474	1.981201
0.590210	-1.573486	-0.166626	2.019958
0.545654	-1.637573	-0.255737	2.027588
0.502014	-1.699219	-0.375366	2.003784
0.457458	-1.735840	-0.516968	1.957703
0.421143	-1.751709	-0.667419	1.878357
0.393982	-1.764832	-0.820618	1.771851
0.376282	-1.775208	-0.980225	1.656799
0.361633	-1.773071	-1.136169	1.530762
0.346375	-1.754761	-1.279297	1.387329
0.330200	-1.715698	-1.405029	1.235046
0.317078	-1.664734	-1.497803	1.072388
0.303345	-1.608887	-1.552429	0.888062
0.279236	-1.546936	-1.578064	0.693054
0.250549	-1.476135	-1.575317	0.511169
0.213013	-1.390076	-1.531067	0.342712
0.155640	-1.279907	-1.445313	0.169983
0.085449	-1.141968	-1.327209	-0.014038
0.018921	-0.979614	-1.180420	-0.200195
-0.045776	-0.796814	-1.008606	-0.370483
-0.113525	-0.589600	-0.807800	-0.520935
-0.181580	-0.364075	-0.578918	-0.654297
-0.248108	-0.120544	-0.333862	-0.769653
-0.311279	0.143738	-0.080566	-0.867920
-0.362549	0.429993	0.168457	-0.951843
-0.402222	0.731506	0.409546	-1.026611
-0.437012	1.030884	0.638123	-1.083984
-0.465393	1.324768	0.852051	-1.131592
-0.484619	1.618347	1.048889	-1.180115
-0.495605	1.908569	1.228027	-1.223145
-0.495300	2.177734	1.386108	-1.267700
-0.480652	2.419128	1.516113	-1.319275
-0.458984	2.627258	1.615601	-1.380615
-0.436096	2.795410	1.685181	-1.447449
-0.415649	2.933655	1.719971	-1.515503
-0.401917	3.033447	1.717224	-1.583862
-0.395203	3.062439	1.687012	-1.649170
-0.386963	3.038330	1.629333	-1.700134
-0.378113	2.986145	1.543884	-1.725769
-0.362549	2.900696	1.430969	-1.733398
-0.343628	2.783508	1.285095	-1.721191
-0.322571	2.631836	1.116638	-1.682434
-0.300293	2.463684	0.937805	-1.610718
-0.276184	2.277527	0.759888	-1.508789
-0.246277	2.059021	0.565796	-1.368713
-0.213013	1.806335	0.364990	-1.193237
-0.173950	1.528320	0.170898	-0.983887
-0.121765	1.246948	-0.009766	-0.737610
-0.065918	0.963440	-0.171204	-0.454712
-0.008850	0.674744	-0.328369	-0.157776
0.051270	0.384216	-0.480652	0.151672
0.112610	0.094299	-0.637207	0.489502
0.174255	-0.184631	-0.780945	0.844421
0.239868	-0.456848	-0.906067	1.181030
0.310364	-0.725403	-1.013489	1.482239
0.369263	-0.985107	-1.108398	1.750488
0.409851	-1.240234	-1.191101	1.979675
0.442200	-1.473083	-1.258850	2.155762
0.458984	-1.696167	-1.320496	2.294312
0.466309	-1.898804	-1.372375	2.384949
0.469055	-2.087402	-1.395264	2.417908
0.461121	-2.258301	-1.383057	2.386780
0.447388	-2.404175	-1.357117	2.300110
0.437927	-2.525330	-1.319275	2.162170
0.420532	-2.606201	-1.260376	1.986389
0.385742	-2.637939	-1.184692	1.785889
0.346069	-2.632751	-1.098022	1.560059
0.303040	-2.596436	-1.006470	1.311340
0.242920	-2.508240	-0.912476	1.044006
0.174255	-2.376709	-0.813904	0.758972
0.104980	-2.232056	-0.711975	0.465088
0.030212	-2.081299	-0.604553	0.175171
-0.062256	-1.916199	-0.484314	-0.101929
-0.164490	-1.729126	-0.353394	-0.372314
-0.268860	-1.518860	-0.210876	-0.628052
-0.373535	-1.292419	-0.053406	-0.860596
-0.467529	-1.045837	0.109863	-1.061707
-0.540161	-0.785522	0.274353	-1.239624
-0.596313	-0.523071	0.448608	-1.403503
-0.643921	-0.255432	0.642090	-1.546326
-0.679321	0.020752	0.849915	-1.661682
-0.697632	0.297546	1.063843	-1.747742
-0.697327	0.572815	1.274719	-1.808777
-0.676270	0.852661	1.476440	-1.841736
-0.634766	1.134644	1.672058	-1.842346
-0.574646	1.412354	1.864319	-1.811218
-0.502625	1.680298	2.042542	-1.762695
-0.429688	1.937866	2.200623	-1.697693
-0.354614	2.181091	2.331543	-1.610413
-0.275574	2.405701	2.420959	-1.502380
-0.200806	2.600098	2.467346	-1.374512
-0.136719	2.741089	2.473145	-1.241455
-0.073853	2.840271	2.432861	-1.108093
-0.010986	2.912598	2.342224	-0.970154
0.046387	2.953186	2.206421	-0.836182
0.095215	2.945862	2.036133	-0.718079
0.132751	2.886047	1.835632	-0.612793
0.151978	2.781067	1.605530	-0.512390
0.155334	2.639160	1.357727	-0.418701
