2020/1/9 9:21:57 40us
CH1			CH2			CH3			CH4
-0.006104	-0.002747	0.009155	-0.007324
-0.006409	-0.003357	0.009460	-0.007629
-0.006104	-0.003052	0.009155	-0.007935
-0.006104	-0.003662	0.009766	-0.007935
-0.005798	-0.003662	0.009460	-0.007629
-0.006104	-0.003967	0.009460	-0.007629
-0.006409	-0.004578	0.009460	-0.007629
-0.006104	-0.004272	0.009155	-0.008240
-0.006104	-0.004578	0.008850	-0.007629
-0.006409	-0.004883	0.009155	-0.007935
-0.006409	-0.005493	0.008850	-0.008240
-0.006409	-0.005188	0.008850	-0.008545
-0.006409	-0.005493	0.008850	-0.008240
-0.006409	-0.005493	0.008850	-0.008240
-0.006714	-0.005493	0.008545	-0.008240
-0.006714	-0.005798	0.008850	-0.008240
-0.006714	-0.006104	0.008545	-0.008545
-0.006409	-0.006409	0.008850	-0.008545
-0.006714	-0.006409	0.008545	-0.009155
-0.006714	-0.006714	0.008850	-0.008850
-0.007019	-0.006714	0.008850	-0.008545
-0.006714	-0.007019	0.008240	-0.009155
-0.006409	-0.007324	0.008545	-0.008545
-0.006714	-0.007629	0.008240	-0.008545
-0.006714	-0.007629	0.008240	-0.008545
-0.007019	-0.007629	0.008240	-0.008850
-0.007019	-0.007629	0.008240	-0.009155
-0.007324	-0.008240	0.008240	-0.009155
-0.006714	-0.008850	0.007629	-0.009155
-0.007324	-0.008850	0.007935	-0.008850
-0.007019	-0.009155	0.007935	-0.008850
-0.006714	-0.009460	0.007935	-0.008850
-0.007324	-0.010071	0.007324	-0.008850
-0.007324	-0.009766	0.007629	-0.008850
-0.007019	-0.009766	0.007629	-0.009155
-0.006714	-0.010071	0.007324	-0.009460
-0.007019	-0.010681	0.007019	-0.009766
-0.007324	-0.010681	0.007629	-0.008240
-0.007324	-0.010681	0.007019	-0.007324
-0.007935	-0.011292	0.006714	-0.008850
-0.006714	-0.010681	0.005798	-0.010681
-0.006714	-0.011292	0.006104	-0.009766
-0.007324	-0.011902	0.007935	-0.015564
-0.006714	-0.012207	0.007935	-0.014954
-0.008545	-0.009766	0.010071	0.000000
-0.034180	-0.011597	0.016785	-0.006714
-0.004272	-0.002136	-0.013123	0.136108
-0.061951	-0.016479	0.020752	0.360413
-0.136108	-0.001831	-0.018005	0.627441
-0.107727	0.026550	-0.129395	0.838623
-0.093079	0.042114	-0.226135	1.062927
-0.017395	-0.061035	-0.262146	1.257019
0.143738	-0.197449	-0.269165	1.424866
0.285339	-0.244141	-0.227356	1.566162
0.412292	-0.337830	-0.184326	1.680603
0.495300	-0.453491	-0.091858	1.680603
0.562744	-0.545349	0.106506	1.546631
0.635681	-0.628967	0.331421	1.328125
0.658569	-0.588074	0.715027	1.004333
0.675049	-0.444641	1.134338	0.557556
0.661011	-0.223083	1.633301	0.122986
0.618896	0.131226	2.179565	-0.357361
0.569153	0.559387	2.617493	-0.894470
0.488281	1.038818	2.866821	-1.451111
0.376282	1.495056	2.943115	-2.079773
0.227051	1.843872	2.921448	-2.680359
0.116882	2.123718	2.828979	-3.145447
0.052490	2.338562	2.647095	-3.566284
-0.013733	2.493591	2.382202	-3.864136
-0.018311	2.521667	2.005920	-4.112854
-0.108337	2.482910	1.561584	-4.349976
-0.203552	2.478333	1.083679	-4.541016
-0.280151	2.438660	0.560913	-4.652100
-0.429382	2.289124	0.065308	-4.691467
-0.581360	2.130432	-0.399475	-4.645386
-0.686951	2.008667	-0.829163	-4.492798
-0.783081	1.894531	-1.177979	-4.244995
-0.879211	1.803894	-1.501465	-3.990479
-0.999451	1.694946	-1.840515	-3.707886
-1.117859	1.527405	-2.161865	-3.378296
-1.217041	1.326599	-2.424927	-3.013000
-1.273804	1.061707	-2.682495	-2.570190
-1.269226	0.726013	-2.911987	-2.038269
-1.239014	0.328674	-3.053894	-1.524048
-1.156006	-0.120544	-3.185730	-0.977783
-1.040649	-0.622864	-3.283081	-0.436401
-0.883789	-1.126709	-3.337097	0.047302
-0.675964	-1.667175	-3.403625	0.534668
-0.466919	-2.204285	-3.463745	1.004944
-0.236206	-2.706299	-3.435669	1.412048
0.034485	-3.192749	-3.373718	1.760254
0.303345	-3.630981	-3.237305	2.046204
0.571289	-4.068909	-3.059998	2.307434
0.822754	-4.457092	-2.872925	2.535400
1.053467	-4.810486	-2.662354	2.762451
1.226807	-5.112305	-2.451172	3.020630
1.318970	-5.266113	-2.216187	3.312988
1.394653	-5.287170	-1.955872	3.573608
1.408081	-5.199890	-1.689148	3.803711
1.372986	-4.996338	-1.441345	4.021606
1.296082	-4.634094	-1.167908	4.193726
1.145325	-4.156189	-0.850830	4.294434
0.932922	-3.611145	-0.541077	4.382324
0.704956	-3.037109	-0.245667	4.362793
0.476685	-2.473145	0.085144	4.295959
0.223694	-1.916809	0.437317	4.137268
-0.021667	-1.395569	0.805664	3.886719
-0.229797	-0.947571	1.166992	3.562622
-0.427246	-0.501099	1.482239	3.174438
-0.633545	-0.069275	1.758423	2.790222
-0.860596	0.301208	1.978455	2.461548
-1.076660	0.646667	2.185669	2.092590
-1.234741	0.970154	2.411804	1.681213
-1.353149	1.275024	2.605896	1.277466
-1.454163	1.580200	2.766418	0.862732
-1.523438	1.907959	2.884521	0.425110
-1.584167	2.274170	2.952881	-0.019226
-1.613159	2.659912	3.051147	-0.441895
-1.629944	3.016357	3.142700	-0.895081
-1.679382	3.330688	3.192749	-1.395874
-1.743774	3.619995	3.208313	-1.910706
-1.771851	3.810730	3.171692	-2.392273
-1.731873	3.947449	3.106689	-2.789307
-1.667786	4.083557	3.035278	-3.157959
-1.561890	4.128723	2.911987	-3.456726
-1.381836	4.034729	2.716675	-3.666077
-1.167908	3.841858	2.425232	-3.801575
-0.903931	3.567505	2.091980	-3.843689
-0.571899	3.184814	1.750793	-3.807068
-0.213623	2.735291	1.387024	-3.715210
0.153503	2.261963	0.999146	-3.505859
0.520935	1.777039	0.625916	-3.206482
0.849915	1.308899	0.328674	-2.816162
1.130981	0.821533	0.078125	-2.337036
1.358948	0.313721	-0.148315	-1.820374
1.523743	-0.150757	-0.346985	-1.305542
1.649170	-0.585022	-0.526733	-0.758667
1.781006	-0.975647	-0.651855	-0.184021
1.900940	-1.336365	-0.712891	0.342407
1.969299	-1.700134	-0.713501	0.791931
1.988831	-2.085266	-0.686340	1.184998
1.947632	-2.427979	-0.665588	1.524353
1.904297	-2.706299	-0.649414	1.784973
1.861267	-2.888489	-0.667114	1.986084
1.794128	-3.060608	-0.730286	2.128906
1.700439	-3.270569	-0.809021	2.232971
1.578369	-3.355408	-0.914307	2.322388
1.427307	-3.280640	-1.043396	2.396851
1.275940	-3.139648	-1.211853	2.474365
1.110229	-2.958069	-1.441345	2.555847
0.923157	-2.643127	-1.686707	2.627258
0.720215	-2.184448	-1.931458	2.646484
0.555115	-1.695862	-2.205811	2.629089
0.392456	-1.200867	-2.562561	2.544861
0.239563	-0.725098	-2.921143	2.404175
0.110168	-0.308228	-3.214722	2.194214
-0.028076	0.067749	-3.431396	1.973267
-0.171509	0.384827	-3.617249	1.700134
-0.310059	0.635681	-3.751831	1.281738
-0.467834	0.806580	-3.813171	0.802307
-0.621643	0.903625	-3.790283	0.351563
-0.775452	0.917358	-3.655396	-0.091858
-0.920105	0.871887	-3.369446	-0.637817
-1.039124	0.820007	-2.945251	-1.227722
-1.145325	0.708008	-2.473145	-1.795959
-1.218567	0.527649	-1.976929	-2.339172
-1.271362	0.353088	-1.501465	-2.846375
-1.293640	0.141907	-1.016541	-3.230286
-1.270752	-0.053406	-0.555115	-3.491516
-1.207275	-0.210266	-0.150452	-3.635559
-1.128235	-0.347595	0.214844	-3.649292
-1.027222	-0.438232	0.509338	-3.506165
-0.881653	-0.503235	0.744324	-3.242798
-0.745850	-0.581665	0.943909	-2.891846
-0.633240	-0.642700	1.130981	-2.518005
-0.523987	-0.697327	1.282349	-2.142944
-0.405579	-0.744934	1.392212	-1.780396
-0.293274	-0.740356	1.480103	-1.446533
-0.184021	-0.706787	1.585693	-1.143799
-0.076599	-0.660095	1.726379	-0.886230
0.006714	-0.591431	1.862793	-0.643921
0.004272	-0.454102	1.966248	-0.439453
-0.044556	-0.233459	2.032776	-0.282898
-0.082703	0.034180	2.103882	-0.103455
-0.100098	0.324097	2.164612	0.098877
-0.090027	0.620117	2.243042	0.316162
-0.091858	0.896606	2.326660	0.511475
-0.079651	1.148987	2.363281	0.715637
-0.038757	1.374512	2.378845	0.962524
-0.000916	1.540222	2.374573	1.232300
0.015564	1.642151	2.316895	1.445923
0.005493	1.722717	2.232361	1.612244
0.024719	1.763916	2.097168	1.771545
0.047913	1.765747	1.941223	1.941833
0.044250	1.715088	1.774597	2.082214
0.023499	1.548767	1.568298	2.171021
-0.017700	1.296082	1.322632	2.245789
-0.075073	1.018372	1.038208	2.289124
-0.118713	0.686646	0.719910	2.303772
-0.148315	0.298462	0.392456	2.326965
-0.161743	-0.140381	0.059509	2.307434
-0.171814	-0.594177	-0.264587	2.244263
-0.157166	-1.017151	-0.563354	2.180786
-0.119324	-1.405640	-0.845947	2.080688
-0.051880	-1.806641	-1.124878	1.975403
0.032349	-2.227478	-1.397400	1.859436
0.118408	-2.629700	-1.639709	1.697693
0.210876	-3.007507	-1.832886	1.516418
0.324707	-3.351746	-1.992493	1.300354
0.467834	-3.676453	-2.073364	1.045532
0.651245	-4.007568	-2.089844	0.807190
0.853271	-4.333496	-2.073975	0.619507
1.045837	-4.615784	-2.012634	0.461121
1.210632	-4.820557	-1.927185	0.314026
1.335754	-4.943542	-1.837769	0.173035
1.428223	-4.999695	-1.739197	0.053711
1.498413	-4.970703	-1.637573	-0.022888
1.535339	-4.839783	-1.502075	-0.032654
1.510315	-4.581909	-1.323242	0.010376
1.425171	-4.207153	-1.139832	0.073242
1.284790	-3.717957	-0.957642	0.143127
1.091309	-3.120728	-0.750732	0.187378
0.871582	-2.419434	-0.520325	0.209351
0.627747	-1.645203	-0.249329	0.225220
0.370789	-0.806274	0.072937	0.221863
0.104980	0.108032	0.450745	0.177002
-0.149231	1.077881	0.858765	0.098572
-0.368652	2.076721	1.257019	-0.005188
-0.539551	3.052063	1.631775	-0.107422
-0.678406	3.978882	1.961975	-0.218811
-0.781250	4.830017	2.250061	-0.341797
-0.853271	5.573730	2.486572	-0.469971
-0.893860	6.215820	2.647705	-0.609131
-0.912781	6.748047	2.753601	-0.746460
-0.907288	7.169495	2.821960	-0.885010
-0.870361	7.500000	2.825317	-1.041870
-0.825806	7.702942	2.766724	-1.224976
-0.787964	7.760925	2.637634	-1.436462
-0.761108	7.716370	2.454834	-1.656494
-0.740356	7.612000	2.239990	-1.846619
-0.723572	7.428589	1.995850	-2.035217
-0.709534	7.188416	1.732483	-2.227173
-0.685120	6.895752	1.461792	-2.411194
-0.652161	6.565247	1.199341	-2.560120
-0.609741	6.205444	0.950928	-2.644958
-0.552063	5.802002	0.689087	-2.665710
-0.483704	5.328369	0.434265	-2.610779
-0.404358	4.765320	0.213928	-2.490845
-0.314941	4.122620	0.027466	-2.289734
-0.206299	3.417664	-0.134277	-2.015991
-0.076294	2.685547	-0.307007	-1.687317
0.061340	1.909485	-0.507507	-1.318665
0.191650	1.110229	-0.705261	-0.895996
0.302734	0.309143	-0.888672	-0.433960
0.403137	-0.486450	-1.076965	0.064392
0.500793	-1.274109	-1.267090	0.590515
0.585632	-2.068787	-1.464844	1.114197
0.657043	-2.836304	-1.654358	1.599121
0.722351	-3.551941	-1.818237	2.032166
0.776978	-4.221191	-1.950378	2.434082
0.821838	-4.799805	-2.062073	2.775879
0.835876	-5.257568	-2.150269	3.039856
0.813293	-5.712891	-2.212524	3.236084
0.769653	-6.166687	-2.249451	3.375244
0.697937	-6.460571	-2.253723	3.423157
0.599670	-6.493530	-2.205811	3.377991
0.505676	-6.376343	-2.114258	3.282776
0.413818	-6.122437	-1.985474	3.151245
0.301819	-5.654907	-1.823730	2.979126
0.159607	-5.005188	-1.597900	2.745972
0.033875	-4.270935	-1.358643	2.463379
-0.103455	-3.500366	-1.180420	2.144775
-0.231018	-2.775879	-1.029358	1.842957
-0.323792	-2.070923	-0.807495	1.531982
-0.422058	-1.413269	-0.553284	1.293640
-0.524597	-0.847168	-0.338135	1.066284
-0.626526	-0.362244	-0.152893	0.762939
-0.727844	0.027161	0.004578	0.462036
-0.790405	0.311890	0.129700	0.253296
-0.820007	0.489807	0.274048	0.070190
-0.835571	0.618286	0.482178	-0.219421
-0.818787	0.718079	0.775146	-0.543213
-0.815125	0.713501	1.084595	-0.865784
-0.809021	0.625916	1.421814	-1.235962
-0.791016	0.546570	1.772766	-1.631775
-0.758057	0.459290	2.149353	-1.994629
-0.690002	0.400391	2.527161	-2.334900
-0.599670	0.375061	2.879639	-2.673035
-0.516663	0.379333	3.194275	-3.020020
-0.439758	0.430603	3.410950	-3.302307
-0.329895	0.489502	3.507690	-3.509216
-0.263672	0.524902	3.488464	-3.618774
-0.251160	0.568542	3.385925	-3.683167
-0.221558	0.601196	3.188477	-3.708801
-0.154114	0.621948	2.886047	-3.680725
-0.083313	0.687866	2.491455	-3.634033
-0.016785	0.704041	2.027893	-3.576660
0.057373	0.621338	1.530762	-3.495789
0.128479	0.513000	1.008606	-3.341675
0.155334	0.469666	0.509033	-3.123779
0.173645	0.490112	0.054016	-2.885437
0.205688	0.532532	-0.318909	-2.599182
0.245667	0.604553	-0.625916	-2.212830
0.296631	0.704651	-0.832825	-1.778564
0.343323	0.830688	-0.960388	-1.369934
0.377808	0.975952	-1.072388	-0.925903
0.409851	1.112061	-1.123352	-0.428772
0.430908	1.242676	-1.073608	0.077515
0.441895	1.372070	-0.970459	0.532227
0.449219	1.490173	-0.846558	0.921021
0.471802	1.611633	-0.740051	1.262817
0.481873	1.746521	-0.651550	1.573486
0.485229	1.893311	-0.594177	1.857605
0.496216	2.031860	-0.578613	2.106628
0.507202	2.152100	-0.608521	2.313843
0.520020	2.268066	-0.665283	2.450867
0.527344	2.341309	-0.760193	2.525330
0.522156	2.324829	-0.910950	2.583008
0.546265	2.220154	-1.093140	2.613831
0.571289	2.058105	-1.268616	2.617493
0.614929	1.886292	-1.416931	2.612000
0.660400	1.702271	-1.532288	2.576294
0.695190	1.460876	-1.640930	2.532959
0.719299	1.176758	-1.754150	2.490234
0.735474	0.884705	-1.850891	2.438965
0.731506	0.610657	-1.923218	2.377930
0.691833	0.365906	-1.944885	2.276917
0.634766	0.140381	-1.879578	2.114258
0.575562	-0.104980	-1.756287	1.926880
0.523376	-0.371094	-1.615906	1.740723
0.463867	-0.658569	-1.464539	1.546936
0.382080	-0.962524	-1.299133	1.345215
0.274963	-1.265259	-1.130981	1.121826
0.158386	-1.557922	-0.965881	0.882568
0.060120	-1.844177	-0.805054	0.666809
-0.006714	-2.126160	-0.647278	0.509644
-0.060425	-2.379456	-0.495300	0.425110
-0.100708	-2.602844	-0.375977	0.387268
-0.153809	-2.765198	-0.275269	0.373840
-0.201416	-2.811279	-0.182495	0.379028
-0.235291	-2.746582	-0.089111	0.393677
-0.265808	-2.602234	0.025330	0.412598
-0.306702	-2.358093	0.178528	0.424805
-0.375671	-2.006836	0.395508	0.422974
-0.452881	-1.558838	0.681763	0.396423
-0.534668	-1.032715	1.023865	0.341492
-0.620422	-0.437317	1.397400	0.288696
-0.713196	0.232544	1.765747	0.215759
-0.802307	0.920715	2.127991	0.111084
-0.889587	1.590271	2.461243	0.005493
-0.975647	2.225342	2.746582	-0.119324
-1.047363	2.790527	3.002930	-0.263367
-1.086426	3.266602	3.233337	-0.411072
-1.083069	3.645020	3.422852	-0.569763
-1.032104	3.899231	3.559570	-0.759277
-0.923462	3.978271	3.621521	-0.957642
-0.798950	3.920288	3.612976	-1.099243
-0.669861	3.768311	3.552551	-1.168823
-0.527954	3.523865	3.439026	-1.213074
-0.392456	3.224487	3.289185	-1.236267
-0.260010	2.882996	3.116455	-1.236572
-0.142517	2.510986	2.922363	-1.197815
-0.034790	2.120056	2.701721	-1.112671
0.064697	1.690063	2.408752	-0.957642
0.166626	1.211243	2.066956	-0.762329
0.260925	0.704041	1.722717	-0.578003
0.345154	0.191650	1.386719	-0.402832
0.429993	-0.317688	1.055908	-0.217285
0.524597	-0.821533	0.695801	-0.050049
0.606079	-1.335449	0.321960	0.104370
0.649414	-1.849365	-0.050354	0.270996
0.655823	-2.341614	-0.404968	0.449219
0.641479	-2.798462	-0.767212	0.608215
0.628357	-3.213501	-1.140137	0.743713
0.622864	-3.601074	-1.518860	0.871582
0.632324	-3.995361	-1.876221	0.996704
0.656433	-4.339294	-2.221375	1.107788
0.671387	-4.730530	-2.542419	1.209412
0.675964	-5.144958	-2.839050	1.298218
0.672607	-5.463562	-3.112793	1.367493
0.686035	-5.645447	-3.367004	1.436157
0.715027	-5.778809	-3.604736	1.511841
0.734863	-5.815125	-3.820496	1.568298
0.707703	-5.665588	-3.997803	1.604919
0.635986	-5.337219	-4.083557	1.603699
0.571899	-4.877625	-4.099731	1.578979
0.483704	-4.325256	-4.102173	1.518250
0.373535	-3.663940	-4.053955	1.381226
0.273743	-2.935181	-3.886719	1.158142
0.146790	-2.190247	-3.604431	0.907898
0.008545	-1.452942	-3.265991	0.563049
-0.139160	-0.737000	-2.884521	0.121460
-0.289612	-0.024719	-2.502441	-0.322266
-0.417786	0.688782	-2.131042	-0.688782
-0.529480	1.315918	-1.752930	-1.026917
-0.622253	1.908569	-1.321411	-1.420593
-0.679321	2.450867	-0.866394	-1.762695
-0.741577	2.889709	-0.457153	-2.019958
-0.760498	3.287048	-0.089722	-2.224731
-0.725403	3.658447	0.263672	-2.346802
-0.660095	3.926086	0.641174	-2.383728
-0.564575	4.130859	1.038513	-2.378540
-0.445251	4.289856	1.450195	-2.362366
-0.334778	4.419861	1.850891	-2.353210
-0.239868	4.503479	2.212524	-2.299194
-0.133362	4.504700	2.533264	-2.235107
-0.071716	4.444275	2.837219	-2.170715
-0.040283	4.385071	3.101501	-2.113647
0.000610	4.292603	3.265381	-2.046814
0.018311	4.176636	3.321838	-1.993713
0.013733	4.071655	3.287354	-1.976624
0.000305	3.927612	3.198242	-1.997986
0.015564	3.729858	3.060913	-2.021179
0.031738	3.494263	2.848511	-2.019653
-0.001831	3.227234	2.563171	-1.992798
-0.038757	2.919922	2.233887	-1.933899
-0.063171	2.572021	1.885986	-1.799927
-0.066528	2.204895	1.499634	-1.571655
-0.045776	1.833801	1.101990	-1.300659
-0.025024	1.435547	0.692749	-1.011353
-0.008240	1.033936	0.269165	-0.646667
0.009155	0.646667	-0.088501	-0.216064
0.025635	0.263367	-0.369263	0.229797
0.032959	-0.124817	-0.593262	0.666504
0.021973	-0.498657	-0.754700	1.090088
0.026245	-0.853882	-0.857239	1.496277
0.044250	-1.183472	-0.896912	1.869812
0.054626	-1.484680	-0.895081	2.188416
0.031738	-1.750488	-0.853577	2.428894
-0.026245	-1.992188	-0.782166	2.624512
-0.109863	-2.210693	-0.693359	2.750549
-0.191040	-2.385254	-0.612183	2.831421
-0.248108	-2.514954	-0.540466	2.882690
-0.295105	-2.600403	-0.468445	2.857971
-0.329895	-2.614746	-0.397644	2.792969
-0.320435	-2.560730	-0.305786	2.711182
-0.270691	-2.460327	-0.188293	2.590027
-0.177612	-2.338562	-0.091553	2.469177
-0.053406	-2.212524	-0.029602	2.361755
0.091553	-2.045898	0.020752	2.254028
0.242920	-1.836853	0.058594	2.150269
0.395813	-1.613770	0.107117	2.051697
0.554810	-1.401367	0.181580	1.950073
0.689392	-1.206360	0.269775	1.867981
0.781555	-1.046753	0.346375	1.828003
0.828857	-0.912781	0.417175	1.806946
0.818481	-0.787354	0.483398	1.744385
0.760193	-0.667114	0.540466	1.607361
0.663757	-0.581665	0.605469	1.408386
0.541382	-0.562134	0.660400	1.186218
0.388184	-0.582581	0.711975	0.953064
0.190735	-0.613708	0.772095	0.676575
-0.019531	-0.643311	0.820313	0.372620
-0.226440	-0.667419	0.857544	0.064087
-0.419006	-0.659180	0.864258	-0.240173
-0.588074	-0.596619	0.834351	-0.534668
-0.721436	-0.491333	0.787659	-0.807800
-0.813599	-0.353088	0.741272	-1.057129
-0.876465	-0.186768	0.687561	-1.283569
-0.910339	0.015259	0.632935	-1.481934
-0.917664	0.250244	0.568848	-1.650391
-0.887756	0.507507	0.493469	-1.788330
-0.833130	0.782776	0.403442	-1.930237
-0.764771	1.059570	0.316162	-2.079468
-0.706177	1.333313	0.206909	-2.217102
-0.681152	1.640625	0.055847	-2.353821
-0.674744	1.964722	-0.109558	-2.502747
-0.668640	2.290649	-0.259705	-2.672119
-0.651245	2.631836	-0.391235	-2.861023
-0.623474	2.973938	-0.495605	-3.056946
-0.588989	3.293457	-0.583191	-3.244934
-0.565491	3.530273	-0.638428	-3.397217
-0.540771	3.659668	-0.641174	-3.508911
-0.502930	3.727722	-0.616760	-3.595886
-0.460205	3.740845	-0.565491	-3.649902
-0.407104	3.685608	-0.474243	-3.652039
-0.323486	3.587646	-0.364380	-3.568726
-0.218811	3.468628	-0.247803	-3.407288
-0.085754	3.312378	-0.113831	-3.185730
0.058289	3.112793	-0.004578	-2.880554
0.189209	2.882080	0.071716	-2.512512
0.319519	2.597351	0.112915	-2.109680
0.465698	2.264404	0.130005	-1.666260
0.611572	1.881104	0.114136	-1.212158
0.732727	1.440735	0.032654	-0.774841
0.830078	0.963440	-0.116577	-0.356750
0.900574	0.455933	-0.333862	0.040894
0.953369	-0.065918	-0.596313	0.419922
0.982361	-0.604858	-0.895081	0.765686
0.980225	-1.144104	-1.210022	1.054688
0.936890	-1.675110	-1.522217	1.296692
0.867004	-2.186584	-1.832275	1.473389
0.798950	-2.620239	-2.138672	1.564331
0.740967	-2.992249	-2.409058	1.607666
0.685425	-3.302002	-2.639771	1.627808
0.635681	-3.547974	-2.832642	1.631775
0.590210	-3.742371	-2.953491	1.606140
0.534363	-3.886108	-3.020935	1.547546
0.481262	-4.028625	-3.049011	1.490173
0.432434	-4.158630	-3.025818	1.451111
0.361938	-4.231262	-2.951965	1.430969
0.278931	-4.234924	-2.840576	1.419373
0.199585	-4.200134	-2.702026	1.393433
0.112000	-4.108887	-2.524719	1.360779
0.012512	-3.945618	-2.311096	1.335144
-0.103455	-3.740234	-2.060547	1.266479
-0.218201	-3.526917	-1.801758	1.166992
-0.357971	-3.283386	-1.552429	1.031494
-0.521851	-3.002930	-1.284180	0.838013
-0.679321	-2.707825	-0.938110	0.599060
-0.821838	-2.396851	-0.529175	0.336304
-0.926819	-2.065125	-0.102234	0.041809
-1.006165	-1.706848	0.342407	-0.291748
-1.069336	-1.317139	0.764160	-0.609741
-1.091003	-0.882874	1.174316	-0.866699
-1.081238	-0.428772	1.593628	-1.108704
-1.051331	0.007019	2.031860	-1.362305
-0.988464	0.415344	2.463684	-1.578064
-0.918274	0.797119	2.857056	-1.726685
-0.823364	1.144714	3.203125	-1.820984
-0.700684	1.457214	3.504639	-1.872253
-0.563354	1.705017	3.741760	-1.873474
-0.423584	1.908569	3.903198	-1.810303
-0.294800	2.071533	3.989563	-1.687317
-0.182800	2.189331	3.997803	-1.520386
-0.089111	2.264709	3.928833	-1.307678
-0.004272	2.256470	3.793640	-1.065369
0.057373	2.172546	3.617554	-0.794373
0.094299	2.069397	3.401489	-0.505371
0.136719	1.942749	3.141174	-0.199280
0.182495	1.768799	2.852173	0.093384
0.210876	1.585388	2.538452	0.363464
0.226746	1.392212	2.203064	0.622559
0.243530	1.197510	1.893005	0.853271
0.269470	1.008301	1.584778	1.058044
0.274048	0.831299	1.272583	1.231995
0.266724	0.669250	0.981140	1.377869
0.274658	0.523682	0.696716	1.530151
0.291138	0.391235	0.399170	1.722107
0.317993	0.256348	0.084229	1.902161
0.350647	0.112305	-0.259399	2.033081
0.377502	-0.032654	-0.628357	2.154846
0.404968	-0.183716	-0.998230	2.280884
0.437622	-0.362244	-1.353455	2.389526
0.473328	-0.585327	-1.701355	2.444458
0.502014	-0.832825	-2.033081	2.454529
0.512695	-1.116028	-2.342529	2.441101
0.516357	-1.410522	-2.630310	2.383423
0.502625	-1.679688	-2.889709	2.276611
0.478821	-1.935120	-3.102417	2.130127
0.444946	-2.157593	-3.251343	1.958313
0.393066	-2.330322	-3.334045	1.744995
0.323181	-2.446899	-3.363647	1.499023
0.248718	-2.499084	-3.338623	1.232910
0.191040	-2.502136	-3.242798	0.946655
0.152588	-2.456665	-3.083496	0.677490
0.140381	-2.351685	-2.860413	0.428162
0.156250	-2.195740	-2.586365	0.187378
0.177002	-2.005920	-2.294922	-0.029297
0.195618	-1.774597	-2.008362	-0.211182
0.221252	-1.515198	-1.720276	-0.365295
0.270386	-1.235046	-1.441040	-0.489502
0.334167	-0.947876	-1.174316	-0.586243
0.383301	-0.659180	-0.920410	-0.663452
0.422363	-0.392151	-0.698853	-0.712585
0.449524	-0.160217	-0.505371	-0.718994
0.466003	0.043030	-0.326843	-0.689087
0.476074	0.212708	-0.159607	-0.652771
0.467529	0.372009	0.002136	-0.641785
0.448303	0.533447	0.155334	-0.650330
0.418091	0.680542	0.307617	-0.653687
0.355835	0.814819	0.470581	-0.647583
0.271301	0.934143	0.635071	-0.643311
0.168152	1.060486	0.792542	-0.641479
0.052185	1.204224	0.936584	-0.633240
-0.077515	1.367188	1.074219	-0.637207
-0.207214	1.552124	1.210022	-0.666809
-0.341187	1.729431	1.326599	-0.724182
-0.471802	1.886902	1.426086	-0.789795
-0.589905	2.030334	1.504517	-0.859680
-0.694580	2.133179	1.558533	-0.940857
-0.778809	2.180176	1.586304	-1.036377
-0.836792	2.179565	1.570129	-1.141968
-0.886230	2.136536	1.514893	-1.249695
-0.918579	2.044373	1.430969	-1.356506
-0.928955	1.904602	1.310120	-1.461792
-0.931396	1.720581	1.152039	-1.560669
-0.916748	1.473694	0.971985	-1.637878
-0.889893	1.199951	0.778809	-1.695862
-0.842285	0.938721	0.581055	-1.729736
-0.776062	0.658569	0.378113	-1.748047
-0.701599	0.368042	0.187683	-1.758118
-0.624390	0.088501	0.026855	-1.741028
-0.552063	-0.184631	-0.082092	-1.683960
-0.479431	-0.437927	-0.140076	-1.582031
-0.411072	-0.657959	-0.172729	-1.447754
-0.333252	-0.862732	-0.187378	-1.288757
-0.242920	-1.046753	-0.182190	-1.096802
-0.148010	-1.217957	-0.158081	-0.866089
-0.044861	-1.395264	-0.120544	-0.591736
0.051270	-1.588135	-0.090027	-0.283203
0.137634	-1.796265	-0.083008	0.057373
0.227966	-2.006836	-0.087891	0.443115
0.330200	-2.245789	-0.100708	0.854492
0.444031	-2.513733	-0.139465	1.254883
0.564270	-2.780457	-0.207520	1.646729
0.659485	-3.023071	-0.305481	2.034607
0.734558	-3.241272	-0.426636	2.400208
0.792847	-3.413391	-0.576172	2.741394
0.825195	-3.509521	-0.742493	3.053589
0.825195	-3.513794	-0.888672	3.320313
0.807800	-3.439331	-1.023560	3.523254
0.778809	-3.298950	-1.152344	3.664551
0.740967	-3.086243	-1.257019	3.742676
0.700989	-2.813110	-1.319580	3.735046
0.643311	-2.500000	-1.334839	3.657837
0.561523	-2.164307	-1.317749	3.506775
0.474854	-1.816406	-1.285400	3.271484
0.385132	-1.460571	-1.241455	2.966309
0.291748	-1.094666	-1.193848	2.625427
0.201721	-0.736694	-1.120911	2.253723
0.105896	-0.390320	-1.002502	1.835022
0.004883	-0.050659	-0.841370	1.403809
-0.100403	0.263977	-0.660400	0.987549
-0.212097	0.545654	-0.480957	0.564880
-0.323486	0.808716	-0.297546	0.149841
-0.424500	1.043701	-0.093689	-0.230713
-0.505676	1.265869	0.130615	-0.578918
-0.570374	1.483154	0.374146	-0.905457
-0.623474	1.694336	0.623474	-1.213989
-0.663757	1.895752	0.865479	-1.494141
-0.681763	2.088928	1.099243	-1.736450
-0.702209	2.267456	1.330566	-1.952209
-0.726624	2.444153	1.566162	-2.155762
-0.734253	2.629089	1.786804	-2.346802
-0.718689	2.816467	1.970825	-2.526855
-0.685120	3.023376	2.127991	-2.703857
-0.646057	3.216858	2.268677	-2.876587
-0.593567	3.370056	2.399902	-3.025513
-0.525208	3.492126	2.506409	-3.145447
-0.454712	3.583679	2.573242	-3.226624
-0.383911	3.629150	2.586670	-3.257446
-0.302734	3.636475	2.546387	-3.228760
-0.200195	3.608398	2.441406	-3.119812
-0.080566	3.537903	2.283936	-2.921753
0.040283	3.423157	2.089539	-2.655640
0.165710	3.266296	1.847534	-2.303467
0.291748	3.086243	1.587219	-1.878052
0.412903	2.868652	1.312866	-1.394348
0.530396	2.621460	1.019592	-0.887146
0.620117	2.355042	0.716858	-0.379639
0.682373	2.067261	0.434265	0.119934
0.725098	1.758118	0.183105	0.599365
0.750732	1.442566	-0.035706	1.050415
0.754089	1.134338	-0.224915	1.450806
0.729980	0.844116	-0.386658	1.799316
0.673523	0.577393	-0.522156	2.106323
0.597534	0.338745	-0.649109	2.367554
0.520020	0.110474	-0.771484	2.574463
0.440063	-0.112915	-0.876770	2.713013
0.358276	-0.335083	-0.959167	2.807617
0.277405	-0.555420	-1.034546	2.857971
0.212097	-0.759888	-1.113281	2.848511
0.162964	-0.958557	-1.197815	2.798462
0.130920	-1.155090	-1.290894	2.714233
0.106812	-1.340332	-1.381836	2.589722
0.087280	-1.512451	-1.460571	2.432861
0.069275	-1.666870	-1.526794	2.248840
0.052185	-1.803284	-1.570435	2.040405
0.049438	-1.934509	-1.589355	1.813660
0.045166	-2.061462	-1.590576	1.579895
0.033875	-2.180481	-1.566162	1.341248
0.008850	-2.301331	-1.512756	1.093140
-0.032349	-2.405396	-1.436768	0.829773
-0.088806	-2.478638	-1.349487	0.544434
-0.157776	-2.544250	-1.251221	0.257874
-0.231323	-2.601318	-1.139221	-0.019836
-0.310059	-2.626648	-1.007690	-0.290833
-0.392151	-2.620850	-0.856323	-0.553284
-0.477600	-2.568970	-0.700378	-0.793152
-0.561523	-2.467651	-0.545959	-1.002502
-0.632935	-2.319641	-0.396729	-1.173401
-0.691528	-2.128906	-0.242920	-1.305237
-0.732727	-1.913147	-0.082092	-1.405029
-0.754700	-1.680908	0.086670	-1.470032
-0.759277	-1.435242	0.273438	-1.502991
-0.747070	-1.184387	0.466309	-1.500854
-0.708313	-0.938416	0.648804	-1.457825
-0.648193	-0.692749	0.804443	-1.382446
-0.569153	-0.441589	0.932617	-1.290588
-0.487061	-0.188904	1.046448	-1.187134
-0.411072	0.068054	1.148071	-1.077271
-0.344238	0.332947	1.233826	-0.969238
-0.289917	0.601196	1.304016	-0.864258
-0.249329	0.866089	1.358032	-0.779724
-0.222778	1.125488	1.395569	-0.711670
-0.205688	1.376648	1.412354	-0.664978
-0.199585	1.612549	1.414185	-0.654297
-0.199890	1.819458	1.409302	-0.673218
-0.199890	1.984863	1.399536	-0.719604
-0.203552	2.109985	1.390991	-0.787964
-0.203552	2.196655	1.376038	-0.867920
-0.197449	2.248840	1.339417	-0.958862
-0.180664	2.243347	1.278687	-1.030579
-0.155945	2.183533	1.188354	-1.078186
-0.113220	2.093811	1.083374	-1.105347
-0.051880	1.962585	0.966187	-1.112976
0.020447	1.784973	0.826111	-1.105347
0.101929	1.569519	0.661926	-1.083984
0.179443	1.329346	0.489197	-1.045837
0.257263	1.049194	0.306396	-0.994873
0.325623	0.758057	0.119324	-0.938416
0.380859	0.433044	-0.083313	-0.875244
0.424194	0.084839	-0.284729	-0.802612
0.458984	-0.274048	-0.481262	-0.711975
0.482483	-0.638123	-0.675659	-0.611267
0.491333	-1.002808	-0.874023	-0.519714
0.490723	-1.353455	-1.072083	-0.441589
0.488586	-1.682129	-1.262207	-0.363770
0.488586	-1.988525	-1.434326	-0.276794
0.496521	-2.265320	-1.591797	-0.187378
0.512695	-2.506409	-1.730652	-0.087585
0.540466	-2.706299	-1.857910	0.034790
0.575256	-2.880249	-1.961975	0.169067
0.616150	-3.055115	-2.038269	0.316467
0.658569	-3.205872	-2.082214	0.492249
0.706787	-3.278503	-2.104187	0.690918
0.756531	-3.296814	-2.107239	0.907593
0.794983	-3.274841	-2.080078	1.128235
0.813293	-3.182983	-2.035522	1.344299
0.816650	-3.018799	-1.966553	1.555176
0.813293	-2.800903	-1.863708	1.748962
0.792542	-2.533569	-1.760864	1.925049
0.750732	-2.212524	-1.661377	2.072754
0.699158	-1.849060	-1.533203	2.166748
0.621338	-1.454773	-1.356812	2.196960
0.514832	-1.051941	-1.148987	2.157898
0.394592	-0.645752	-0.928040	2.024841
0.265198	-0.243225	-0.682983	1.831360
0.130005	0.150757	-0.411377	1.629639
-0.005798	0.533752	-0.108643	1.409607
-0.139465	0.894470	0.229187	1.128235
-0.259094	1.246643	0.605774	0.802917
-0.370178	1.574402	0.993042	0.476379
-0.471497	1.861877	1.366882	0.135498
-0.548706	2.123108	1.719055	-0.214844
-0.607300	2.346497	2.052307	-0.532227
-0.642395	2.536316	2.356873	-0.796509
-0.659485	2.684631	2.620850	-1.024170
-0.663757	2.790222	2.838135	-1.227417
-0.664673	2.854919	2.992859	-1.387024
-0.647583	2.847900	3.078003	-1.488953
-0.633545	2.783203	3.103943	-1.544800
-0.644531	2.699890	3.080750	-1.571960
-0.656128	2.601624	2.997742	-1.577759
-0.651550	2.474365	2.850647	-1.569214
-0.638123	2.343750	2.643738	-1.555786
-0.622253	2.208862	2.398682	-1.534729
-0.601196	2.049255	2.151184	-1.512451
-0.570374	1.860962	1.884460	-1.474304
-0.543518	1.668701	1.607361	-1.417236
-0.520020	1.479187	1.337585	-1.354675
-0.481873	1.288452	1.083984	-1.259766
-0.426636	1.109924	0.831604	-1.101990
-0.346375	0.935059	0.569763	-0.891724
-0.254517	0.751038	0.318604	-0.653076
-0.150146	0.555725	0.066223	-0.369263
-0.034485	0.354614	-0.180664	-0.029297
0.082092	0.139465	-0.409851	0.340576
0.199585	-0.092163	-0.619812	0.711365
0.308533	-0.336609	-0.815125	1.079102
0.400085	-0.595093	-1.008301	1.439514
0.483398	-0.848083	-1.197205	1.778564
0.545654	-1.083069	-1.365051	2.080688
0.600586	-1.303406	-1.518860	2.344055
0.637207	-1.510010	-1.645203	2.564392
0.649719	-1.706543	-1.746216	2.738037
0.639648	-1.879883	-1.830139	2.849426
0.610046	-2.023010	-1.906128	2.895508
0.565796	-2.139893	-1.957703	2.869263
0.508728	-2.221985	-1.972046	2.772827
0.458069	-2.254333	-1.960449	2.621460
0.419922	-2.231750	-1.930237	2.418823
0.388489	-2.164001	-1.882629	2.172852
0.364685	-2.061157	-1.820679	1.895752
0.335693	-1.918335	-1.733093	1.579590
0.306702	-1.722412	-1.620789	1.235352
0.273743	-1.482849	-1.495056	0.882568
0.231628	-1.221008	-1.361694	0.530090
0.194702	-0.960693	-1.215210	0.187073
0.173645	-0.717773	-1.055298	-0.140686
0.151978	-0.502930	-0.890503	-0.441895
0.118103	-0.320129	-0.724487	-0.734558
0.072632	-0.166626	-0.577087	-1.033630
0.021667	-0.038452	-0.452576	-1.324158
-0.021362	0.060425	-0.338440	-1.586304
-0.067444	0.132141	-0.229187	-1.817322
-0.126953	0.194092	-0.101318	-2.025757
-0.199585	0.250854	0.039063	-2.207947
-0.278931	0.307007	0.169067	-2.354126
-0.357056	0.381470	0.285339	-2.464905
-0.424805	0.491638	0.381775	-2.548218
-0.486450	0.630798	0.468140	-2.599792
-0.539551	0.794067	0.558777	-2.622070
-0.586548	0.977478	0.662537	-2.623901
-0.624695	1.174011	0.768127	-2.602234
-0.643921	1.374207	0.864258	-2.567139
-0.630798	1.560974	0.943604	-2.510681
-0.589905	1.741638	0.997009	-2.427063
-0.531311	1.918030	1.024170	-2.326965
-0.461731	2.072754	1.022644	-2.209167
-0.394287	2.211609	0.986328	-2.079468
-0.333862	2.339478	0.927124	-1.947632
-0.265808	2.447205	0.861816	-1.810608
-0.189819	2.528687	0.793762	-1.677246
-0.122986	2.571716	0.734558	-1.555786
-0.065002	2.581177	0.685425	-1.440430
-0.012207	2.558289	0.636902	-1.322327
0.026550	2.486877	0.604858	-1.192932
0.049438	2.387390	0.600586	-1.057739
0.068359	2.282104	0.612183	-0.925598
0.090637	2.165527	0.625610	-0.794067
0.109558	2.048035	0.647278	-0.656433
0.119934	1.940308	0.681763	-0.495300
0.128784	1.834106	0.722656	-0.307922
0.138245	1.715698	0.752869	-0.099487
0.151672	1.583252	0.774536	0.130615
0.173950	1.433411	0.786133	0.372009
0.201416	1.265564	0.777893	0.625916
0.236511	1.080627	0.756226	0.893555
0.280457	0.877686	0.728760	1.156616
0.309753	0.660400	0.676880	1.389160
0.330811	0.422363	0.579834	1.603088
0.352783	0.174866	0.451660	1.805725
0.358276	-0.094910	0.302429	2.008972
0.345459	-0.372620	0.123596	2.187500
0.339661	-0.654907	-0.079041	2.331543
0.336304	-0.927124	-0.273743	2.438049
0.314331	-1.174316	-0.465698	2.497864
0.288696	-1.376343	-0.657043	2.517700
0.269775	-1.566467	-0.837097	2.504272
0.241394	-1.727905	-0.991821	2.462158
0.199280	-1.849670	-1.122131	2.400513
0.159607	-1.941528	-1.221924	2.300110
0.117188	-2.000732	-1.275940	2.172241
0.075378	-2.019653	-1.285095	2.050171
0.035400	-2.003174	-1.258545	1.932068
-0.003052	-1.954346	-1.201172	1.798401
-0.047913	-1.864014	-1.119995	1.654663
-0.096741	-1.729126	-1.019897	1.514893
-0.144348	-1.561584	-0.901184	1.381226
-0.188904	-1.377869	-0.777283	1.251831
-0.221863	-1.193848	-0.634460	1.129761
-0.247192	-1.003113	-0.469360	1.017151
-0.278015	-0.792847	-0.290833	0.908508
-0.310364	-0.576782	-0.107422	0.790710
-0.345459	-0.350952	0.089417	0.658569
-0.380554	-0.112305	0.298462	0.519409
-0.412903	0.135193	0.520935	0.380859
-0.440063	0.402832	0.757446	0.227966
-0.463257	0.696411	1.002808	0.046692
-0.478210	1.007385	1.263428	-0.160522
-0.484924	1.319580	1.537476	-0.383911
-0.487671	1.621704	1.818542	-0.613403
-0.493774	1.915588	2.093506	-0.855103
-0.492249	2.205811	2.355347	-1.097107
-0.472107	2.483521	2.600708	-1.328735
-0.441284	2.716980	2.806091	-1.547546
-0.403137	2.904968	2.955627	-1.748352
-0.363464	3.061829	3.040466	-1.912537
-0.321655	3.178711	3.059082	-2.036133
-0.285339	3.247986	3.002625	-2.119141
-0.247803	3.266602	2.869263	-2.154541
-0.206909	3.229675	2.681274	-2.142029
-0.167236	3.137817	2.445374	-2.094727
-0.119629	2.994995	2.145081	-2.015686
-0.070801	2.799072	1.789246	-1.900635
-0.032349	2.551880	1.403809	-1.749268
0.001831	2.256470	1.001892	-1.571960
0.034790	1.927795	0.600281	-1.372070
0.065002	1.582031	0.197754	-1.154175
0.094910	1.222839	-0.207214	-0.928345
0.124512	0.858459	-0.595093	-0.700073
0.157166	0.496826	-0.959473	-0.466919
0.195313	0.134277	-1.299744	-0.229187
0.240784	-0.222473	-1.604004	0.002441
0.282898	-0.565491	-1.870117	0.221863
0.317383	-0.899353	-2.099915	0.422974
0.355225	-1.213684	-2.303772	0.597229
0.394592	-1.516724	-2.475891	0.749512
0.432739	-1.806030	-2.610168	0.887146
0.466614	-2.072144	-2.712402	0.997925
0.501099	-2.322693	-2.781372	1.099243
0.521545	-2.559509	-2.828674	1.189575
0.534668	-2.759094	-2.858887	1.251221
0.555115	-2.927551	-2.873535	1.286621
0.569458	-3.084717	-2.865601	1.309509
0.570068	-3.216858	-2.834167	1.315002
0.563965	-3.301086	-2.775574	1.290894
0.551147	-3.318176	-2.686462	1.235962
0.533752	-3.287048	-2.564697	1.155396
0.505676	-3.209534	-2.414856	1.050415
0.464478	-3.067017	-2.230835	0.921631
0.409241	-2.870483	-2.014771	0.781250
0.336914	-2.634583	-1.776123	0.617676
0.246887	-2.358704	-1.531982	0.441589
0.154419	-2.050171	-1.273193	0.260620
0.069275	-1.727905	-0.990601	0.075073
-0.018616	-1.398926	-0.694580	-0.107117
-0.103760	-1.068726	-0.401306	-0.294189
-0.179443	-0.749817	-0.134277	-0.487671
-0.245667	-0.463562	0.098572	-0.663452
-0.303345	-0.217896	0.306091	-0.802917
-0.348816	-0.010681	0.507202	-0.924072
-0.387268	0.172729	0.697021	-1.039734
-0.411682	0.326538	0.869751	-1.132507
-0.425110	0.450439	1.024170	-1.186218
-0.443420	0.560913	1.155701	-1.218872
-0.462952	0.657959	1.255798	-1.228027
-0.484314	0.732117	1.337280	-1.200867
-0.502625	0.805054	1.410828	-1.150513
-0.518188	0.874634	1.472778	-1.088867
-0.531311	0.934753	1.518250	-1.026917
-0.537720	0.993958	1.548157	-0.964050
-0.531921	1.043091	1.565552	-0.899658
-0.527954	1.077576	1.573181	-0.830383
-0.523682	1.105957	1.564026	-0.754700
-0.507507	1.122131	1.524963	-0.675659
-0.478821	1.126709	1.448669	-0.596619
-0.437927	1.125183	1.349487	-0.524902
-0.382996	1.105957	1.238403	-0.458679
-0.312500	1.057434	1.122437	-0.395508
-0.240173	0.981140	1.004944	-0.334167
-0.168457	0.878906	0.883179	-0.268250
-0.093079	0.749207	0.755310	-0.197144
-0.012512	0.595093	0.627136	-0.113831
0.074158	0.420837	0.500488	-0.012207
0.157471	0.225220	0.383301	0.100708
0.238342	0.011597	0.276794	0.208740
0.317688	-0.205078	0.169983	0.324097
0.388184	-0.425110	0.078125	0.451660
0.446472	-0.646362	0.010071	0.588379
0.484314	-0.859680	-0.039673	0.725708
0.505676	-1.058044	-0.077515	0.852661
0.519104	-1.234741	-0.108643	0.971985
0.531311	-1.386719	-0.131226	1.088257
0.541077	-1.513062	-0.145264	1.196594
0.534058	-1.615295	-0.155945	1.298218
0.509949	-1.695862	-0.162354	1.399231
0.485229	-1.753235	-0.164795	1.494751
0.462036	-1.806946	-0.180664	1.574707
0.440369	-1.856384	-0.224915	1.652222
0.428772	-1.882019	-0.289001	1.729431
0.427551	-1.887512	-0.361633	1.800537
0.438232	-1.874390	-0.453796	1.864624
0.453796	-1.827087	-0.565186	1.909790
0.474548	-1.744385	-0.686646	1.949158
0.498352	-1.638489	-0.815430	1.978149
0.518188	-1.518555	-0.952148	1.984863
0.534058	-1.387024	-1.080322	1.964417
0.540771	-1.243286	-1.188660	1.908569
0.530090	-1.097412	-1.263428	1.815796
0.503540	-0.959473	-1.303101	1.697083
0.461121	-0.828552	-1.320496	1.547241
0.402222	-0.689697	-1.312866	1.361389
0.330505	-0.538940	-1.281738	1.154480
0.243225	-0.379944	-1.220093	0.926514
0.146790	-0.220032	-1.127319	0.673828
0.046997	-0.053711	-1.007080	0.390320
-0.048523	0.106812	-0.865479	0.103455
-0.145569	0.250549	-0.706177	-0.178223
-0.244141	0.380859	-0.539551	-0.451965
-0.333862	0.501709	-0.365906	-0.704956
-0.407715	0.624695	-0.187073	-0.937805
-0.469666	0.750732	-0.008240	-1.149902
-0.519409	0.876770	0.170288	-1.336365
-0.560303	0.998230	0.344543	-1.498718
-0.591125	1.122437	0.507202	-1.630249
-0.611877	1.250305	0.655518	-1.741028
-0.623169	1.370850	0.792236	-1.832886
-0.624390	1.488953	0.916443	-1.905518
-0.612793	1.612854	1.018066	-1.962585
-0.589905	1.742554	1.101685	-2.012024
-0.554504	1.872864	1.169739	-2.054749
-0.518494	1.996155	1.220093	-2.088623
-0.480042	2.100525	1.249390	-2.101746
-0.440369	2.177734	1.261902	-2.092590
-0.406189	2.238770	1.259155	-2.063904
-0.371704	2.293396	1.241150	-2.015076
-0.324097	2.329712	1.200562	-1.949158
-0.268250	2.339478	1.139526	-1.850586
-0.213013	2.322083	1.067505	-1.719360
-0.161133	2.280579	0.988770	-1.563110
-0.112610	2.214050	0.896912	-1.378174
-0.063477	2.113037	0.781250	-1.158142
-0.007935	1.971741	0.640869	-0.904846
0.046387	1.793213	0.488586	-0.630798
0.101318	1.573792	0.328369	-0.328369
0.151367	1.315918	0.163574	-0.007019
0.189819	1.029663	-0.013428	0.308838
0.213013	0.721741	-0.205994	0.612183
0.230408	0.393372	-0.409851	0.917969
0.243835	0.054932	-0.618896	1.221008
0.253296	-0.291138	-0.823975	1.489868
0.255432	-0.637207	-1.022644	1.711731
0.248718	-0.984497	-1.207886	1.889343
0.232849	-1.333008	-1.374817	2.020874
0.213623	-1.666870	-1.521606	2.094727
0.193481	-1.985474	-1.640930	2.106628
0.173645	-2.291260	-1.728516	2.064209
0.152893	-2.575684	-1.782837	1.970215
0.134888	-2.820435	-1.808777	1.835632
0.125732	-3.031921	-1.809387	1.670227
0.128784	-3.220825	-1.790466	1.484070
0.136719	-3.354187	-1.751709	1.285095
0.149536	-3.421021	-1.681519	1.079407
0.170593	-3.439636	-1.583252	0.872803
0.187073	-3.408508	-1.465149	0.667725
0.196228	-3.315125	-1.325684	0.463562
0.191040	-3.167114	-1.157227	0.263367
0.171814	-2.977600	-0.971375	0.069275
0.146484	-2.755737	-0.783386	-0.111694
0.111084	-2.503357	-0.578918	-0.279846
0.058899	-2.219543	-0.346375	-0.435181
-0.012207	-1.911926	-0.096130	-0.573730
-0.093384	-1.589355	0.160217	-0.696106
-0.177917	-1.249695	0.408325	-0.814514
-0.267944	-0.881653	0.647278	-0.929260
-0.349731	-0.521240	0.867920	-1.018066
-0.420227	-0.169678	1.092224	-1.088257
-0.476990	0.185547	1.327515	-1.150513
-0.514526	0.538025	1.557922	-1.199341
-0.534973	0.878601	1.765137	-1.235657
-0.540466	1.208801	1.937866	-1.262817
-0.532532	1.524353	2.070007	-1.275940
-0.515442	1.813049	2.176208	-1.267700
-0.485535	2.075806	2.261047	-1.242676
-0.449219	2.309265	2.317810	-1.211243
-0.406494	2.510376	2.345276	-1.174011
-0.352173	2.676392	2.336731	-1.120300
-0.289001	2.799072	2.290039	-1.046753
-0.226746	2.875366	2.204590	-0.963440
-0.170593	2.896118	2.084656	-0.882874
-0.117188	2.880554	1.933289	-0.808716
-0.068665	2.844543	1.759644	-0.743408
-0.029602	2.774353	1.562805	-0.687561
0.003052	2.660217	1.356506	-0.639648
0.032043	2.514343	1.149902	-0.594788
0.054016	2.357788	0.947571	-0.545654
0.063782	2.194824	0.758667	-0.495300
