2020/1/9 9:21:58 40us
CH1			CH2			CH3			CH4
-0.006409	0.001526	0.009460	-0.007629
-0.006104	0.001831	0.009155	-0.007629
-0.005798	0.001526	0.008850	-0.007324
-0.006104	0.001831	0.009460	-0.007324
-0.006409	0.001831	0.009460	-0.007324
-0.006104	0.002136	0.009766	-0.007324
-0.005798	0.002441	0.009766	-0.007324
-0.005798	0.002441	0.009460	-0.007629
-0.005798	0.002747	0.009766	-0.007324
-0.005493	0.003052	0.009766	-0.007019
-0.005798	0.003052	0.010071	-0.007324
-0.005188	0.003662	0.010376	-0.006409
-0.005493	0.004272	0.010681	-0.006409
-0.005188	0.004272	0.010681	-0.006409
-0.005493	0.004883	0.010376	-0.006409
-0.005188	0.005188	0.010986	-0.006104
-0.005188	0.005798	0.011292	-0.006104
-0.004883	0.005798	0.011597	-0.006104
-0.004883	0.006104	0.011597	-0.005798
-0.004883	0.007019	0.012207	-0.005798
-0.004883	0.007629	0.012512	-0.005493
-0.004578	0.007629	0.012207	-0.005493
-0.004578	0.007629	0.012817	-0.005188
-0.004578	0.007629	0.012817	-0.004883
-0.004578	0.008545	0.013123	-0.005798
-0.005188	0.008545	0.013123	-0.005188
-0.004578	0.008240	0.013428	-0.005188
-0.004883	0.008545	0.013428	-0.005188
-0.004578	0.008850	0.013428	-0.004883
-0.004883	0.008850	0.013428	-0.005188
-0.004883	0.008850	0.013733	-0.005798
-0.004578	0.009155	0.014038	-0.005798
-0.004578	0.009155	0.013428	-0.005493
-0.005493	0.009155	0.013733	-0.005493
-0.004578	0.008850	0.013733	-0.005798
-0.004883	0.008545	0.013428	-0.004883
-0.005188	0.008545	0.013428	-0.005798
-0.005188	0.008545	0.013733	-0.006409
-0.005188	0.007935	0.013733	-0.009155
-0.005798	0.007935	0.014954	-0.004578
-0.004883	0.007324	0.013428	0.001526
-0.003052	0.006409	0.008240	0.000000
-0.006409	0.007629	0.012512	0.029297
-0.007019	0.010986	0.004883	0.011597
0.003052	0.005798	-0.002136	0.085754
-0.025024	0.013123	-0.008240	0.256653
0.003052	0.006104	-0.071716	0.441895
-0.008545	0.010986	-0.122070	0.675049
-0.077515	0.034485	-0.109863	0.798950
-0.098267	0.039673	-0.058594	0.931396
-0.132751	-0.004883	0.055847	1.070557
-0.155945	-0.098267	0.178528	1.233521
-0.091858	-0.171814	0.345154	1.381531
-0.010986	-0.218811	0.546570	1.441345
0.081177	-0.318909	0.805054	1.394958
0.168762	-0.410156	1.169739	1.247253
0.226746	-0.429077	1.478577	0.981750
0.286865	-0.453796	1.787720	0.614929
0.353394	-0.362854	2.036133	0.207214
0.454407	-0.216064	2.163696	-0.269165
0.516968	0.004578	2.297668	-0.773010
0.554199	0.299072	2.315369	-1.308899
0.522156	0.644226	2.172852	-1.852417
0.453186	0.975037	1.905212	-2.371521
0.395508	1.231384	1.541748	-2.799683
0.374146	1.414795	1.138306	-3.169250
0.415649	1.561279	0.756836	-3.516541
0.386963	1.637268	0.295715	-3.850708
0.327148	1.682129	-0.164795	-4.070740
0.298767	1.730042	-0.646667	-4.199524
0.223389	1.748962	-1.120911	-4.263306
0.169983	1.759949	-1.558838	-4.288940
0.110168	1.734009	-1.969604	-4.256592
0.005493	1.679382	-2.290955	-4.143982
-0.112610	1.602173	-2.561340	-3.938904
-0.231018	1.508179	-2.744751	-3.659363
-0.344238	1.393738	-2.862244	-3.292236
-0.422363	1.200867	-2.938843	-2.860413
-0.527649	0.978394	-2.943115	-2.424622
-0.624084	0.784607	-2.854004	-1.904907
-0.706177	0.613098	-2.690430	-1.387634
-0.797119	0.443115	-2.519531	-0.865784
-0.846252	0.253601	-2.375793	-0.311584
-0.859375	0.043945	-2.238159	0.208740
-0.793762	-0.145569	-2.111206	0.697937
-0.669556	-0.337524	-1.967773	1.153259
-0.506287	-0.502014	-1.810303	1.502075
-0.314331	-0.659485	-1.656494	1.755981
-0.122070	-0.802612	-1.530457	1.971436
0.095825	-0.989685	-1.392517	2.153320
0.314026	-1.204224	-1.238098	2.277832
0.505066	-1.399841	-1.091003	2.294312
0.657349	-1.599426	-0.923767	2.283936
0.748596	-1.784058	-0.774841	2.279968
0.794678	-2.008362	-0.640259	2.280884
0.802307	-2.257385	-0.509644	2.282715
0.777283	-2.477417	-0.380554	2.263184
0.704651	-2.640686	-0.255432	2.221069
0.547180	-2.744446	-0.113525	2.169189
0.336304	-2.764893	0.018616	2.099915
0.114441	-2.705688	0.129395	2.056885
-0.080261	-2.570190	0.252686	1.993408
-0.286865	-2.456665	0.378113	1.968689
-0.496216	-2.360229	0.506592	1.943359
-0.699463	-2.270813	0.639954	1.916199
-0.867615	-2.199097	0.790405	1.885071
-0.989075	-2.091064	0.959167	1.836853
-1.066589	-2.018738	1.123047	1.791382
-1.102295	-1.991272	1.282959	1.741028
-1.115112	-1.942749	1.424255	1.699524
-1.138916	-1.884766	1.557312	1.700134
-1.154175	-1.743774	1.694336	1.686401
-1.109619	-1.511536	1.846924	1.642761
-1.058350	-1.214294	1.968994	1.598511
-0.980835	-0.877075	2.052002	1.516418
-0.894165	-0.510864	2.089539	1.389160
-0.838928	-0.090637	2.079163	1.247864
-0.789490	0.330811	2.077332	1.099243
-0.752258	0.773926	2.056274	0.928955
-0.682983	1.219788	2.018433	0.726318
-0.606079	1.635742	1.977844	0.531616
-0.520020	2.009583	1.929932	0.321960
-0.415955	2.340698	1.882629	0.118713
-0.346069	2.606812	1.850586	-0.086060
-0.292969	2.791443	1.813660	-0.303040
-0.199890	2.830811	1.764526	-0.485840
-0.062866	2.750854	1.701660	-0.680847
0.083618	2.590332	1.605225	-0.869141
0.241699	2.354126	1.490784	-1.040649
0.383301	2.077026	1.360779	-1.199646
0.496216	1.790771	1.209106	-1.320496
0.584717	1.510315	1.044922	-1.421204
0.653076	1.199646	0.893860	-1.498108
0.715942	0.867310	0.715027	-1.502686
0.761719	0.519714	0.494995	-1.459351
0.800781	0.181885	0.268250	-1.383362
0.835876	-0.123596	0.046387	-1.296692
0.864868	-0.424194	-0.150452	-1.203613
0.900574	-0.727844	-0.318298	-1.132507
0.931091	-1.013794	-0.472107	-1.071472
0.971069	-1.259766	-0.632324	-1.004639
1.003113	-1.426086	-0.790100	-0.929565
1.009216	-1.536560	-0.914001	-0.870056
1.027832	-1.575623	-1.021729	-0.852661
1.054993	-1.524353	-1.138000	-0.845947
1.069641	-1.488953	-1.280518	-0.793457
1.076660	-1.417542	-1.456299	-0.691833
1.054993	-1.262817	-1.623230	-0.539246
1.015930	-1.058350	-1.799316	-0.350952
0.957642	-0.827332	-1.983948	-0.147095
0.890198	-0.571899	-2.175293	0.055542
0.806274	-0.256958	-2.381592	0.261230
0.714722	0.079956	-2.544250	0.482788
0.626831	0.407410	-2.699585	0.702209
0.502625	0.732117	-2.837219	0.899658
0.366516	1.046448	-2.914734	1.047363
0.231323	1.330872	-2.912903	1.114807
0.092163	1.573181	-2.849426	1.129761
-0.048523	1.761169	-2.771606	1.035461
-0.188599	1.866760	-2.650757	0.814209
-0.317993	1.893616	-2.490234	0.540771
-0.430603	1.852112	-2.283325	0.249023
-0.539551	1.686096	-1.996155	-0.098877
-0.629578	1.443176	-1.647949	-0.509949
-0.705566	1.178284	-1.296082	-0.913391
-0.770569	0.874329	-0.976868	-1.264038
-0.800171	0.575256	-0.696716	-1.577454
-0.820007	0.296631	-0.447083	-1.826477
-0.829468	0.036316	-0.202332	-1.976318
-0.816040	-0.195313	0.025330	-2.050781
-0.799561	-0.401611	0.192871	-2.052917
-0.777893	-0.566406	0.311584	-1.998901
-0.744629	-0.683289	0.412903	-1.905823
-0.684204	-0.786438	0.530701	-1.782532
-0.637817	-0.878296	0.671387	-1.638489
-0.591125	-0.957947	0.817261	-1.496582
-0.535889	-1.039734	0.951843	-1.310425
-0.488586	-1.101379	1.076660	-1.068115
-0.438538	-1.122742	1.206970	-0.802307
-0.394287	-1.137695	1.363220	-0.558777
-0.346680	-1.149597	1.547241	-0.346680
-0.326538	-1.113892	1.726990	-0.126343
-0.347595	-1.007996	1.884766	0.094604
-0.370178	-0.839539	2.008362	0.309143
-0.388184	-0.657043	2.107239	0.533447
-0.397949	-0.463562	2.174072	0.796204
-0.394897	-0.268250	2.224426	1.063538
-0.384827	-0.082703	2.251587	1.315002
-0.350037	0.093994	2.207642	1.572266
-0.304260	0.235596	2.104187	1.830444
-0.270081	0.321350	1.951599	2.078552
-0.241699	0.343323	1.759338	2.312622
-0.211182	0.307922	1.558838	2.512207
-0.162048	0.215149	1.330872	2.657471
-0.116882	0.074463	1.089172	2.745056
-0.065308	-0.107727	0.841370	2.775269
-0.019836	-0.343018	0.586548	2.744141
0.006409	-0.618591	0.334473	2.677612
0.018005	-0.905457	0.111694	2.562866
0.004883	-1.196594	-0.086365	2.403870
-0.017090	-1.478882	-0.260925	2.219849
-0.026855	-1.751099	-0.409546	2.003784
-0.031433	-1.981201	-0.525208	1.788025
-0.017395	-2.161560	-0.623474	1.551514
0.002136	-2.307739	-0.699768	1.282349
0.023804	-2.436829	-0.746765	1.027222
0.059814	-2.532959	-0.773926	0.792847
0.117798	-2.586060	-0.772705	0.585022
0.224915	-2.592163	-0.740356	0.395508
0.380554	-2.563782	-0.678711	0.202637
0.556030	-2.521057	-0.577087	0.002136
0.727844	-2.467041	-0.443726	-0.175781
0.879822	-2.392273	-0.297852	-0.321350
0.992737	-2.287598	-0.148926	-0.444946
1.068726	-2.150574	-0.006104	-0.543518
1.116333	-1.976624	0.136414	-0.611877
1.139832	-1.759949	0.263977	-0.661926
1.144104	-1.511841	0.375061	-0.709534
1.120911	-1.223755	0.466919	-0.739136
1.062012	-0.893860	0.528564	-0.730286
0.972595	-0.536804	0.551758	-0.696716
0.852356	-0.154419	0.544739	-0.643616
0.712891	0.265808	0.536194	-0.580750
0.552979	0.726624	0.530396	-0.527039
0.394592	1.215515	0.513611	-0.473022
0.226746	1.723328	0.479736	-0.436401
0.060425	2.218628	0.441284	-0.419006
-0.087585	2.691956	0.398865	-0.417175
-0.208130	3.127747	0.350647	-0.436401
-0.306396	3.504944	0.305481	-0.471191
-0.393372	3.834229	0.256042	-0.533447
-0.454712	4.107666	0.193176	-0.621643
-0.496216	4.330139	0.119324	-0.725098
-0.513916	4.503479	0.028076	-0.847168
-0.511169	4.610596	-0.061951	-0.974731
-0.494690	4.661255	-0.144043	-1.099243
-0.474854	4.633789	-0.235901	-1.200562
-0.454712	4.556580	-0.338135	-1.278076
-0.421448	4.483032	-0.454712	-1.345215
-0.374451	4.392700	-0.560913	-1.397705
-0.322266	4.279175	-0.626831	-1.435547
-0.271301	4.153442	-0.645752	-1.461792
-0.236511	4.033813	-0.617981	-1.463013
-0.194397	3.918457	-0.539856	-1.446228
-0.150757	3.781738	-0.445862	-1.386719
-0.106812	3.612061	-0.345459	-1.289673
-0.042725	3.389893	-0.223389	-1.161804
0.032349	3.120117	-0.076294	-0.995789
0.112610	2.813416	0.086060	-0.802002
0.191956	2.466431	0.233154	-0.594177
0.267334	2.075500	0.353699	-0.365601
0.340576	1.653748	0.428162	-0.089722
0.407410	1.187744	0.467529	0.224915
0.454102	0.711670	0.478821	0.521240
0.476074	0.239258	0.463562	0.802917
0.467529	-0.221252	0.407104	1.083984
0.422668	-0.686951	0.312805	1.350098
0.357971	-1.153870	0.195923	1.572876
0.272827	-1.624756	0.062561	1.745911
0.187683	-2.060852	-0.071106	1.862793
0.094299	-2.463074	-0.206909	1.936951
-0.011902	-2.803955	-0.337219	1.962280
-0.120850	-3.111267	-0.470276	1.949463
-0.213318	-3.392029	-0.610962	1.907959
-0.287476	-3.623657	-0.737610	1.835022
-0.363159	-3.773499	-0.835266	1.735229
-0.435181	-3.854980	-0.903931	1.622009
-0.482483	-3.870239	-0.947266	1.502991
-0.515442	-3.803711	-0.970764	1.377869
-0.536194	-3.666687	-0.965271	1.251526
-0.537720	-3.498230	-0.936279	1.128540
-0.535278	-3.326721	-0.912170	1.013794
-0.545959	-3.136902	-0.887756	0.919800
-0.557556	-2.921143	-0.827637	0.830688
-0.569153	-2.690125	-0.720825	0.766296
-0.575256	-2.456360	-0.590820	0.719299
-0.573120	-2.221375	-0.455017	0.662537
-0.557556	-1.992798	-0.314026	0.594788
-0.526123	-1.777344	-0.166931	0.532837
-0.489807	-1.578979	0.012512	0.472107
-0.444336	-1.393433	0.243530	0.378113
-0.391846	-1.223145	0.527039	0.246582
-0.332336	-1.086121	0.843811	0.077209
-0.266724	-0.958862	1.172485	-0.137024
-0.199585	-0.821838	1.519470	-0.390320
-0.144348	-0.681763	1.865234	-0.664978
-0.103760	-0.524597	2.187805	-0.953674
-0.071716	-0.364990	2.482300	-1.247253
-0.044556	-0.209656	2.724609	-1.537781
-0.019226	-0.059509	2.888489	-1.804504
0.010376	0.072021	2.950745	-2.025146
0.027771	0.189819	2.918396	-2.204590
0.030212	0.298767	2.798767	-2.353821
0.037231	0.392761	2.584534	-2.471313
0.057068	0.465393	2.282410	-2.545471
0.093384	0.520020	1.905518	-2.575073
0.135803	0.548706	1.475525	-2.561340
0.176697	0.550842	1.017456	-2.498474
0.213013	0.551147	0.559998	-2.392578
0.234680	0.566406	0.115356	-2.261353
0.244751	0.600281	-0.298157	-2.115479
0.259094	0.647278	-0.662231	-1.946716
0.273743	0.704651	-0.969543	-1.735229
0.282288	0.781555	-1.207275	-1.490784
0.289917	0.886536	-1.376038	-1.242676
0.298462	1.014404	-1.493835	-0.992432
0.306396	1.150818	-1.558228	-0.728149
0.330200	1.292725	-1.573181	-0.456238
0.361938	1.439819	-1.560364	-0.182190
0.390930	1.598206	-1.526794	0.087891
0.419312	1.770325	-1.480408	0.354919
0.444031	1.944885	-1.431274	0.613403
0.470886	2.100830	-1.386108	0.845947
0.500793	2.216492	-1.351624	1.048889
0.527954	2.294006	-1.325684	1.220093
0.555420	2.332764	-1.306458	1.351013
0.576172	2.322693	-1.287537	1.437073
0.590210	2.263184	-1.269226	1.480103
0.605164	2.165222	-1.237488	1.479797
0.619202	2.030334	-1.186829	1.445313
0.633240	1.872559	-1.136475	1.391296
0.643616	1.706848	-1.096802	1.320190
0.638733	1.527710	-1.065674	1.241455
0.612488	1.339111	-1.037903	1.160889
0.568237	1.150208	-0.993958	1.073303
0.512695	0.960388	-0.933533	0.972900
0.445251	0.777588	-0.871582	0.854797
0.369263	0.596313	-0.807495	0.730591
0.282288	0.404968	-0.740967	0.607910
0.191345	0.207214	-0.664978	0.496521
0.105591	0.005493	-0.572815	0.387573
0.016174	-0.196838	-0.469971	0.284729
-0.073853	-0.396118	-0.364075	0.197449
-0.157471	-0.586243	-0.265503	0.130310
-0.219116	-0.766907	-0.163574	0.095520
-0.258484	-0.931702	-0.047302	0.104065
-0.285034	-1.066895	0.079041	0.144043
-0.299988	-1.170349	0.212402	0.209656
-0.308228	-1.230164	0.345459	0.306396
-0.312805	-1.240845	0.474548	0.437622
-0.316162	-1.199036	0.605774	0.598450
-0.327454	-1.100769	0.750427	0.776367
-0.353394	-0.943604	0.908813	0.960999
-0.387878	-0.725708	1.080627	1.139221
-0.432129	-0.457458	1.263123	1.296997
-0.477905	-0.155640	1.444702	1.430969
-0.520020	0.161743	1.611938	1.529541
-0.561829	0.478821	1.759338	1.582031
-0.607300	0.782776	1.888123	1.584473
-0.649414	1.060791	2.002258	1.539001
-0.678101	1.298523	2.091370	1.452637
-0.683899	1.483459	2.148743	1.342468
-0.659180	1.592102	2.174988	1.208496
-0.614319	1.607666	2.169800	1.046448
-0.561829	1.544800	2.136230	0.855103
-0.491028	1.411438	2.078857	0.641785
-0.410461	1.214600	1.999207	0.432434
-0.333862	0.960693	1.897583	0.246277
-0.261841	0.679932	1.781616	0.080261
-0.203552	0.388794	1.665649	-0.084839
-0.157471	0.091248	1.551208	-0.249023
-0.123901	-0.210266	1.426392	-0.408020
-0.106506	-0.509949	1.296692	-0.549622
-0.096436	-0.802612	1.165466	-0.659180
-0.084534	-1.086426	1.042786	-0.737610
-0.065918	-1.359863	0.918884	-0.796204
-0.041199	-1.617737	0.790710	-0.844116
-0.013123	-1.856689	0.657654	-0.864258
0.023499	-2.078552	0.519714	-0.846863
0.069275	-2.285156	0.382080	-0.798340
0.120239	-2.470703	0.244141	-0.736389
0.173950	-2.620850	0.105591	-0.656738
0.229492	-2.746582	-0.044556	-0.540466
0.289001	-2.883911	-0.222473	-0.404663
0.348206	-2.997742	-0.423889	-0.254211
0.409241	-3.043213	-0.625610	-0.090637
0.478821	-3.031616	-0.827942	0.081482
0.549622	-2.971497	-1.038208	0.259094
0.616455	-2.850037	-1.257935	0.437622
0.663147	-2.659302	-1.472473	0.599060
0.696411	-2.410278	-1.687012	0.741577
0.702820	-2.134399	-1.906128	0.859680
0.679321	-1.819763	-2.131348	0.946960
0.645142	-1.486206	-2.330933	0.989685
0.599060	-1.144104	-2.495422	0.981750
0.535583	-0.801086	-2.613525	0.923462
0.458069	-0.464172	-2.684937	0.779419
0.359802	-0.142212	-2.721863	0.550842
0.243225	0.157471	-2.740173	0.290222
0.124207	0.436096	-2.716980	0.013428
0.007935	0.690308	-2.641602	-0.302124
-0.094910	0.928345	-2.503967	-0.640259
-0.185852	1.143188	-2.326660	-0.965271
-0.272827	1.320801	-2.132263	-1.272888
-0.345764	1.481934	-1.923828	-1.554871
-0.397034	1.615906	-1.705627	-1.783447
-0.411377	1.726685	-1.481323	-1.947021
-0.402832	1.827087	-1.250000	-2.055969
-0.383606	1.915588	-1.006470	-2.124634
-0.347900	1.994934	-0.764465	-2.151794
-0.283203	2.064514	-0.530090	-2.140808
-0.204773	2.112732	-0.300293	-2.106934
-0.129089	2.155762	-0.061646	-2.058716
-0.055542	2.201233	0.182495	-2.011414
0.015259	2.248840	0.420532	-1.963196
0.077209	2.317505	0.645447	-1.924438
0.133972	2.391968	0.852356	-1.898804
0.186768	2.438049	1.049805	-1.876831
0.234375	2.452393	1.229858	-1.842957
0.256348	2.462769	1.390686	-1.788330
0.251465	2.480469	1.526794	-1.712341
0.238342	2.495422	1.627808	-1.606140
0.226746	2.491150	1.686401	-1.458740
0.216064	2.463379	1.700134	-1.261292
0.197449	2.408142	1.678467	-1.036377
0.170898	2.318115	1.612244	-0.790710
0.140076	2.193298	1.506042	-0.515442
0.100708	2.032471	1.386414	-0.213928
0.057678	1.833801	1.254272	0.111389
0.006714	1.601257	1.109314	0.448608
-0.049744	1.342773	0.952759	0.786133
-0.103760	1.060486	0.794678	1.102295
-0.158081	0.765076	0.644836	1.392822
-0.212097	0.458679	0.508423	1.650696
-0.264893	0.135498	0.387268	1.875610
-0.315247	-0.205383	0.280151	2.061157
-0.359497	-0.553284	0.184631	2.201233
-0.404053	-0.896301	0.091858	2.296448
-0.444031	-1.228333	0.004578	2.348938
-0.479431	-1.528625	-0.072021	2.360535
-0.506592	-1.779785	-0.135803	2.339478
-0.511169	-1.972656	-0.180054	2.283325
-0.495911	-2.113037	-0.196533	2.200012
-0.459595	-2.213745	-0.191650	2.103271
-0.404358	-2.275085	-0.162048	1.994324
-0.333557	-2.287598	-0.105591	1.875916
-0.246277	-2.256775	-0.018005	1.760559
-0.141907	-2.208252	0.106506	1.650696
-0.022278	-2.154541	0.264282	1.546631
0.099182	-2.096863	0.428772	1.459961
0.205383	-2.028809	0.581055	1.395264
0.292053	-1.950684	0.725403	1.346130
0.357971	-1.852722	0.867004	1.302185
0.401001	-1.741028	1.000671	1.261902
0.413818	-1.622620	1.131287	1.214905
0.407715	-1.502991	1.232605	1.167297
0.378418	-1.383972	1.309814	1.118164
0.314941	-1.271057	1.367798	1.045227
0.224304	-1.157227	1.407471	0.939941
0.120544	-1.040039	1.418457	0.803833
0.010681	-0.917969	1.384888	0.642395
-0.101013	-0.789490	1.311646	0.470276
-0.200195	-0.664368	1.205444	0.299072
-0.291138	-0.531006	1.078491	0.126953
-0.373840	-0.375977	0.938721	-0.050049
-0.436096	-0.212097	0.796509	-0.233154
-0.471497	-0.052185	0.639038	-0.412903
-0.483093	0.104980	0.452881	-0.584412
-0.463257	0.267944	0.246887	-0.756531
-0.419006	0.436096	0.045471	-0.929565
-0.377197	0.611877	-0.162048	-1.100464
-0.346375	0.798950	-0.372314	-1.261902
-0.315552	0.986023	-0.558167	-1.410828
-0.291138	1.172791	-0.721130	-1.551514
-0.274658	1.358643	-0.876160	-1.685181
-0.261230	1.544800	-1.015625	-1.805725
-0.259094	1.736450	-1.132507	-1.920776
-0.267029	1.929016	-1.223145	-2.026672
-0.266113	2.109070	-1.287842	-2.119446
-0.251770	2.281799	-1.310425	-2.199402
-0.232239	2.422180	-1.283264	-2.264404
-0.208740	2.519226	-1.215210	-2.317200
-0.173645	2.590027	-1.117249	-2.355042
-0.126038	2.630005	-0.993042	-2.376099
-0.070190	2.630615	-0.852356	-2.373962
0.006714	2.597046	-0.716858	-2.345581
0.101013	2.530823	-0.581360	-2.292786
0.197449	2.438354	-0.441895	-2.204895
0.296021	2.324524	-0.321350	-2.080688
0.394287	2.177429	-0.242615	-1.933899
0.482788	1.989136	-0.185852	-1.770630
0.550842	1.759949	-0.138855	-1.603394
0.597839	1.492615	-0.119629	-1.428528
0.630493	1.185608	-0.155334	-1.264038
0.642395	0.842590	-0.251465	-1.126404
0.636597	0.474548	-0.400696	-0.997009
0.609741	0.100708	-0.591736	-0.863342
0.568237	-0.265198	-0.818176	-0.749512
0.514526	-0.588074	-1.055298	-0.664673
0.447388	-0.871582	-1.279297	-0.593872
0.362549	-1.152954	-1.490479	-0.527954
0.270996	-1.432800	-1.685486	-0.458374
0.181274	-1.698303	-1.846008	-0.379333
0.098572	-1.939087	-1.961670	-0.302124
0.036926	-2.131042	-2.038269	-0.217285
0.000916	-2.280273	-2.075500	-0.115051
-0.023193	-2.418213	-2.071533	0.005493
-0.049744	-2.523804	-2.035217	0.154114
-0.072632	-2.582397	-1.967468	0.328979
-0.102234	-2.598877	-1.859741	0.524902
-0.133057	-2.574768	-1.730042	0.731812
-0.146484	-2.520447	-1.589050	0.942688
-0.149536	-2.434692	-1.432495	1.148987
-0.156860	-2.318420	-1.270142	1.315918
-0.164490	-2.191467	-1.094666	1.447144
-0.170288	-2.054749	-0.904236	1.525879
-0.185852	-1.895447	-0.689697	1.551514
-0.222778	-1.728821	-0.441284	1.537781
-0.274048	-1.550903	-0.161438	1.492920
-0.319214	-1.368103	0.128784	1.412048
-0.352173	-1.188965	0.421143	1.285095
-0.379639	-1.008301	0.727539	1.121216
-0.399170	-0.826416	1.038818	0.939026
-0.409546	-0.654907	1.339722	0.747375
-0.412903	-0.489197	1.634521	0.538940
-0.411072	-0.326233	1.927185	0.326233
-0.413208	-0.189514	2.195129	0.114746
-0.423279	-0.075378	2.423096	-0.090942
-0.424194	0.017090	2.606201	-0.268250
-0.419617	0.076294	2.744446	-0.404053
-0.415649	0.115356	2.830505	-0.506592
-0.408020	0.129395	2.863464	-0.572510
-0.403748	0.112610	2.849731	-0.593567
-0.404663	0.083008	2.797241	-0.580444
-0.399780	0.031433	2.704163	-0.541382
-0.397034	-0.046082	2.567444	-0.474243
-0.397644	-0.125427	2.401123	-0.386047
-0.386658	-0.204468	2.209778	-0.279846
-0.354614	-0.275879	2.000122	-0.166321
-0.309143	-0.335083	1.779175	-0.057678
-0.255737	-0.396118	1.549377	0.053406
-0.192871	-0.436096	1.321411	0.176086
-0.131531	-0.430603	1.109009	0.308228
-0.077515	-0.385742	0.898132	0.445557
-0.014343	-0.308838	0.699158	0.587769
0.061646	-0.211182	0.520630	0.739441
0.140381	-0.105591	0.357666	0.910339
0.215149	0.005188	0.192566	1.087952
0.283813	0.115051	0.025024	1.257019
0.345154	0.207520	-0.147705	1.420898
0.400085	0.289307	-0.330505	1.564026
0.449524	0.360107	-0.513306	1.678162
0.493164	0.422974	-0.690918	1.767273
0.530396	0.471497	-0.867615	1.822815
0.558472	0.485229	-1.041565	1.840210
0.573425	0.455322	-1.202087	1.823730
0.574646	0.394287	-1.350098	1.772156
0.566406	0.306396	-1.484070	1.677246
0.544434	0.202026	-1.599121	1.539001
0.509949	0.099487	-1.681519	1.354675
0.462646	-0.000305	-1.734009	1.137695
0.401917	-0.102234	-1.756287	0.904846
0.346985	-0.198669	-1.752625	0.643921
0.309143	-0.285034	-1.728210	0.361328
0.286255	-0.349121	-1.690674	0.080566
0.274658	-0.386658	-1.647644	-0.190430
0.270081	-0.409851	-1.604004	-0.440979
0.269165	-0.422668	-1.554871	-0.666809
0.275269	-0.411682	-1.502380	-0.877991
0.283813	-0.382080	-1.442566	-1.064758
0.290222	-0.343628	-1.366882	-1.211548
0.299072	-0.298767	-1.276855	-1.321106
0.325623	-0.248718	-1.186523	-1.398010
0.358276	-0.189209	-1.105652	-1.443787
0.387268	-0.112610	-1.032715	-1.456909
0.402832	-0.028076	-0.954895	-1.430969
0.398254	0.065308	-0.858765	-1.374207
0.380554	0.172424	-0.739136	-1.296692
0.354309	0.292664	-0.603027	-1.203613
0.316162	0.429688	-0.452881	-1.087646
0.260315	0.578613	-0.300903	-0.952759
0.192261	0.727234	-0.161133	-0.814209
0.112000	0.882874	-0.029297	-0.676880
0.025024	1.040955	0.088806	-0.546570
-0.062561	1.202087	0.194702	-0.431824
-0.155334	1.366272	0.292664	-0.331116
-0.249939	1.517639	0.379333	-0.252686
-0.335999	1.643982	0.451050	-0.197449
-0.415344	1.740723	0.514832	-0.165100
-0.482788	1.792603	0.569153	-0.153503
-0.526428	1.793823	0.598145	-0.157471
-0.552979	1.744995	0.599976	-0.179138
-0.569153	1.636963	0.584717	-0.220337
-0.579834	1.460876	0.549927	-0.276794
-0.589600	1.234741	0.497131	-0.344238
-0.596008	0.987549	0.434265	-0.414734
-0.591125	0.726013	0.371399	-0.488892
-0.581970	0.454407	0.308838	-0.566406
-0.565796	0.179138	0.244446	-0.637207
-0.542908	-0.088806	0.177002	-0.693359
-0.524597	-0.346985	0.115967	-0.739136
-0.506592	-0.597534	0.070190	-0.768127
-0.485229	-0.834045	0.039063	-0.780029
-0.464172	-1.052856	0.036926	-0.775452
-0.442505	-1.251221	0.072632	-0.740356
-0.416260	-1.425171	0.134277	-0.667419
-0.381775	-1.575623	0.204163	-0.564270
-0.332947	-1.707458	0.277100	-0.429688
-0.270081	-1.824036	0.346069	-0.260620
-0.196838	-1.935425	0.415649	-0.064087
-0.112915	-2.058411	0.484314	0.155029
-0.020142	-2.172241	0.544434	0.388184
0.071411	-2.257690	0.590210	0.633545
0.158997	-2.331848	0.613098	0.889587
0.240173	-2.392578	0.610657	1.148682
0.304871	-2.424316	0.584717	1.410522
0.359802	-2.420044	0.536194	1.670227
0.406189	-2.379761	0.457764	1.903687
0.436401	-2.306213	0.346680	2.101135
0.446472	-2.207947	0.219116	2.259827
0.442200	-2.084656	0.083923	2.373962
0.420227	-1.933289	-0.050659	2.440186
0.381775	-1.765747	-0.178833	2.459106
0.335693	-1.588135	-0.300903	2.420654
0.288086	-1.405029	-0.418396	2.326965
0.240173	-1.224060	-0.537109	2.196655
0.187988	-1.045532	-0.650635	2.026062
0.129395	-0.870972	-0.745850	1.802368
0.074158	-0.693665	-0.813599	1.542053
0.020142	-0.518799	-0.853882	1.268921
-0.039673	-0.350647	-0.865173	0.990601
-0.094604	-0.181885	-0.843811	0.715332
-0.142822	-0.011292	-0.792847	0.456238
-0.176086	0.156250	-0.714417	0.216980
-0.194702	0.323181	-0.607910	-0.012512
-0.203552	0.478516	-0.481262	-0.231018
-0.205383	0.629578	-0.336304	-0.437622
-0.200500	0.775146	-0.178528	-0.620117
-0.196533	0.915222	-0.005493	-0.782776
-0.188904	1.062927	0.181885	-0.935059
-0.171509	1.229248	0.374451	-1.078796
-0.142212	1.407166	0.562134	-1.211243
-0.105896	1.595154	0.743103	-1.331482
-0.060730	1.788330	0.922546	-1.447144
-0.010986	1.975708	1.102295	-1.562195
0.037537	2.147217	1.274414	-1.669617
0.079041	2.312317	1.429443	-1.771851
0.111389	2.463074	1.554871	-1.857605
0.139771	2.589417	1.655273	-1.914978
0.172729	2.692261	1.728821	-1.936951
0.209656	2.770691	1.761475	-1.920471
0.246277	2.818909	1.748962	-1.867065
0.274048	2.841797	1.683350	-1.774292
0.293884	2.830505	1.569214	-1.637268
0.305176	2.777710	1.416626	-1.465454
0.310059	2.695618	1.231995	-1.268616
0.311584	2.585144	1.020813	-1.056824
0.307007	2.444153	0.796204	-0.832520
0.293884	2.276917	0.567932	-0.597839
0.277100	2.086487	0.338135	-0.355835
0.248108	1.871033	0.113831	-0.118713
0.208435	1.636963	-0.102844	0.106812
0.157776	1.396179	-0.318298	0.315247
0.105286	1.155396	-0.519104	0.505371
0.052185	0.913696	-0.696106	0.673523
0.004272	0.676575	-0.844116	0.817566
-0.033569	0.445862	-0.960083	0.935364
-0.066833	0.228577	-1.048584	1.031799
-0.088806	0.030823	-1.110840	1.115417
-0.093994	-0.151062	-1.152649	1.187439
-0.087280	-0.314636	-1.178589	1.243591
-0.068970	-0.456238	-1.187439	1.280823
-0.040894	-0.572205	-1.177673	1.307068
-0.010986	-0.669861	-1.149597	1.323853
0.022278	-0.754089	-1.101074	1.331177
0.063171	-0.829468	-1.029053	1.334229
0.105896	-0.899658	-0.936584	1.334534
0.142822	-0.964355	-0.827942	1.326599
0.168152	-1.022339	-0.707703	1.304932
0.175171	-1.082764	-0.572205	1.265564
0.167542	-1.146545	-0.431213	1.207275
0.150146	-1.217651	-0.294189	1.130371
0.117798	-1.296692	-0.155945	1.038818
0.068054	-1.374512	-0.016479	0.937500
0.002441	-1.448364	0.115967	0.818481
-0.075378	-1.513367	0.234375	0.682983
-0.155640	-1.564636	0.336914	0.537415
-0.238342	-1.599121	0.417786	0.386047
-0.321960	-1.618042	0.481262	0.229797
-0.404053	-1.624451	0.529480	0.075989
-0.482483	-1.617126	0.566711	-0.075073
-0.551147	-1.593628	0.596008	-0.216675
-0.605164	-1.554565	0.610352	-0.340576
-0.643005	-1.501465	0.606689	-0.443420
-0.661621	-1.437683	0.585327	-0.525818
-0.663757	-1.365356	0.547485	-0.588379
-0.651855	-1.287537	0.498352	-0.634766
-0.631714	-1.203308	0.440369	-0.668945
-0.604553	-1.111145	0.375977	-0.686951
-0.570984	-1.015320	0.311584	-0.689392
-0.531616	-0.911560	0.256958	-0.679626
-0.489502	-0.792542	0.212708	-0.661621
-0.448303	-0.655212	0.181580	-0.639343
-0.407410	-0.500183	0.162354	-0.614929
-0.368958	-0.332947	0.154724	-0.591736
-0.336304	-0.161133	0.164795	-0.572510
-0.307007	0.010986	0.195618	-0.563660
-0.273132	0.185242	0.244446	-0.562134
-0.240784	0.350342	0.304871	-0.558777
-0.206604	0.514832	0.373230	-0.559082
-0.164490	0.675659	0.444946	-0.559692
-0.110168	0.818176	0.515442	-0.562134
-0.050049	0.932007	0.577698	-0.563965
0.014038	1.016235	0.626221	-0.567932
0.084534	1.060791	0.658875	-0.581360
0.160522	1.069336	0.675964	-0.604858
0.235901	1.043091	0.673523	-0.633850
0.302429	0.972900	0.651855	-0.673523
0.360107	0.858765	0.613403	-0.719604
0.410767	0.716553	0.547791	-0.761414
0.454407	0.548096	0.456543	-0.798340
0.490723	0.350342	0.349121	-0.832520
0.514526	0.137939	0.222168	-0.866394
0.522766	-0.077515	0.077820	-0.902710
0.516663	-0.290222	-0.080261	-0.936890
0.506592	-0.494995	-0.252380	-0.961609
0.493774	-0.683594	-0.435791	-0.974121
0.478210	-0.853577	-0.619202	-0.972290
0.462036	-1.002197	-0.791931	-0.953979
0.446167	-1.124878	-0.953369	-0.908813
0.433655	-1.218872	-1.108398	-0.843506
0.427246	-1.285400	-1.256714	-0.754395
0.431519	-1.339722	-1.387939	-0.635681
0.438843	-1.380005	-1.493225	-0.488892
0.443115	-1.392822	-1.566162	-0.322571
0.447693	-1.376038	-1.604004	-0.144653
0.454102	-1.334839	-1.610413	0.045776
0.455017	-1.268005	-1.597290	0.250244
0.456238	-1.165466	-1.567383	0.457764
0.456848	-1.026917	-1.512146	0.660706
0.449829	-0.859375	-1.441345	0.855713
0.433960	-0.666504	-1.356506	1.029053
0.411072	-0.454102	-1.249084	1.173096
0.379944	-0.231934	-1.118774	1.284790
0.340881	-0.002441	-0.968933	1.366272
0.297546	0.226746	-0.801086	1.406250
0.246277	0.450439	-0.619812	1.405640
0.189209	0.665894	-0.427551	1.367188
0.129700	0.867310	-0.223694	1.289978
0.066833	1.050110	-0.013428	1.170959
0.003357	1.212769	0.200195	1.009521
-0.060730	1.346436	0.416260	0.817566
-0.124207	1.447144	0.631409	0.605164
-0.184326	1.520691	0.840454	0.381470
-0.245361	1.564331	1.036072	0.158386
-0.298767	1.573486	1.209106	-0.049744
-0.343933	1.552734	1.353149	-0.236206
-0.381775	1.507568	1.471558	-0.403748
-0.414124	1.438293	1.566162	-0.548401
-0.440063	1.343994	1.633606	-0.664673
-0.461426	1.227417	1.672974	-0.749512
-0.482178	1.098633	1.693420	-0.804749
-0.500488	0.970764	1.697693	-0.831604
-0.513000	0.842896	1.680908	-0.832520
-0.519409	0.720215	1.643677	-0.812683
-0.517578	0.610657	1.592712	-0.776672
-0.509644	0.512085	1.536560	-0.725098
-0.492554	0.424500	1.476746	-0.657654
-0.468750	0.351868	1.411438	-0.575256
-0.442505	0.296936	1.337891	-0.481873
-0.411987	0.256958	1.257935	-0.373840
-0.370483	0.224609	1.169128	-0.238037
-0.317993	0.195313	1.070557	-0.068970
-0.257263	0.169373	0.963135	0.113525
-0.194702	0.147400	0.838928	0.312805
-0.125732	0.127258	0.701294	0.526428
-0.056763	0.101013	0.553284	0.749512
0.011597	0.062866	0.392151	0.977478
0.075073	0.011902	0.222473	1.195984
0.131226	-0.042419	0.048828	1.401062
0.177002	-0.100098	-0.126343	1.585999
0.218506	-0.167236	-0.299072	1.740417
0.247192	-0.252686	-0.461731	1.858826
0.263977	-0.355530	-0.610962	1.939392
0.266113	-0.470581	-0.748596	1.973877
0.258789	-0.587158	-0.869751	1.956787
0.238647	-0.701904	-0.977173	1.893311
0.209961	-0.818787	-1.068420	1.787720
0.181580	-0.938721	-1.138611	1.641541
0.153503	-1.055908	-1.189880	1.462402
0.126953	-1.160278	-1.224365	1.254272
0.099182	-1.249390	-1.247253	1.020203
0.076599	-1.323547	-1.255798	0.765686
0.061951	-1.377258	-1.248779	0.502625
0.055847	-1.406555	-1.223145	0.234985
0.056152	-1.408997	-1.182556	-0.032349
0.062256	-1.382446	-1.127930	-0.292969
0.071716	-1.325989	-1.060486	-0.538635
0.087891	-1.249695	-0.983276	-0.761719
0.111694	-1.161194	-0.900269	-0.957031
0.138855	-1.055908	-0.811462	-1.121521
0.162354	-0.932617	-0.716858	-1.258240
0.180664	-0.791321	-0.619507	-1.374207
0.195313	-0.636902	-0.519714	-1.466064
0.203552	-0.474854	-0.419617	-1.529846
0.202332	-0.305176	-0.318909	-1.566162
0.190430	-0.128784	-0.219116	-1.581116
0.167542	0.057373	-0.126343	-1.577454
0.135498	0.253601	-0.040283	-1.560669
0.094910	0.459900	0.042725	-1.538696
0.050354	0.673523	0.119324	-1.512451
0.000916	0.885620	0.185242	-1.482239
-0.053101	1.093140	0.241394	-1.452942
-0.108032	1.294861	0.285950	-1.430054
-0.156555	1.484070	0.319214	-1.411743
-0.196838	1.648560	0.336914	-1.390381
-0.225525	1.785889	0.333862	-1.364441
-0.242310	1.899109	0.313110	-1.334839
-0.248108	1.985168	0.281372	-1.307678
-0.247803	2.042847	0.240173	-1.282654
-0.244141	2.070923	0.189209	-1.259766
-0.237122	2.071228	0.133362	-1.232605
-0.227051	2.048950	0.074463	-1.199036
-0.212097	1.999512	0.014954	-1.167297
-0.193176	1.914368	-0.039063	-1.137390
-0.174255	1.804810	-0.083923	-1.108704
-0.156555	1.687622	-0.117188	-1.079102
-0.138855	1.563416	-0.133972	-1.044312
-0.125732	1.440125	-0.135498	-1.003723
-0.111694	1.320496	-0.118713	-0.956421
-0.098572	1.211243	-0.080261	-0.896301
-0.080261	1.106567	-0.020142	-0.817566
-0.053406	1.003723	0.047913	-0.712585
-0.020142	0.902100	0.118103	-0.580139
0.017395	0.800476	0.195923	-0.426331
0.060120	0.701294	0.283508	-0.250549
0.106201	0.597839	0.373535	-0.060120
0.154419	0.491943	0.456543	0.129700
0.203857	0.384827	0.529175	0.325623
0.251770	0.280457	0.585632	0.536499
0.292969	0.178833	0.632019	0.752563
0.324707	0.072632	0.669250	0.965576
0.345154	-0.038452	0.692444	1.169128
0.352478	-0.157471	0.697021	1.363831
0.345459	-0.281067	0.678406	1.541748
0.326233	-0.401001	0.639648	1.695251
0.294495	-0.517578	0.583191	1.824646
0.252991	-0.624390	0.510254	1.929932
0.202637	-0.720215	0.419922	2.006531
0.145874	-0.808411	0.318604	2.053223
0.087585	-0.889587	0.209656	2.073975
0.029907	-0.962830	0.093994	2.072449
-0.028992	-1.026001	-0.019531	2.045593
-0.091553	-1.068726	-0.123596	1.997070
-0.148010	-1.088257	-0.216064	1.928406
-0.198364	-1.087341	-0.296021	1.842957
-0.241394	-1.068115	-0.357971	1.740723
-0.278015	-1.035767	-0.402832	1.627808
-0.307617	-0.995178	-0.426636	1.510925
-0.327759	-0.947876	-0.427856	1.393433
-0.341187	-0.888062	-0.403748	1.275330
-0.347595	-0.817566	-0.355835	1.156006
-0.347290	-0.738220	-0.286865	1.037598
-0.342102	-0.648193	-0.197144	0.922546
-0.331116	-0.543823	-0.085144	0.810242
-0.315247	-0.424805	0.048523	0.691833
-0.296021	-0.292969	0.198364	0.565796
-0.275269	-0.147400	0.364380	0.437012
-0.258179	0.012817	0.544739	0.306091
-0.242310	0.181274	0.733337	0.170898
-0.229187	0.357971	0.931091	0.025330
-0.213318	0.540466	1.136169	-0.128174
-0.191650	0.727844	1.338806	-0.284729
-0.169067	0.920410	1.529541	-0.442505
-0.145569	1.108704	1.697998	-0.599670
-0.121155	1.282959	1.838989	-0.748596
-0.098572	1.439209	1.944885	-0.886230
-0.078125	1.565552	2.004395	-1.006470
-0.056763	1.657410	2.012634	-1.102600
-0.039673	1.716003	1.971436	-1.175537
-0.025940	1.748047	1.881104	-1.227417
-0.010376	1.752930	1.745605	-1.261292
0.007629	1.729431	1.565857	-1.279602
0.022583	1.677551	1.347656	-1.281128
0.030823	1.594849	1.095581	-1.264954
0.032349	1.486206	0.818787	-1.231995
0.029907	1.361389	0.523987	-1.181030
0.027161	1.223450	0.219116	-1.119080
0.026855	1.076050	-0.079956	-1.050720
0.028687	0.913696	-0.366821	-0.968628
0.030518	0.740356	-0.639038	-0.877075
0.034180	0.565491	-0.898743	-0.781250
0.041504	0.391235	-1.140747	-0.681458
0.054626	0.224915	-1.364136	-0.577393
0.072632	0.069275	-1.563110	-0.472412
0.099792	-0.076904	-1.730042	-0.370483
0.134888	-0.213623	-1.864014	-0.263977
0.173035	-0.341187	-1.964111	-0.157776
0.209351	-0.455322	-2.036133	-0.052795
0.243530	-0.554810	-2.082520	0.053711
0.278015	-0.640259	-2.104797	0.159302
0.313416	-0.711365	-2.102966	0.261536
0.351257	-0.770569	-2.080078	0.354919
0.386047	-0.823975	-2.034302	0.434265
0.415649	-0.871887	-1.968994	0.497742
0.439758	-0.919495	-1.884155	0.545959
0.457764	-0.963745	-1.778564	0.574951
0.467529	-1.002502	-1.658936	0.582581
0.468140	-1.036072	-1.532593	0.566101
0.458069	-1.065063	-1.399231	0.522156
0.436096	-1.090088	-1.260071	0.451050
0.397949	-1.108093	-1.117859	0.357056
0.345154	-1.120605	-0.974731	0.245667
0.284729	-1.124573	-0.829468	0.118713
0.216980	-1.116943	-0.683289	-0.019836
0.143738	-1.097107	-0.541992	-0.165710
0.071411	-1.069031	-0.408020	-0.315857
-0.001831	-1.034546	-0.285645	-0.462036
-0.077515	-0.994873	-0.178223	-0.599060
-0.150146	-0.951538	-0.084534	-0.722046
-0.211487	-0.903931	-0.004272	-0.828552
-0.264587	-0.856018	0.065613	-0.910645
-0.310059	-0.811157	0.124817	-0.961609
-0.349426	-0.765381	0.175476	-0.983582
-0.382690	-0.713196	0.219421	-0.977478
-0.408630	-0.652771	0.257263	-0.944519
-0.427551	-0.587158	0.293579	-0.890198
-0.437622	-0.518799	0.334473	-0.815735
-0.443420	-0.439453	0.380554	-0.722046
-0.446472	-0.349731	0.435181	-0.615845
-0.445862	-0.253601	0.496216	-0.502319
-0.441589	-0.151367	0.560303	-0.387268
-0.433960	-0.045776	0.625000	-0.266418
-0.423889	0.064392	0.692444	-0.140076
-0.411072	0.173340	0.759583	-0.010986
-0.389404	0.278931	0.822754	0.114746
-0.358276	0.375977	0.880737	0.231323
-0.319519	0.462036	0.926819	0.337830
-0.275879	0.533752	0.961914	0.432739
-0.226135	0.587158	0.985718	0.515137
-0.169067	0.621948	0.999756	0.580750
-0.108337	0.635986	1.002197	0.629272
-0.046387	0.621948	0.990601	0.661926
0.014038	0.573120	0.967712	0.681152
0.067444	0.495605	0.937500	0.688171
0.115662	0.396423	0.898743	0.683289
0.156860	0.276184	0.849609	0.666809
0.188293	0.139771	0.791321	0.641174
0.212708	-0.002441	0.726624	0.612183
0.228271	-0.151367	0.656433	0.578613
0.239258	-0.311890	0.580444	0.543213
0.241089	-0.483398	0.495605	0.507507
0.237732	-0.652466	0.410461	0.475159
0.232544	-0.820007	0.325012	0.447388
0.222473	-0.974731	0.242004	0.429382
0.212097	-1.113892	0.160828	0.421448
0.205078	-1.233826	0.082397	0.419312
0.204468	-1.331177	0.003357	0.429688
0.207825	-1.405029	-0.074463	0.459900
0.215759	-1.460876	-0.145264	0.501099
0.230408	-1.496277	-0.210266	0.547791
0.252380	-1.505737	-0.270081	0.603638
0.281677	-1.490173	-0.327148	0.670776
0.313721	-1.451111	-0.383606	0.745239
0.343933	-1.381226	-0.440979	0.823364
0.371094	-1.282959	-0.499878	0.902405
0.398865	-1.156311	-0.556946	0.979614
0.422363	-1.004639	-0.612488	1.049805
0.435181	-0.837097	-0.665283	1.101990
0.438232	-0.654907	-0.713806	1.135864
0.431519	-0.466309	-0.751648	1.145935
0.409851	-0.270996	-0.776062	1.130676
0.375366	-0.070496	-0.787048	1.086121
0.332336	0.125732	-0.784912	1.010437
0.281982	0.312195	-0.768433	0.906677
0.229492	0.487061	-0.738220	0.777283
0.174866	0.642395	-0.691223	0.621338
0.116577	0.773926	-0.630493	0.441589
0.056458	0.880127	-0.561523	0.249023
-0.006104	0.963135	-0.487366	0.048218
-0.065613	1.025696	-0.409851	-0.159912
-0.119324	1.068726	-0.330505	-0.362854
-0.165100	1.095581	-0.248108	-0.552063
-0.202332	1.105957	-0.168457	-0.728455
-0.232849	1.096802	-0.092468	-0.895996
-0.259094	1.069946	-0.021057	-1.049500
-0.278931	1.033325	0.048218	-1.181946
-0.295105	0.994568	0.112305	-1.295776
-0.308533	0.956116	0.171204	-1.394043
-0.320129	0.926208	0.227661	-1.476440
-0.324707	0.908203	0.281372	-1.539307
-0.324097	0.903320	0.332642	-1.583557
-0.318604	0.912170	0.382690	-1.611633
-0.310059	0.926819	0.427856	-1.619263
-0.298157	0.947571	0.463867	-1.604004
-0.280457	0.973816	0.494385	-1.565247
-0.260620	1.003113	0.522156	-1.504211
-0.241394	1.032104	0.544128	-1.419678
-0.217590	1.059265	0.556335	-1.313171
-0.186157	1.082764	0.559692	-1.182556
-0.148926	1.098938	0.555115	-1.027222
-0.111084	1.101990	0.536499	-0.848389
-0.073242	1.085510	0.501099	-0.650635
-0.040894	1.049805	0.451050	-0.437317
-0.020142	0.990906	0.389099	-0.216064
-0.008240	0.909729	0.309753	0.006104
0.000916	0.806580	0.214844	0.224609
0.007629	0.679932	0.113831	0.437927
0.010986	0.534058	0.007629	0.644836
0.010681	0.370178	-0.107422	0.835266
0.008240	0.185852	-0.227966	1.002502
-0.001526	-0.019531	-0.349731	1.140747
-0.017395	-0.238647	-0.473022	1.244507
-0.033569	-0.468750	-0.592957	1.311646
-0.052185	-0.704651	-0.700989	1.344604
-0.075378	-0.937195	-0.798035	1.343384
-0.096130	-1.162109	-0.881653	1.306763
-0.112915	-1.374207	-0.949097	1.237183
-0.124207	-1.570129	-1.000671	1.143799
-0.131226	-1.745911	-1.033936	1.035767
-0.129700	-1.901245	-1.046448	0.914612
-0.121765	-2.031250	-1.036377	0.784607
-0.107117	-2.137451	-1.001892	0.653381
-0.086670	-2.223511	-0.938416	0.523682
-0.060120	-2.286072	-0.849304	0.396423
-0.028992	-2.319946	-0.747070	0.277405
0.004883	-2.327881	-0.635071	0.170288
0.038757	-2.305603	-0.509338	0.075073
0.068359	-2.243958	-0.372925	-0.007019
0.089417	-2.144165	-0.227356	-0.075378
0.100708	-2.006226	-0.070190	-0.135498
0.101929	-1.835632	0.093689	-0.186462
0.095825	-1.642456	0.259705	-0.227356
0.085144	-1.430359	0.433350	-0.260620
0.068359	-1.208801	0.607910	-0.289917
0.044250	-0.976868	0.773010	-0.317688
0.016174	-0.735474	0.920715	-0.346375
-0.012512	-0.490417	1.045837	-0.374146
-0.041809	-0.245361	1.144409	-0.397949
-0.075378	-0.006409	1.217041	-0.420227
-0.110168	0.223083	1.267700	-0.446777
-0.144348	0.446167	1.295776	-0.476685
-0.176086	0.661011	1.299438	-0.502319
-0.199280	0.860901	1.281738	-0.522461
-0.211487	1.042175	1.243896	-0.540771
-0.213928	1.197510	1.184998	-0.554810
-0.207825	1.333008	1.108704	-0.560303
-0.195923	1.450195	1.022034	-0.563660
-0.182190	1.543274	0.930481	-0.572510
-0.170288	1.607666	0.831604	-0.584717
-0.158386	1.643677	0.730591	-0.593567
-0.145569	1.652832	0.629578	-0.596924
-0.136108	1.643066	0.531006	-0.596924
-0.126038	1.618347	0.437317	-0.594177
-0.109558	1.578369	0.350037	-0.591431
-0.089417	1.529846	0.269775	-0.584717
-0.065613	1.473694	0.202942	-0.573730
-0.035400	1.408997	0.153809	-0.560608
-0.000610	1.338196	0.118713	-0.542603
0.032654	1.257019	0.097656	-0.515747
