2020/1/9 9:21:59 40us
CH1			CH2			CH3			CH4
-0.008240	-0.019531	0.003357	-0.010681
-0.008240	-0.020142	0.003052	-0.010376
-0.008545	-0.020447	0.003052	-0.010681
-0.008545	-0.019836	0.003052	-0.010376
-0.007935	-0.020447	0.002747	-0.010376
-0.008545	-0.020142	0.002747	-0.010681
-0.008545	-0.019836	0.002747	-0.010071
-0.008545	-0.020142	0.002441	-0.010376
-0.008545	-0.019836	0.002441	-0.010681
-0.008545	-0.020142	0.002441	-0.010071
-0.008240	-0.020447	0.002441	-0.010376
-0.008545	-0.021057	0.003052	-0.010681
-0.008545	-0.020752	0.002136	-0.010376
-0.008850	-0.020447	0.002136	-0.010376
-0.008545	-0.021057	0.002747	-0.010376
-0.008545	-0.021057	0.002441	-0.010681
-0.008240	-0.020447	0.002136	-0.010376
-0.008545	-0.020752	0.002747	-0.010071
-0.008240	-0.021057	0.002441	-0.010681
-0.008545	-0.020752	0.002136	-0.010986
-0.008240	-0.020447	0.002747	-0.010681
-0.008545	-0.020752	0.002136	-0.010681
-0.008240	-0.021057	0.002441	-0.010681
-0.008240	-0.020752	0.002441	-0.010986
-0.008545	-0.020752	0.002441	-0.010376
-0.008545	-0.021057	0.002747	-0.010681
-0.008545	-0.020752	0.002441	-0.010376
-0.008545	-0.020447	0.002747	-0.010376
-0.008545	-0.020447	0.002441	-0.010376
-0.008545	-0.020752	0.002747	-0.010681
-0.008545	-0.020447	0.002747	-0.010376
-0.008545	-0.020447	0.002747	-0.010681
-0.008545	-0.020447	0.002747	-0.010681
-0.007935	-0.020752	0.002747	-0.010376
-0.008545	-0.020752	0.003052	-0.010376
-0.008240	-0.020447	0.003052	-0.010071
-0.007935	-0.020752	0.002441	-0.009766
-0.008240	-0.020142	0.003052	-0.009766
-0.008240	-0.020447	0.002747	-0.009460
-0.008545	-0.020142	0.002441	-0.010681
-0.008545	-0.019836	0.003357	-0.011902
-0.008240	-0.019836	0.003052	-0.006714
-0.008545	-0.019836	-0.001526	0.000916
-0.009460	-0.019836	-0.002136	0.005188
-0.007019	-0.020752	-0.003967	0.004578
-0.005798	-0.019836	-0.000916	0.036621
-0.010681	-0.016479	-0.027466	0.202942
-0.003052	-0.021362	-0.101318	0.443115
-0.016479	-0.014038	-0.100098	0.664063
0.020447	-0.028687	-0.054321	0.842896
0.016479	-0.001526	0.046692	1.009521
-0.015869	0.046997	0.245361	1.165161
-0.057983	0.038757	0.461731	1.324158
-0.139160	0.003967	0.678406	1.451111
-0.213318	-0.068665	0.948181	1.509705
-0.190735	-0.157471	1.238098	1.452637
-0.167542	-0.248718	1.575012	1.267700
-0.107422	-0.382996	1.898193	0.941162
-0.023499	-0.498352	2.086182	0.481873
0.054626	-0.560608	2.162781	0.002441
0.133057	-0.555115	2.136841	-0.553589
0.177917	-0.479431	2.014160	-1.179504
0.240479	-0.380249	1.828613	-1.802673
0.278015	-0.227661	1.567078	-2.415466
0.298767	-0.011902	1.193237	-2.911072
0.336304	0.253601	0.732422	-3.333740
0.399170	0.507813	0.230713	-3.702698
0.447083	0.724182	-0.278625	-3.995972
0.467224	0.936890	-0.811462	-4.277344
0.477600	1.100464	-1.291809	-4.506226
0.458984	1.260071	-1.759033	-4.609375
0.427856	1.403809	-2.205811	-4.607544
0.421753	1.530762	-2.597046	-4.519043
0.392456	1.628723	-2.899475	-4.365234
0.373840	1.673584	-3.119812	-4.158936
0.332642	1.662292	-3.269348	-3.863220
0.244751	1.621704	-3.365479	-3.507996
0.131531	1.526489	-3.399658	-3.049927
0.032349	1.367493	-3.353577	-2.560730
-0.068970	1.146851	-3.202515	-2.009583
-0.164490	0.874939	-2.948608	-1.435242
-0.267944	0.681763	-2.625732	-0.863953
-0.353088	0.592041	-2.293701	-0.279846
-0.398560	0.583496	-1.951294	0.300598
-0.408325	0.649109	-1.651001	0.858459
-0.393372	0.720825	-1.392517	1.368713
-0.326538	0.795593	-1.118469	1.815186
-0.193176	0.879211	-0.860291	2.162170
-0.066833	0.966187	-0.648193	2.430115
0.079346	1.030273	-0.443420	2.637024
0.248108	0.996094	-0.260010	2.774353
0.420227	0.887146	-0.108643	2.876282
0.585938	0.738220	0.030518	2.864075
0.685120	0.538025	0.112305	2.760925
0.697327	0.307922	0.167542	2.632141
0.644531	0.034790	0.206299	2.472839
0.559998	-0.308228	0.251465	2.289734
0.466614	-0.693970	0.291138	2.054443
0.309753	-1.120605	0.308838	1.778870
0.119324	-1.575928	0.321045	1.484375
-0.138245	-1.992798	0.323792	1.199341
-0.457764	-2.381287	0.328064	0.976868
-0.745850	-2.702942	0.323181	0.811462
-0.977173	-2.980652	0.304260	0.665588
-1.199341	-3.233337	0.319214	0.551147
-1.389465	-3.454590	0.369873	0.506897
-1.539917	-3.624573	0.445251	0.532837
-1.639709	-3.739624	0.545959	0.630493
-1.651001	-3.836365	0.647888	0.773315
-1.594238	-3.908081	0.746765	0.911865
-1.479797	-3.958740	0.865784	1.045227
-1.359863	-3.958130	0.992737	1.181641
-1.243286	-3.850098	1.123962	1.307983
-1.118469	-3.612671	1.241455	1.412964
-0.985107	-3.282166	1.338196	1.512451
-0.831604	-2.902832	1.437988	1.621094
-0.675354	-2.453308	1.524048	1.707458
-0.534973	-1.982422	1.584473	1.769409
-0.396423	-1.430664	1.624146	1.822205
-0.276794	-0.823669	1.647644	1.879883
-0.158691	-0.224609	1.660156	1.906433
-0.043335	0.372009	1.663818	1.892090
0.079041	0.930481	1.685791	1.853027
0.196533	1.447144	1.729126	1.816101
0.288696	1.914368	1.784058	1.742554
0.349121	2.335205	1.862488	1.621399
0.415344	2.685852	1.959229	1.452332
0.478210	2.919006	2.069092	1.271362
0.537109	3.039246	2.178650	1.073303
0.589905	2.994080	2.272949	0.836487
0.604858	2.840271	2.324219	0.592957
0.588684	2.643738	2.305298	0.328979
0.564880	2.406311	2.223206	0.044250
0.538330	2.099304	2.063904	-0.232544
0.521545	1.731567	1.828308	-0.523376
0.521545	1.330566	1.535339	-0.804749
0.500793	0.934143	1.187134	-1.095276
0.461731	0.578308	0.763855	-1.381531
0.418091	0.252686	0.291748	-1.649780
0.387268	-0.077209	-0.169983	-1.878967
0.393066	-0.375977	-0.581665	-2.070618
0.429688	-0.631409	-0.963745	-2.227783
0.478821	-0.816956	-1.330261	-2.384644
0.521240	-0.919189	-1.655273	-2.539978
0.560303	-0.972290	-1.922607	-2.661438
0.623779	-0.982361	-2.137451	-2.720947
0.704041	-0.949707	-2.303162	-2.745056
0.787354	-0.850525	-2.448425	-2.736816
0.858459	-0.759277	-2.560425	-2.645874
0.890503	-0.693665	-2.667542	-2.450256
0.900574	-0.579834	-2.777100	-2.201233
0.910645	-0.408630	-2.865601	-1.892395
0.912476	-0.253296	-2.929077	-1.535339
0.899658	-0.094604	-2.981873	-1.150513
0.837402	0.126953	-3.005981	-0.716248
0.721130	0.398865	-2.976379	-0.304871
0.599976	0.701599	-2.911987	0.084534
0.476685	0.994263	-2.841187	0.411682
0.343628	1.277466	-2.731628	0.671082
0.221252	1.549072	-2.538452	0.848999
0.097351	1.781311	-2.307739	0.969238
-0.012207	1.969604	-2.074890	0.978394
-0.101013	2.113647	-1.836548	0.849304
-0.174561	2.180481	-1.602478	0.647278
-0.221558	2.141724	-1.342163	0.434265
-0.254211	1.980591	-1.054688	0.196228
-0.293274	1.777649	-0.759277	-0.092468
-0.328979	1.577148	-0.461426	-0.350342
-0.379639	1.327820	-0.185852	-0.563354
-0.429688	1.070862	0.063477	-0.764160
-0.479431	0.836487	0.277405	-0.925293
-0.529480	0.585022	0.457764	-1.054382
-0.566711	0.363770	0.589294	-1.141663
-0.603943	0.169678	0.688477	-1.173096
-0.645447	-0.025635	0.779724	-1.182556
-0.677795	-0.231628	0.883484	-1.162415
-0.685425	-0.445862	0.986328	-1.113586
-0.695801	-0.661926	1.101379	-1.026611
-0.712891	-0.854797	1.231079	-0.900574
-0.725708	-1.023865	1.324768	-0.718079
-0.731201	-1.155090	1.396790	-0.498047
-0.731812	-1.244202	1.496582	-0.285034
-0.721130	-1.329346	1.627502	-0.104065
-0.690308	-1.420898	1.784363	0.088501
-0.670166	-1.485291	1.914063	0.317688
-0.680542	-1.502380	1.997986	0.541992
-0.706482	-1.456299	2.046204	0.754089
-0.718689	-1.373596	2.069397	0.941467
-0.708313	-1.268311	2.053528	1.148682
-0.679626	-1.166077	1.996765	1.383667
-0.644531	-1.081238	1.863403	1.613464
-0.600586	-1.012573	1.647339	1.863403
-0.537109	-0.987244	1.393738	2.136230
-0.484314	-1.024780	1.147461	2.386780
-0.417175	-1.131897	0.914612	2.584839
-0.331726	-1.278992	0.684509	2.732239
-0.225525	-1.459351	0.441895	2.832336
-0.115051	-1.649475	0.195007	2.890015
-0.018921	-1.846313	-0.028687	2.878113
0.049133	-2.039185	-0.192871	2.790527
0.098572	-2.207642	-0.317383	2.651978
0.131226	-2.344055	-0.392761	2.460022
0.142212	-2.447205	-0.419617	2.243652
0.131226	-2.521057	-0.417175	2.025452
0.109558	-2.564392	-0.388184	1.786804
0.090027	-2.550354	-0.319214	1.535339
0.104065	-2.471924	-0.219727	1.278687
0.144043	-2.338562	-0.090637	1.016235
0.205383	-2.179565	0.044861	0.794983
0.278320	-1.997070	0.164185	0.627441
0.364075	-1.773682	0.284729	0.493469
0.469360	-1.506042	0.410461	0.353394
0.593567	-1.226501	0.545044	0.186768
0.731812	-0.957642	0.714111	0.007629
0.854797	-0.690613	0.892029	-0.156860
0.960693	-0.431519	1.051025	-0.290222
1.038208	-0.176697	1.183472	-0.406189
1.073608	0.067749	1.286926	-0.542603
1.070862	0.301208	1.366882	-0.695496
1.036987	0.530701	1.420898	-0.843811
0.989990	0.748596	1.431274	-0.963440
0.927124	0.959167	1.392212	-1.040344
0.845642	1.157837	1.300964	-1.089478
0.751648	1.336365	1.162109	-1.131592
0.642395	1.510315	0.964661	-1.150513
0.508423	1.703491	0.707703	-1.166382
0.362854	1.914673	0.409241	-1.187439
0.216980	2.130432	0.084839	-1.184692
0.068359	2.329102	-0.245972	-1.177979
-0.065002	2.507629	-0.553894	-1.189880
-0.175171	2.663269	-0.825806	-1.226807
-0.272827	2.784424	-1.066284	-1.279297
-0.344849	2.867737	-1.290894	-1.336060
-0.396118	2.919922	-1.504517	-1.400452
-0.422668	2.947083	-1.676636	-1.455688
-0.428772	2.955017	-1.813965	-1.506653
-0.422363	2.955322	-1.929321	-1.555786
-0.397339	2.929382	-1.998291	-1.593933
-0.356750	2.890930	-2.024841	-1.606445
-0.308228	2.864990	-2.033081	-1.586914
-0.240173	2.850647	-2.019958	-1.540222
-0.154419	2.834778	-1.981506	-1.466064
-0.067749	2.820435	-1.891479	-1.366882
0.008545	2.817383	-1.725464	-1.242981
0.067444	2.834167	-1.485291	-1.108093
0.115356	2.873535	-1.196594	-0.956726
0.161133	2.903748	-0.877991	-0.796204
0.213013	2.904663	-0.536804	-0.611572
0.270081	2.885132	-0.171204	-0.406189
0.330811	2.843933	0.202026	-0.182495
0.396423	2.763062	0.560913	0.045776
0.458374	2.644348	0.880432	0.269775
0.508728	2.479553	1.140442	0.508118
0.559998	2.268677	1.348572	0.778809
0.603943	2.014771	1.504211	1.048584
0.622559	1.729126	1.605530	1.275024
0.601501	1.413574	1.652832	1.470947
0.518494	1.080017	1.630859	1.644897
0.398254	0.732422	1.536865	1.790161
0.257568	0.366516	1.379089	1.901550
0.098572	-0.016479	1.190186	1.958618
-0.078735	-0.403137	0.991211	1.952209
-0.260010	-0.792847	0.791321	1.893616
-0.436401	-1.165466	0.574646	1.793823
-0.596619	-1.515808	0.343018	1.669617
-0.718689	-1.866760	0.101624	1.517334
-0.811157	-2.211609	-0.135193	1.352539
-0.882568	-2.538757	-0.352478	1.179504
-0.936584	-2.853394	-0.547180	1.015625
-0.972900	-3.134155	-0.713806	0.868835
-0.978088	-3.369751	-0.848694	0.740662
-0.946045	-3.585510	-0.944824	0.636292
-0.896301	-3.790588	-1.003418	0.553894
-0.849304	-3.970947	-1.025696	0.500488
-0.817871	-4.101563	-1.012878	0.473633
-0.791626	-4.154053	-0.978699	0.472412
-0.755310	-4.138184	-0.901794	0.484924
-0.705261	-4.057922	-0.787964	0.513000
-0.646057	-3.913269	-0.649109	0.543213
-0.578003	-3.713379	-0.488586	0.558777
-0.497131	-3.484802	-0.292664	0.560608
-0.404968	-3.226318	-0.079041	0.548401
-0.317993	-2.955017	0.131226	0.525208
-0.230713	-2.668457	0.377808	0.479736
-0.136414	-2.360535	0.666504	0.404358
-0.037842	-2.033691	0.966797	0.300293
0.057678	-1.689453	1.288452	0.152588
0.137024	-1.343079	1.614990	-0.032654
0.186157	-0.975037	1.930847	-0.246582
0.221863	-0.605164	2.220459	-0.471191
0.245056	-0.267944	2.482300	-0.722351
0.272827	0.032959	2.700195	-0.975647
0.298767	0.300598	2.829285	-1.208801
0.302429	0.537720	2.855835	-1.413574
0.299988	0.759277	2.797852	-1.580811
0.293884	0.955505	2.670898	-1.715393
0.301514	1.090698	2.467041	-1.805420
0.323181	1.163635	2.187195	-1.840210
0.325317	1.192932	1.831360	-1.826782
0.325623	1.209717	1.429749	-1.776123
0.332947	1.196899	1.004639	-1.719360
0.335083	1.163330	0.566711	-1.658936
0.339050	1.145630	0.145874	-1.579285
0.335999	1.147766	-0.252380	-1.486511
0.327759	1.161194	-0.626526	-1.385193
0.315857	1.193237	-0.976257	-1.275635
0.294495	1.249084	-1.286926	-1.172485
0.286560	1.332397	-1.542053	-1.082458
0.285950	1.439819	-1.755066	-0.988770
0.296936	1.558533	-1.933594	-0.871582
0.320129	1.685486	-2.053833	-0.731506
0.350647	1.819763	-2.124329	-0.583496
0.373840	1.954346	-2.171631	-0.417480
0.410461	2.069702	-2.196045	-0.256042
0.446777	2.160950	-2.207336	-0.102539
0.479736	2.215576	-2.221985	0.036316
0.509644	2.221375	-2.225037	0.155945
0.532837	2.175598	-2.205811	0.261841
0.556946	2.107239	-2.151794	0.353088
0.567322	2.020264	-2.066040	0.393066
0.574951	1.898804	-1.946411	0.395508
0.584412	1.740112	-1.778564	0.383911
0.576477	1.559448	-1.591797	0.372620
0.557251	1.385498	-1.405945	0.360718
0.529175	1.212463	-1.237488	0.337219
0.484924	1.047058	-1.066284	0.305481
0.438843	0.893860	-0.885010	0.277710
0.386353	0.746155	-0.709839	0.256653
0.327454	0.615845	-0.547180	0.241699
0.262451	0.511169	-0.393372	0.221252
0.185242	0.442505	-0.270081	0.194397
0.106506	0.385742	-0.148926	0.177002
0.029602	0.324707	-0.025940	0.174561
-0.050354	0.262451	0.098877	0.189819
-0.118103	0.214233	0.228577	0.211182
-0.188904	0.184021	0.356750	0.241394
-0.243835	0.163269	0.476379	0.293579
-0.281677	0.146790	0.617981	0.363770
-0.308228	0.129089	0.765381	0.455017
-0.322266	0.105286	0.891418	0.569763
-0.330811	0.087585	0.996704	0.703735
-0.331421	0.095520	1.108704	0.861511
-0.315857	0.133972	1.229553	1.039124
-0.315247	0.177612	1.343384	1.232910
-0.317383	0.219116	1.448975	1.437988
-0.328064	0.276794	1.557007	1.631775
-0.355530	0.358887	1.658325	1.810913
-0.398865	0.437012	1.744385	1.981506
-0.447083	0.502014	1.808472	2.123413
-0.489807	0.552063	1.850891	2.224426
-0.530396	0.584717	1.880188	2.269897
-0.570374	0.583496	1.875916	2.256775
-0.601196	0.571899	1.837463	2.194214
-0.613098	0.534973	1.781921	2.091370
-0.611877	0.452881	1.701660	1.942139
-0.593567	0.305786	1.597900	1.766663
-0.552368	0.113831	1.484680	1.565247
-0.504150	-0.124207	1.362610	1.341553
-0.455627	-0.411682	1.231079	1.076050
-0.409546	-0.737000	1.083984	0.792847
-0.362549	-1.076355	0.935059	0.523376
-0.323181	-1.382751	0.804138	0.268860
-0.299683	-1.680298	0.691528	-0.001526
-0.287476	-1.948547	0.611877	-0.265503
-0.269165	-2.185669	0.556335	-0.509033
-0.256653	-2.383118	0.511780	-0.727539
-0.234985	-2.538452	0.480347	-0.912170
-0.203552	-2.668152	0.471802	-1.078186
-0.172424	-2.759399	0.494385	-1.215820
-0.130005	-2.828369	0.525208	-1.307068
-0.084534	-2.884521	0.550537	-1.351013
-0.029297	-2.906189	0.562134	-1.342163
0.039673	-2.880859	0.548096	-1.275940
0.127563	-2.822266	0.505371	-1.175842
0.224609	-2.721558	0.450134	-1.029968
0.310974	-2.554932	0.378113	-0.856018
0.396423	-2.331543	0.285645	-0.661316
0.486145	-2.071228	0.162048	-0.452576
0.561829	-1.768494	0.002747	-0.221863
0.630188	-1.428528	-0.168152	0.026245
0.692139	-1.080322	-0.339355	0.260010
0.726624	-0.728455	-0.514221	0.478210
0.745850	-0.371399	-0.711060	0.662537
0.751343	-0.013428	-0.928955	0.786133
0.725403	0.345154	-1.158752	0.874329
0.665588	0.681763	-1.393433	0.934448
0.595398	0.966492	-1.625061	0.930176
0.529785	1.205139	-1.823730	0.839539
0.465698	1.391907	-1.980896	0.680237
0.386658	1.528320	-2.096558	0.467834
0.292053	1.615295	-2.184753	0.207520
0.187073	1.652527	-2.257385	-0.094604
0.086060	1.655273	-2.303467	-0.433044
-0.010071	1.652222	-2.309570	-0.788879
-0.100098	1.624146	-2.286072	-1.154785
-0.177612	1.578979	-2.235107	-1.509705
-0.235596	1.516113	-2.170715	-1.822205
-0.268250	1.437378	-2.096252	-2.088013
-0.281982	1.357422	-2.012939	-2.294922
-0.273132	1.280823	-1.935730	-2.449951
-0.249023	1.209412	-1.849670	-2.557983
-0.223999	1.154175	-1.754150	-2.627563
-0.189209	1.120911	-1.661682	-2.660828
-0.133667	1.103210	-1.550293	-2.658081
-0.067444	1.090088	-1.407166	-2.635193
0.001831	1.096191	-1.238098	-2.600098
0.064087	1.135864	-1.039734	-2.536621
0.116577	1.209106	-0.818787	-2.436829
0.160217	1.302185	-0.572205	-2.307434
0.203552	1.416626	-0.303650	-2.143860
0.249939	1.541443	-0.007629	-1.959534
0.294495	1.665649	0.304260	-1.761169
0.321655	1.794434	0.609741	-1.531067
0.333557	1.925354	0.903320	-1.264038
0.335999	2.033691	1.179810	-0.971375
0.329590	2.116699	1.420288	-0.656128
0.308838	2.174072	1.617126	-0.319214
0.281982	2.206726	1.763916	0.032959
0.234985	2.215881	1.851807	0.380554
0.173035	2.189636	1.882935	0.715942
0.104980	2.127686	1.870117	1.033936
0.039368	2.017517	1.825867	1.324463
-0.033264	1.857605	1.748657	1.591797
-0.114441	1.654968	1.630554	1.838684
-0.198364	1.410217	1.486511	2.053528
-0.281067	1.112061	1.329041	2.224121
-0.359192	0.784912	1.154480	2.358704
-0.426636	0.447693	0.982666	2.453613
-0.472107	0.089722	0.820618	2.495422
-0.502319	-0.266418	0.650635	2.498779
-0.523376	-0.614929	0.478516	2.469788
-0.539551	-0.940552	0.324707	2.412720
-0.553284	-1.230469	0.186157	2.333069
-0.558472	-1.490173	0.058594	2.230835
-0.545044	-1.742554	-0.028687	2.098694
-0.510864	-1.972656	-0.064697	1.949158
-0.464783	-2.163391	-0.062256	1.795959
-0.423584	-2.322998	-0.028076	1.643677
-0.385742	-2.450867	0.044556	1.500854
-0.339355	-2.555542	0.149841	1.365356
-0.282288	-2.636414	0.279236	1.241150
-0.220642	-2.699280	0.433350	1.133728
-0.155334	-2.762451	0.609131	1.045837
-0.092773	-2.821655	0.794678	0.969238
-0.038757	-2.848511	0.965576	0.900574
0.012512	-2.836914	1.118469	0.833740
0.051575	-2.782898	1.255493	0.772705
0.068054	-2.697144	1.356201	0.725403
0.072021	-2.564087	1.427002	0.683899
0.060120	-2.364807	1.477661	0.646973
0.026855	-2.122192	1.506653	0.609436
-0.011597	-1.854858	1.502991	0.558167
-0.045776	-1.564026	1.464233	0.486450
-0.076904	-1.255493	1.403809	0.397034
-0.111389	-0.934143	1.317139	0.294495
-0.146484	-0.615845	1.196594	0.169067
-0.170288	-0.308228	1.035156	0.019836
-0.192566	-0.007324	0.835876	-0.133057
-0.201416	0.284119	0.604858	-0.276794
-0.186768	0.552673	0.356750	-0.417786
-0.162659	0.797424	0.101318	-0.565186
-0.133362	1.027832	-0.154114	-0.712585
-0.095520	1.234436	-0.403748	-0.854187
-0.062256	1.412048	-0.641174	-0.993347
-0.032654	1.566162	-0.851746	-1.123352
-0.006104	1.685181	-1.020813	-1.239319
0.015869	1.784058	-1.142883	-1.340027
0.025635	1.878357	-1.220398	-1.427917
0.018311	1.973877	-1.255798	-1.496582
0.001526	2.078552	-1.262817	-1.544800
-0.009155	2.179260	-1.247559	-1.571655
-0.010376	2.244873	-1.219177	-1.587830
-0.005798	2.292786	-1.165466	-1.601868
0.012817	2.331238	-1.093750	-1.612244
0.048523	2.354736	-1.022034	-1.624146
0.098267	2.366638	-0.946045	-1.649780
0.159607	2.343140	-0.856934	-1.694946
0.223083	2.286987	-0.761719	-1.748352
0.289001	2.212219	-0.674438	-1.789551
0.345764	2.108765	-0.623169	-1.819153
0.390625	1.976624	-0.603638	-1.846924
0.433960	1.812134	-0.607910	-1.873169
0.478821	1.615906	-0.631104	-1.888123
0.509644	1.393127	-0.673523	-1.892700
0.515747	1.151733	-0.746765	-1.902466
0.507507	0.893860	-0.848999	-1.910706
0.486755	0.618591	-0.977478	-1.901245
0.452881	0.335083	-1.116638	-1.871948
0.404358	0.042419	-1.253357	-1.838379
0.339050	-0.256958	-1.381836	-1.801453
0.269470	-0.553284	-1.506042	-1.743469
0.196533	-0.836792	-1.623230	-1.667480
0.111694	-1.089172	-1.718140	-1.579895
0.015869	-1.314697	-1.777954	-1.471863
-0.083923	-1.520691	-1.796265	-1.335144
-0.181580	-1.698914	-1.775818	-1.158142
-0.256958	-1.851196	-1.723328	-0.956421
-0.310974	-1.981812	-1.650391	-0.730591
-0.339355	-2.076416	-1.554260	-0.469971
-0.355530	-2.129517	-1.431580	-0.184631
-0.364075	-2.142639	-1.290283	0.114136
-0.355835	-2.108765	-1.146545	0.412292
-0.335388	-2.035217	-1.005859	0.710449
-0.304565	-1.916199	-0.870667	1.014404
-0.269775	-1.759949	-0.737000	1.308594
-0.228271	-1.589661	-0.601807	1.580200
-0.175781	-1.400452	-0.451355	1.817932
-0.122375	-1.198730	-0.270386	2.003479
-0.073242	-1.005249	-0.068970	2.136841
-0.036011	-0.822449	0.146484	2.220764
-0.013733	-0.656738	0.382996	2.247925
0.000916	-0.512390	0.637512	2.218933
0.003052	-0.392151	0.908813	2.137451
-0.005188	-0.303345	1.188354	2.003784
-0.019226	-0.239258	1.469727	1.830139
-0.043945	-0.197144	1.743774	1.633301
-0.085449	-0.185852	1.990967	1.425171
-0.146179	-0.206299	2.204285	1.198730
-0.216370	-0.253601	2.380066	0.961914
-0.290222	-0.328064	2.516174	0.727844
-0.362549	-0.425720	2.606506	0.503235
-0.429382	-0.555115	2.644348	0.292664
-0.495300	-0.711365	2.636414	0.095825
-0.562744	-0.879822	2.579346	-0.074158
-0.619812	-1.059570	2.474670	-0.207520
-0.671692	-1.242676	2.333374	-0.301819
-0.711975	-1.421204	2.156677	-0.355530
-0.729980	-1.574402	1.949768	-0.382385
-0.725708	-1.691589	1.726074	-0.393372
-0.704346	-1.763000	1.494141	-0.383301
-0.661316	-1.798706	1.261902	-0.357666
-0.596619	-1.810608	1.041260	-0.315247
-0.516663	-1.789246	0.839233	-0.248413
-0.424194	-1.715393	0.650330	-0.165100
-0.324097	-1.588440	0.472107	-0.067139
-0.216675	-1.412354	0.308228	0.052795
-0.103149	-1.203613	0.165405	0.194397
0.014038	-0.968628	0.046692	0.351563
0.128784	-0.714417	-0.054626	0.511475
0.232849	-0.446167	-0.146790	0.677185
0.327148	-0.170898	-0.231628	0.846252
0.413818	0.097961	-0.312500	1.012268
0.491333	0.356445	-0.387878	1.167297
0.559692	0.599060	-0.452271	1.304016
0.614014	0.819092	-0.510559	1.420898
0.653992	1.011047	-0.564575	1.512451
0.682068	1.165466	-0.617981	1.573792
0.695496	1.279297	-0.667419	1.603394
0.700684	1.356506	-0.716248	1.592712
0.699158	1.398010	-0.765076	1.530762
0.682678	1.406555	-0.811462	1.419983
0.653381	1.382751	-0.852966	1.273193
0.619202	1.325684	-0.885010	1.092834
0.580750	1.231995	-0.904236	0.880737
0.536499	1.107788	-0.919189	0.636597
0.487671	0.970459	-0.937805	0.358276
0.442810	0.834961	-0.966492	0.068359
0.402222	0.702515	-1.012573	-0.242920
0.365295	0.577698	-1.074829	-0.560303
0.332336	0.459900	-1.153870	-0.871582
0.303345	0.353394	-1.236267	-1.170654
0.284424	0.265808	-1.320496	-1.451111
0.275879	0.194092	-1.398926	-1.697998
0.270691	0.137939	-1.457520	-1.894836
0.272827	0.092468	-1.500549	-2.036133
0.280762	0.061951	-1.528931	-2.126465
0.291138	0.042419	-1.542053	-2.166748
0.296326	0.039673	-1.535950	-2.162170
0.288391	0.058899	-1.495667	-2.111511
0.268860	0.092163	-1.415710	-2.015686
0.238342	0.140381	-1.296997	-1.872253
0.197449	0.212097	-1.159668	-1.689453
0.149536	0.313416	-1.010742	-1.481018
0.091553	0.445862	-0.852356	-1.251221
0.019836	0.593872	-0.693665	-1.015625
-0.061951	0.747070	-0.543823	-0.790100
-0.142212	0.904236	-0.399475	-0.568542
-0.216370	1.058350	-0.262756	-0.364990
-0.287476	1.201172	-0.133667	-0.187073
-0.346985	1.310730	-0.005798	-0.035095
-0.393982	1.383362	0.113525	0.092163
-0.430603	1.421814	0.210571	0.194397
-0.461426	1.423340	0.281982	0.268555
-0.478210	1.374512	0.331116	0.316162
-0.478516	1.260071	0.360107	0.335388
-0.469360	1.091003	0.377808	0.328369
-0.451050	0.895081	0.387573	0.294495
-0.424805	0.683594	0.390320	0.240784
-0.397034	0.462646	0.381165	0.175476
-0.372925	0.233765	0.358582	0.105896
-0.353088	0.000610	0.337219	0.032349
-0.344849	-0.236206	0.323486	-0.033875
-0.347900	-0.474243	0.311890	-0.080872
-0.354309	-0.708618	0.306396	-0.117188
-0.360718	-0.942688	0.319824	-0.141296
-0.369873	-1.173401	0.357971	-0.135193
-0.377808	-1.393738	0.416870	-0.095520
-0.380859	-1.593018	0.484619	-0.036011
-0.371704	-1.766357	0.559082	0.041809
-0.351868	-1.908875	0.634155	0.143738
-0.325012	-2.033386	0.716553	0.265198
-0.296021	-2.145996	0.799255	0.398254
-0.258484	-2.227783	0.874023	0.543823
-0.199585	-2.278137	0.936584	0.694885
-0.133972	-2.307434	0.985107	0.844727
-0.075989	-2.310486	1.017151	0.997314
-0.026245	-2.290039	1.023865	1.163940
0.019531	-2.252502	1.006470	1.341553
0.060425	-2.202759	0.958252	1.508484
0.097656	-2.144470	0.874939	1.647339
0.132446	-2.077332	0.759277	1.757202
0.157166	-1.995544	0.613098	1.834106
0.161438	-1.886902	0.440979	1.870117
0.145874	-1.756592	0.256958	1.858826
0.122375	-1.616821	0.066833	1.802368
0.098877	-1.467896	-0.124207	1.711121
0.072937	-1.312256	-0.312805	1.588745
0.041199	-1.158142	-0.490417	1.433105
0.007324	-1.012268	-0.646667	1.240234
-0.019836	-0.873718	-0.772095	1.022949
-0.045166	-0.734863	-0.864563	0.795593
-0.074158	-0.596313	-0.928345	0.565796
-0.101929	-0.454407	-0.962219	0.353394
-0.122681	-0.308533	-0.965881	0.170593
-0.133057	-0.162659	-0.943909	0.007324
-0.128479	-0.010376	-0.896301	-0.148621
-0.108948	0.143127	-0.820618	-0.291138
-0.079956	0.294800	-0.720215	-0.415649
-0.040894	0.444641	-0.598755	-0.519409
0.002136	0.596008	-0.455017	-0.603943
0.046997	0.758972	-0.281982	-0.674133
0.098572	0.945129	-0.086365	-0.736084
0.156555	1.140747	0.115967	-0.791016
0.222473	1.343079	0.320435	-0.844421
0.289612	1.548157	0.533142	-0.897522
0.355225	1.749878	0.746765	-0.954590
0.413208	1.941223	0.949402	-1.015625
0.457153	2.127075	1.136780	-1.076355
0.486145	2.306519	1.306763	-1.129150
0.506897	2.465515	1.444397	-1.171265
0.530396	2.597656	1.551819	-1.204834
0.554810	2.702026	1.622009	-1.224976
0.568542	2.784729	1.652527	-1.231384
0.560303	2.843628	1.628723	-1.225586
0.531311	2.870483	1.544495	-1.203308
0.487366	2.855530	1.406860	-1.165771
0.437012	2.808533	1.217957	-1.116333
0.377197	2.729187	0.986633	-1.055298
0.303345	2.614746	0.730591	-0.977783
0.227051	2.463379	0.462341	-0.883789
0.149536	2.278137	0.183411	-0.779419
0.072327	2.058411	-0.096130	-0.672913
-0.007629	1.810608	-0.369263	-0.565186
-0.093994	1.541443	-0.634766	-0.452271
-0.179443	1.262512	-0.881348	-0.337524
-0.253601	0.984497	-1.091919	-0.227051
-0.307007	0.716858	-1.257324	-0.123291
-0.348206	0.459290	-1.379395	-0.024719
-0.372925	0.205994	-1.465149	0.071716
-0.384521	-0.030823	-1.517029	0.173035
-0.380249	-0.241394	-1.535645	0.277405
-0.355225	-0.421143	-1.517029	0.372925
-0.311584	-0.568848	-1.462097	0.455322
-0.257263	-0.682678	-1.369019	0.538025
-0.195007	-0.765381	-1.245728	0.627136
-0.124512	-0.825806	-1.094360	0.719604
-0.044250	-0.870056	-0.922546	0.818176
0.036011	-0.899353	-0.735168	0.922241
0.110474	-0.909729	-0.542297	1.032104
0.178528	-0.904236	-0.346680	1.140137
0.232239	-0.888367	-0.153809	1.235657
0.270691	-0.871277	0.034790	1.309509
0.295715	-0.852966	0.217590	1.360168
0.302124	-0.835876	0.396729	1.390686
0.283203	-0.823669	0.572510	1.399841
0.242920	-0.816040	0.742493	1.385193
0.190430	-0.814514	0.896301	1.345825
0.119629	-0.814819	1.027222	1.282349
0.034485	-0.817871	1.123657	1.198425
-0.068970	-0.830994	1.192627	1.091614
-0.180664	-0.852661	1.235352	0.959778
-0.295105	-0.885620	1.252747	0.807190
-0.403442	-0.925903	1.251831	0.643311
-0.505066	-0.969543	1.223145	0.482483
-0.592957	-1.019592	1.159668	0.331116
-0.666199	-1.078186	1.062927	0.194092
-0.721741	-1.145935	0.939026	0.061951
-0.760498	-1.218262	0.794373	-0.065918
-0.781555	-1.286621	0.637817	-0.180054
-0.783691	-1.341553	0.476379	-0.272217
-0.768738	-1.381836	0.311890	-0.349731
-0.740967	-1.402893	0.150452	-0.418396
-0.705872	-1.403809	0.004578	-0.480347
-0.665283	-1.381226	-0.120544	-0.527954
-0.625000	-1.336365	-0.222168	-0.561218
-0.577698	-1.268311	-0.293579	-0.583496
-0.519409	-1.176453	-0.333252	-0.595703
-0.453796	-1.062927	-0.344543	-0.597229
-0.388184	-0.922241	-0.327148	-0.592041
-0.324402	-0.755310	-0.288696	-0.585022
-0.261841	-0.571594	-0.238342	-0.574036
-0.191956	-0.377197	-0.174561	-0.561829
-0.113220	-0.174866	-0.099182	-0.551453
-0.032959	0.020142	-0.017090	-0.547180
0.047913	0.198669	0.072632	-0.550232
0.126953	0.354309	0.169373	-0.560303
0.208130	0.482788	0.265808	-0.585632
0.286560	0.580750	0.353699	-0.622559
0.362549	0.640564	0.429382	-0.661926
0.433655	0.661316	0.489807	-0.694885
0.493774	0.640259	0.527954	-0.724487
0.544434	0.583496	0.541382	-0.751648
0.589294	0.495911	0.528870	-0.785217
0.624390	0.380249	0.491943	-0.825806
0.643616	0.246887	0.427856	-0.868225
0.652466	0.104370	0.340576	-0.909729
0.648193	-0.039978	0.223999	-0.946350
0.632935	-0.173035	0.077820	-0.973511
0.611267	-0.283813	-0.083923	-0.990906
0.583496	-0.370483	-0.249634	-0.996094
0.549316	-0.439453	-0.417175	-0.981750
0.513611	-0.489807	-0.585632	-0.949097
0.478821	-0.512085	-0.747681	-0.903320
0.440979	-0.504456	-0.900574	-0.838928
0.405884	-0.473022	-1.040649	-0.755920
0.377197	-0.426636	-1.164551	-0.657654
0.357666	-0.366821	-1.265869	-0.544434
0.346069	-0.289917	-1.345215	-0.417786
0.340271	-0.199585	-1.403198	-0.276489
0.336304	-0.099182	-1.435547	-0.123901
0.330200	0.015259	-1.441345	0.033264
0.325928	0.144958	-1.419067	0.192566
0.320129	0.285034	-1.371155	0.352783
0.307922	0.425415	-1.297913	0.504761
0.288391	0.566101	-1.200867	0.642395
0.265198	0.705872	-1.080627	0.756836
0.237427	0.839539	-0.942078	0.840454
0.202637	0.965271	-0.791626	0.893555
0.161133	1.072388	-0.626221	0.912781
0.116577	1.156616	-0.447693	0.898743
0.068359	1.216125	-0.267029	0.850220
0.015564	1.249390	-0.089111	0.772400
-0.038757	1.259460	0.086060	0.671692
-0.091248	1.247253	0.251160	0.550232
-0.142212	1.214294	0.402527	0.418091
-0.194702	1.154785	0.543518	0.281677
-0.245667	1.069946	0.675049	0.141907
-0.287781	0.966492	0.789185	0.004578
-0.323181	0.851135	0.883789	-0.124512
-0.354309	0.727234	0.958862	-0.239563
-0.381470	0.598450	1.022339	-0.330505
-0.404968	0.467224	1.075134	-0.393372
-0.418091	0.339966	1.118164	-0.431213
-0.421448	0.220947	1.154785	-0.444641
-0.419006	0.115662	1.188354	-0.436707
-0.419617	0.024109	1.217346	-0.403748
-0.424500	-0.054932	1.238403	-0.345764
-0.422974	-0.117188	1.256714	-0.265808
-0.409851	-0.158997	1.273499	-0.167236
-0.384216	-0.184937	1.287537	-0.057068
-0.354309	-0.194397	1.301270	0.062561
-0.322876	-0.186768	1.312561	0.193481
-0.289612	-0.161743	1.320496	0.336914
-0.254517	-0.123291	1.318665	0.488892
-0.218201	-0.076904	1.303406	0.641174
-0.177612	-0.019836	1.271973	0.803528
-0.134277	0.042114	1.223450	0.975952
-0.095520	0.101929	1.156006	1.154480
-0.057373	0.149536	1.068420	1.333313
-0.021667	0.184021	0.957336	1.499634
0.011292	0.205994	0.818787	1.644287
0.039978	0.210571	0.655518	1.767273
0.054016	0.195923	0.480652	1.864014
0.060425	0.160522	0.297852	1.924744
0.065918	0.100403	0.107117	1.942139
0.065308	0.015869	-0.090027	1.915588
0.056763	-0.084229	-0.285950	1.848145
0.039673	-0.197754	-0.471802	1.734009
0.023499	-0.328979	-0.641785	1.578979
0.000305	-0.482178	-0.791931	1.382446
-0.029907	-0.645447	-0.923767	1.145325
-0.059814	-0.809937	-1.030884	0.878601
-0.087585	-0.973511	-1.113586	0.593567
-0.110168	-1.137085	-1.170044	0.296936
-0.122070	-1.290588	-1.199036	-0.003357
-0.119629	-1.422119	-1.200256	-0.296326
-0.104370	-1.526184	-1.183777	-0.571289
-0.081482	-1.600037	-1.151123	-0.822754
-0.046082	-1.639709	-1.100769	-1.047058
0.000000	-1.638489	-1.036377	-1.237793
0.053406	-1.593323	-0.967407	-1.391296
0.110474	-1.510010	-0.895691	-1.503906
0.166626	-1.387024	-0.814209	-1.576538
0.225830	-1.230164	-0.722961	-1.611938
0.281982	-1.051025	-0.626831	-1.612549
0.329590	-0.848389	-0.523987	-1.583557
0.364380	-0.622559	-0.419617	-1.529846
0.384827	-0.372314	-0.316467	-1.458435
0.389709	-0.103149	-0.218201	-1.373596
0.385132	0.180969	-0.119934	-1.284790
0.374146	0.462036	-0.025024	-1.201172
0.355530	0.746460	0.063171	-1.115112
0.325623	1.024780	0.137939	-1.031799
0.281677	1.291504	0.199585	-0.960999
0.226135	1.545410	0.243225	-0.904236
0.169067	1.777954	0.264893	-0.860901
0.110474	1.979675	0.269165	-0.834656
0.051880	2.148132	0.264282	-0.823059
-0.004578	2.280579	0.246887	-0.827332
-0.054626	2.373657	0.209961	-0.840759
-0.099182	2.427673	0.159912	-0.860291
-0.133972	2.438660	0.100708	-0.888672
-0.164795	2.406006	0.027161	-0.924683
-0.192261	2.320251	-0.059204	-0.961914
-0.213623	2.183838	-0.148315	-0.996399
-0.234070	2.028503	-0.234985	-1.031494
-0.247498	1.861572	-0.326233	-1.069031
-0.249023	1.674500	-0.409546	-1.103821
-0.241089	1.484375	-0.478821	-1.125183
-0.232544	1.303101	-0.532837	-1.134949
-0.222168	1.131287	-0.565186	-1.132507
-0.201721	0.969238	-0.572205	-1.111145
-0.180969	0.819092	-0.561829	-1.063843
-0.160522	0.679626	-0.531006	-0.993652
-0.127869	0.558472	-0.465393	-0.906067
-0.088501	0.449219	-0.366516	-0.794678
-0.050049	0.343628	-0.245972	-0.659180
-0.007324	0.245667	-0.119934	-0.506287
0.042725	0.162659	0.001221	-0.340576
0.095520	0.083923	0.127258	-0.142212
0.148010	0.012207	0.263672	0.080261
0.202637	-0.054932	0.401611	0.300598
0.252991	-0.122375	0.537415	0.523071
0.289307	-0.195313	0.660095	0.750122
0.317688	-0.271912	0.760803	0.974121
0.335999	-0.346069	0.843201	1.187134
0.334778	-0.420227	0.903625	1.387939
0.317688	-0.487671	0.935059	1.575623
0.285950	-0.543213	0.946350	1.747131
0.236206	-0.587463	0.932617	1.898804
0.177307	-0.623169	0.888672	2.022095
0.114746	-0.648193	0.826416	2.109985
0.041504	-0.661011	0.755615	2.164917
-0.040283	-0.661011	0.669250	2.193909
-0.114746	-0.650024	0.561829	2.191162
-0.182190	-0.631409	0.444336	2.151489
-0.242615	-0.603943	0.326538	2.080078
-0.296936	-0.578613	0.216675	1.983337
-0.343628	-0.561218	0.119019	1.868896
-0.380859	-0.549927	0.032349	1.741028
-0.409546	-0.534973	-0.036621	1.603394
-0.424194	-0.521240	-0.083618	1.464233
-0.427551	-0.509338	-0.104980	1.329651
-0.424805	-0.488586	-0.100098	1.199951
-0.411072	-0.460815	-0.062866	1.070251
-0.389404	-0.433655	0.002136	0.932922
-0.362549	-0.400696	0.084229	0.794678
-0.323181	-0.352478	0.188904	0.668030
-0.282898	-0.293274	0.319519	0.545959
-0.248718	-0.224915	0.468140	0.417175
-0.215454	-0.149536	0.626526	0.284729
-0.181885	-0.064087	0.788574	0.155640
-0.147705	0.033569	0.950317	0.028381
-0.113831	0.142517	1.098022	-0.104675
-0.082703	0.260620	1.231689	-0.238342
-0.057373	0.383301	1.351318	-0.371094
-0.030212	0.508423	1.447754	-0.505981
-0.004883	0.626221	1.510315	-0.637207
0.017395	0.729065	1.539612	-0.759583
0.039978	0.811462	1.530457	-0.870361
0.058899	0.877075	1.483154	-0.967102
0.073242	0.927734	1.399536	-1.047668
0.083618	0.954895	1.279907	-1.110535
0.092773	0.963440	1.118164	-1.151733
0.099487	0.950928	0.921021	-1.168518
0.107117	0.923767	0.696411	-1.163330
0.114746	0.891724	0.451050	-1.140442
0.122070	0.850525	0.192871	-1.104431
0.127563	0.795593	-0.071106	-1.061707
0.131226	0.728760	-0.330811	-1.014709
0.132751	0.650940	-0.577698	-0.963440
0.129700	0.570679	-0.805969	-0.908203
0.121460	0.495300	-1.015015	-0.856018
0.112610	0.427856	-1.201782	-0.805664
0.106506	0.371399	-1.363831	-0.749512
0.103760	0.325928	-1.500244	-0.682983
0.106506	0.288086	-1.609192	-0.610352
0.113220	0.255432	-1.694336	-0.529785
0.123291	0.233459	-1.755981	-0.446777
0.138245	0.224304	-1.791687	-0.362549
0.160828	0.229797	-1.805115	-0.274353
0.190125	0.243530	-1.796265	-0.183411
0.227661	0.258789	-1.766052	-0.097046
0.270386	0.273743	-1.717834	-0.012512
0.314636	0.288086	-1.654358	0.071106
0.357666	0.293274	-1.579590	0.151978
0.395813	0.284119	-1.495667	0.220032
0.426941	0.257874	-1.398926	0.271606
0.445862	0.217285	-1.293640	0.304260
0.452271	0.163879	-1.183777	0.311279
0.448303	0.093384	-1.074524	0.291748
0.431824	0.006714	-0.963135	0.246277
0.404053	-0.090942	-0.855713	0.174255
0.367126	-0.195618	-0.758057	0.079651
0.315552	-0.304871	-0.666199	-0.034485
0.250549	-0.417175	-0.582581	-0.164490
0.175476	-0.531006	-0.509338	-0.305786
0.095215	-0.649719	-0.444031	-0.450134
0.012207	-0.769958	-0.382080	-0.586853
-0.072937	-0.884399	-0.327148	-0.717468
-0.155945	-0.988159	-0.281372	-0.837097
-0.230103	-1.080017	-0.243225	-0.936584
-0.293884	-1.160278	-0.210266	-1.004333
-0.350342	-1.227417	-0.185242	-1.038208
-0.400085	-1.280212	-0.162354	-1.041260
-0.439453	-1.315613	-0.136414	-1.016541
-0.468445	-1.330872	-0.104675	-0.963440
-0.484619	-1.326599	-0.068970	-0.881653
-0.487976	-1.298828	-0.025635	-0.769348
-0.478516	-1.241760	0.025330	-0.629578
-0.461121	-1.154480	0.077209	-0.471191
-0.439148	-1.040344	0.136108	-0.303650
-0.416260	-0.905762	0.205688	-0.137024
-0.396118	-0.750122	0.281982	0.033875
-0.377197	-0.580139	0.358887	0.208130
-0.352173	-0.400391	0.447083	0.378723
-0.321655	-0.223083	0.550232	0.537415
-0.288086	-0.052795	0.658569	0.678406
-0.249939	0.109558	0.757751	0.800781
-0.206604	0.257263	0.849609	0.907593
-0.161743	0.382385	0.934448	0.999451
-0.117493	0.485535	1.010132	1.069336
-0.069580	0.562134	1.076660	1.112976
-0.020447	0.614319	1.133118	1.134338
0.019836	0.638733	1.176453	1.136780
0.057678	0.619812	1.206055	1.120300
0.098572	0.556946	1.217651	1.087341
0.128784	0.465698	1.205139	1.040344
0.145264	0.350037	1.171570	0.982361
0.154419	0.206909	1.120911	0.907288
0.156555	0.042114	1.052551	0.818176
0.151367	-0.134277	0.971680	0.724792
0.143127	-0.319519	0.881348	0.628052
0.131226	-0.511475	0.777283	0.529480
0.111389	-0.701294	0.660095	0.433960
0.090637	-0.885315	0.538025	0.342102
0.076904	-1.062012	0.411987	0.248413
0.065613	-1.223755	0.279846	0.156250
0.057068	-1.360168	0.145264	0.073547
0.057678	-1.463623	0.012512	0.002747
0.069885	-1.535339	-0.112915	-0.046997
0.087891	-1.582947	-0.230408	-0.068359
0.116882	-1.611633	-0.332642	-0.065918
0.149231	-1.611023	-0.414734	-0.040588
0.183411	-1.574707	-0.485535	0.013123
0.224915	-1.511841	-0.549011	0.087585
0.272522	-1.427307	-0.599670	0.168762
0.318298	-1.307068	-0.638123	0.259094
0.359802	-1.145935	-0.666809	0.359802
0.397339	-0.949707	-0.686951	0.459900
0.421143	-0.726318	-0.699158	0.549622
0.429077	-0.487671	-0.704041	0.625000
0.428162	-0.239868	-0.698547	0.685120
0.415649	0.005188	-0.684509	0.732117
0.386353	0.241699	-0.662231	0.755310
0.347290	0.471802	-0.630798	0.743408
0.303650	0.687866	-0.591736	0.699463
0.255737	0.882874	-0.548096	0.627136
0.206299	1.053467	-0.499878	0.529175
0.157166	1.192932	-0.445862	0.407104
0.106812	1.300659	-0.387878	0.260315
0.053101	1.386108	-0.336304	0.096130
0.000305	1.449585	-0.287781	-0.079956
-0.045471	1.480103	-0.239258	-0.258789
-0.083618	1.472778	-0.195923	-0.434570
-0.112915	1.443176	-0.156555	-0.602112
-0.132751	1.400757	-0.118103	-0.760498
-0.147400	1.345520	-0.083008	-0.910339
-0.155945	1.280518	-0.057373	-1.043701
-0.158386	1.208191	-0.033264	-1.154785
-0.163574	1.128235	-0.005188	-1.249084
-0.168152	1.042786	0.017700	-1.325073
-0.173340	0.958557	0.035706	-1.377869
-0.181580	0.880737	0.056152	-1.412659
-0.187683	0.813293	0.075989	-1.431885
-0.190125	0.755310	0.095825	-1.429443
-0.185547	0.699768	0.118408	-1.408386
-0.180054	0.650330	0.137024	-1.370850
-0.177002	0.612488	0.146179	-1.304932
-0.173950	0.581055	0.151978	-1.207581
-0.170898	0.551758	0.164795	-1.087341
-0.165710	0.527649	0.182495	-0.946350
-0.155945	0.507813	0.201416	-0.780334
-0.145264	0.483398	0.213928	-0.591431
-0.135803	0.456848	0.213623	-0.385132
-0.126648	0.425720	0.195618	-0.168457
-0.117188	0.378113	0.162659	0.064392
-0.108948	0.318298	0.119324	0.294189
-0.102539	0.245972	0.068970	0.510864
-0.098877	0.157471	0.010681	0.707092
-0.096741	0.050964	-0.051575	0.879211
-0.097046	-0.075073	-0.118103	1.025391
-0.108337	-0.219116	-0.187683	1.142883
-0.127869	-0.375366	-0.256958	1.224976
-0.149231	-0.541992	-0.325012	1.268311
-0.173035	-0.707092	-0.394592	1.273499
-0.194092	-0.866394	-0.462646	1.241455
-0.211487	-1.030884	-0.517883	1.174316
-0.227051	-1.193848	-0.559387	1.080627
-0.241699	-1.343384	-0.586548	0.971985
-0.257263	-1.476135	-0.596313	0.851440
-0.263062	-1.592712	-0.596313	0.721130
-0.255127	-1.691284	-0.582886	0.594177
-0.238037	-1.770935	-0.547791	0.476074
-0.213013	-1.835327	-0.491638	0.369873
-0.183411	-1.883850	-0.416260	0.268555
-0.151978	-1.907959	-0.323486	0.177307
-0.114136	-1.905823	-0.211487	0.102844
-0.071411	-1.883240	-0.088196	0.049744
-0.028076	-1.839294	0.048828	0.017700
0.013123	-1.769409	0.192566	0.000916
0.051575	-1.676025	0.339050	-0.008850
0.082092	-1.564331	0.482788	-0.013123
0.104980	-1.438293	0.621033	-0.010681
0.122986	-1.305847	0.751648	-0.009460
0.130920	-1.163330	0.873413	-0.006104
0.128174	-1.012268	0.979004	-0.003357
0.119019	-0.856628	1.060791	-0.011597
0.100403	-0.697021	1.118164	-0.026855
0.077515	-0.536499	1.152344	-0.045776
0.051575	-0.372314	1.160278	-0.070190
0.023499	-0.201416	1.145020	-0.102539
-0.005188	-0.027466	1.110229	-0.142822
-0.031738	0.142517	1.057434	-0.189819
-0.057068	0.304871	0.985107	-0.241699
-0.079346	0.454407	0.892029	-0.299072
-0.093994	0.591736	0.777588	-0.355225
-0.100708	0.713806	0.647888	-0.408020
-0.103149	0.816345	0.514526	-0.461426
-0.106201	0.898743	0.383301	-0.512390
-0.111084	0.960388	0.254517	-0.558167
-0.114441	1.003723	0.130310	-0.597229
-0.120544	1.033020	0.012207	-0.630798
-0.126648	1.053467	-0.093384	-0.661011
-0.126953	1.064148	-0.184937	-0.685425
-0.116577	1.065063	-0.264587	-0.701599
-0.101013	1.059570	-0.325623	-0.708008
-0.085754	1.050415	-0.361938	-0.708313
-0.066833	1.039734	-0.375366	-0.704041
-0.039368	1.027222	-0.364990	-0.694580
