2020/1/9 9:22:03 40us
CH1			CH2			CH3			CH4
-0.006409	-0.006104	0.004883	-0.010376
-0.005798	-0.006104	0.004578	-0.010986
-0.006104	-0.006104	0.005493	-0.010681
-0.006104	-0.006714	0.005188	-0.011292
-0.006104	-0.006714	0.005188	-0.011292
-0.006104	-0.007019	0.004578	-0.011292
-0.006104	-0.007324	0.004883	-0.010986
-0.006104	-0.007324	0.005188	-0.011292
-0.006104	-0.007935	0.004883	-0.011292
-0.006104	-0.007935	0.004883	-0.011292
-0.006409	-0.008240	0.004578	-0.011902
-0.006104	-0.008850	0.004272	-0.011902
-0.006104	-0.008545	0.004883	-0.011902
-0.006409	-0.008850	0.004272	-0.011902
-0.006409	-0.009766	0.004578	-0.011902
-0.006409	-0.008850	0.004578	-0.011902
-0.006409	-0.009155	0.003967	-0.012207
-0.006409	-0.009460	0.004578	-0.012207
-0.005798	-0.009766	0.003967	-0.012512
-0.006104	-0.009460	0.003967	-0.012207
-0.006409	-0.009766	0.003662	-0.011902
-0.006714	-0.010071	0.003662	-0.012207
-0.006104	-0.009460	0.003662	-0.011597
-0.006714	-0.009766	0.003662	-0.011902
-0.006409	-0.009460	0.003662	-0.011902
-0.006409	-0.009766	0.003662	-0.012207
-0.006409	-0.009460	0.003662	-0.011902
-0.006714	-0.009155	0.003662	-0.012207
-0.006714	-0.009460	0.003967	-0.011597
-0.006104	-0.009155	0.004272	-0.011597
-0.006714	-0.008850	0.004578	-0.011597
-0.006409	-0.008545	0.004272	-0.011292
-0.006714	-0.008850	0.004578	-0.011902
-0.006714	-0.008240	0.004272	-0.010986
-0.007019	-0.007935	0.003662	-0.010986
-0.007019	-0.008545	0.003662	-0.009460
-0.005798	-0.008850	0.004272	-0.010376
-0.005188	-0.007935	0.006714	-0.016174
-0.007019	-0.004578	0.007324	-0.024719
-0.013428	-0.002136	0.000610	-0.028992
-0.028076	-0.006104	-0.013428	0.003662
0.001526	-0.028076	-0.005188	-0.049438
-0.018311	-0.014343	0.004883	-0.089111
-0.074463	0.012207	-0.060425	-0.068359
-0.106506	-0.023193	-0.136414	0.048523
-0.087585	-0.132751	-0.195618	0.226135
-0.041199	-0.231323	-0.136414	0.375061
0.027161	-0.229797	-0.064392	0.533752
0.111084	-0.227661	0.013428	0.699768
0.190125	-0.238647	0.106506	0.904236
0.290527	-0.230408	0.222168	1.135254
0.383911	-0.168457	0.408325	1.389160
0.498352	-0.000305	0.716248	1.554565
0.603027	0.268250	1.031799	1.606140
0.653992	0.616455	1.354370	1.660767
0.700378	0.923462	1.703186	1.632996
0.690002	1.205139	1.929016	1.508179
0.655518	1.436462	2.103577	1.257019
0.575867	1.708679	2.248535	0.894470
0.455933	1.979370	2.327576	0.561218
0.350037	2.190247	2.261963	0.260315
0.240784	2.305908	2.098083	-0.084229
0.164795	2.280884	1.840210	-0.442505
0.083008	2.196350	1.469421	-0.822449
-0.037537	2.042542	1.091309	-1.263123
-0.187073	1.822205	0.683289	-1.695557
-0.291443	1.532593	0.231323	-2.135010
-0.396423	1.211243	-0.254517	-2.513123
-0.474548	0.901184	-0.770569	-2.809143
-0.604553	0.549927	-1.265869	-3.073730
-0.760803	0.282593	-1.678467	-3.330383
-0.895081	0.050964	-1.969299	-3.522644
-0.954590	-0.194397	-2.225037	-3.600159
-0.974731	-0.400696	-2.435303	-3.586121
-1.021118	-0.598145	-2.619934	-3.504639
-1.027527	-0.801086	-2.714539	-3.378601
-1.067810	-1.009216	-2.714539	-3.197327
-1.085815	-1.281738	-2.676086	-2.987976
-1.011047	-1.573486	-2.624817	-2.745972
-0.939331	-1.890564	-2.597961	-2.413330
-0.846252	-2.215271	-2.589111	-2.021179
-0.752563	-2.522888	-2.538757	-1.598816
-0.665588	-2.775879	-2.453003	-1.247253
-0.539246	-2.988892	-2.354431	-0.896606
-0.378113	-3.220215	-2.282715	-0.554810
-0.240784	-3.393250	-2.227478	-0.247803
-0.089722	-3.447266	-2.144775	0.074158
0.100098	-3.476868	-1.969910	0.373840
0.304565	-3.458557	-1.720276	0.680542
0.505371	-3.358765	-1.449280	0.971985
0.669861	-3.163757	-1.213684	1.276245
0.818176	-2.882385	-0.984802	1.577454
0.944214	-2.542114	-0.780945	1.867371
1.036377	-2.166748	-0.540466	2.149353
1.097412	-1.765442	-0.253601	2.391052
1.111450	-1.338196	0.014648	2.590637
1.073608	-0.905762	0.250244	2.742615
0.976868	-0.498047	0.477295	2.806702
0.859375	-0.167542	0.690308	2.784729
0.716858	0.088806	0.869141	2.698669
0.573730	0.279846	1.015320	2.557068
0.405884	0.446472	1.152039	2.351990
0.209351	0.577087	1.264954	2.120667
0.010376	0.619202	1.377258	1.876221
-0.169983	0.627136	1.456604	1.668701
-0.306396	0.630798	1.534424	1.483765
-0.406189	0.640259	1.582336	1.338501
-0.475464	0.669250	1.624146	1.200562
-0.541992	0.738525	1.664429	1.060791
-0.605164	0.807190	1.738586	0.906677
-0.655212	0.871277	1.789551	0.744934
-0.696106	0.926819	1.805420	0.587463
-0.708313	0.976257	1.800537	0.408020
-0.723877	1.061401	1.804199	0.202026
-0.751648	1.194153	1.829834	-0.021362
-0.800781	1.329041	1.819763	-0.250244
-0.848999	1.481018	1.756897	-0.494995
-0.883484	1.610718	1.665039	-0.773926
-0.879822	1.668701	1.524658	-1.049194
-0.853271	1.669312	1.370239	-1.291809
-0.825500	1.629333	1.201477	-1.516724
-0.783081	1.550293	1.008301	-1.728210
-0.693970	1.419373	0.764160	-1.867676
-0.549316	1.202393	0.487061	-1.951904
-0.375671	0.927124	0.198059	-1.959839
-0.228271	0.626526	-0.089417	-1.920471
-0.106506	0.349731	-0.339966	-1.864929
0.028687	0.126038	-0.537109	-1.737671
0.175171	-0.058899	-0.702515	-1.555176
0.327454	-0.227051	-0.810242	-1.329041
0.484314	-0.385742	-0.850830	-1.052551
0.603333	-0.521240	-0.853882	-0.733337
0.693970	-0.612183	-0.795898	-0.405273
0.759583	-0.673218	-0.682983	-0.083923
0.809326	-0.733337	-0.559082	0.219116
0.856323	-0.779419	-0.447083	0.508423
0.877991	-0.837402	-0.347290	0.781555
0.873413	-0.866394	-0.250854	1.033630
0.827026	-0.881958	-0.160522	1.255188
0.763245	-0.915222	-0.086365	1.437073
0.718079	-0.911865	-0.036316	1.607666
0.691528	-0.864868	-0.015259	1.752625
0.673828	-0.782471	-0.021973	1.852417
0.668030	-0.664673	-0.054321	1.931152
0.650330	-0.473328	-0.088806	1.963501
0.621948	-0.208435	-0.121155	1.955872
0.602417	0.101624	-0.164795	1.943970
0.590515	0.437012	-0.224304	1.909485
0.590820	0.746765	-0.274963	1.858521
0.571289	1.023865	-0.333252	1.783752
0.529175	1.260681	-0.393677	1.676941
0.462952	1.437683	-0.473938	1.525879
0.365295	1.546326	-0.601196	1.312561
0.251160	1.582947	-0.761414	1.054993
0.129089	1.532593	-0.913391	0.771790
-0.002136	1.387634	-1.057434	0.441284
-0.162964	1.170349	-1.180725	0.059204
-0.351563	0.907593	-1.289063	-0.364075
-0.549927	0.600586	-1.392822	-0.810547
-0.746155	0.258179	-1.462402	-1.270142
-0.920715	-0.098267	-1.495361	-1.723633
-1.045837	-0.454712	-1.499939	-2.125244
-1.130371	-0.786438	-1.480408	-2.468262
-1.181335	-1.094666	-1.442261	-2.734680
-1.199951	-1.397400	-1.384888	-2.913208
-1.177063	-1.681213	-1.320190	-2.997742
-1.098328	-1.943970	-1.238708	-3.005981
-0.996704	-2.176208	-1.145935	-2.933960
-0.877991	-2.389221	-1.056213	-2.796936
-0.746765	-2.549133	-0.961609	-2.631226
-0.605774	-2.623901	-0.854797	-2.428894
-0.471191	-2.619019	-0.732422	-2.200012
-0.335388	-2.557983	-0.576782	-1.972656
-0.189819	-2.434082	-0.394592	-1.719971
-0.050354	-2.230835	-0.207825	-1.425781
0.064087	-1.950989	-0.004272	-1.115417
0.152283	-1.598816	0.214233	-0.828857
0.217590	-1.193542	0.440063	-0.551453
0.277100	-0.762024	0.690918	-0.275879
0.343323	-0.315247	0.953979	0.007629
0.400391	0.122070	1.204834	0.293579
0.445251	0.538635	1.439209	0.549622
0.476074	0.936279	1.654663	0.785522
0.504150	1.304932	1.829224	1.026917
0.523987	1.618347	1.974487	1.259766
0.524292	1.873169	2.093506	1.464233
0.531311	2.070007	2.177429	1.655579
0.525818	2.225647	2.229309	1.812134
0.484009	2.347107	2.248535	1.901855
0.418396	2.421875	2.233887	1.932678
0.331421	2.417297	2.174072	1.917419
0.234680	2.297974	2.055664	1.884155
0.126648	2.082214	1.875610	1.832886
0.001221	1.803589	1.651306	1.746826
-0.124512	1.475830	1.384583	1.627808
-0.231323	1.090393	1.066284	1.474915
-0.315247	0.651245	0.715942	1.291809
-0.388184	0.192871	0.346680	1.072693
-0.443726	-0.277710	-0.055542	0.838928
-0.478821	-0.737610	-0.471191	0.604858
-0.498657	-1.155090	-0.867615	0.360718
-0.485840	-1.526184	-1.217957	0.107117
-0.429993	-1.852722	-1.499329	-0.149841
-0.343628	-2.153320	-1.712341	-0.387268
-0.236816	-2.422485	-1.882935	-0.581665
-0.122375	-2.630005	-2.009583	-0.721436
-0.000305	-2.778625	-2.071838	-0.791931
0.132751	-2.872314	-2.074890	-0.776062
0.271912	-2.914734	-2.026672	-0.692139
0.408630	-2.902222	-1.935425	-0.572510
0.537109	-2.827454	-1.824951	-0.393372
0.639954	-2.696838	-1.691589	-0.166626
0.715942	-2.513123	-1.524353	0.071411
0.769653	-2.272949	-1.326294	0.309753
0.798645	-1.983032	-1.093445	0.541077
0.803528	-1.629639	-0.818787	0.761719
0.787964	-1.226196	-0.514221	0.969543
0.750732	-0.789185	-0.185547	1.149292
0.693970	-0.311890	0.174561	1.289368
0.616760	0.194702	0.562744	1.385803
0.519409	0.719910	0.971069	1.434937
0.413818	1.259766	1.375427	1.428223
0.309448	1.795654	1.737366	1.389160
0.212708	2.302551	2.039795	1.316833
0.119019	2.774353	2.272644	1.210022
0.026550	3.196716	2.439270	1.083679
-0.049133	3.564758	2.539673	0.943298
-0.112610	3.874817	2.583008	0.788574
-0.169678	4.127808	2.558594	0.625305
-0.204773	4.312439	2.451172	0.454407
-0.225220	4.435730	2.281189	0.281372
-0.245361	4.511414	2.067871	0.097961
-0.268250	4.518127	1.841125	-0.102539
-0.296631	4.446411	1.619873	-0.307922
-0.325928	4.309082	1.387634	-0.514221
-0.346069	4.125671	1.153259	-0.698242
-0.362549	3.885193	0.924072	-0.863647
-0.386658	3.598938	0.701599	-1.020203
-0.411072	3.289795	0.504456	-1.163025
-0.427551	2.970276	0.342712	-1.287842
-0.431519	2.653809	0.204773	-1.376038
-0.412903	2.322998	0.063782	-1.408997
-0.381775	1.973877	-0.072021	-1.389160
-0.346680	1.624451	-0.182495	-1.333923
-0.306396	1.282654	-0.264587	-1.235657
-0.259094	0.934753	-0.328369	-1.111755
-0.205383	0.587158	-0.395508	-0.962830
-0.143127	0.237732	-0.471191	-0.781250
-0.062866	-0.117798	-0.559692	-0.555420
0.025940	-0.476685	-0.644531	-0.317383
0.107117	-0.845947	-0.722046	-0.103455
0.174561	-1.228638	-0.777283	0.094604
0.227356	-1.621399	-0.828552	0.274048
0.278931	-2.016907	-0.895386	0.427246
0.328369	-2.386169	-0.978699	0.561523
0.365601	-2.714233	-1.062622	0.661316
0.389709	-3.009338	-1.144714	0.719299
0.401917	-3.296814	-1.220093	0.747070
0.391541	-3.512573	-1.286316	0.746155
0.365601	-3.609619	-1.339417	0.728455
0.335388	-3.629150	-1.379089	0.707397
0.293579	-3.563843	-1.384277	0.684814
0.239563	-3.381042	-1.343384	0.654907
0.174255	-3.097229	-1.247253	0.614929
0.107117	-2.744446	-1.112061	0.565186
0.034485	-2.348938	-0.991821	0.518494
-0.036621	-1.949463	-0.880737	0.477905
-0.093994	-1.558533	-0.745544	0.432739
-0.140991	-1.181946	-0.585327	0.397339
-0.180359	-0.835571	-0.424805	0.359802
-0.211182	-0.507507	-0.279541	0.291138
-0.236206	-0.201416	-0.155945	0.226746
-0.237732	0.065002	-0.040588	0.220032
-0.223083	0.286560	0.094910	0.242310
-0.200806	0.473328	0.248718	0.226135
-0.165100	0.636292	0.419617	0.180969
-0.147705	0.762329	0.592041	0.136414
-0.144958	0.855713	0.765686	0.069580
-0.146790	0.899963	0.933533	-0.025330
-0.164795	0.888672	1.097717	-0.129395
-0.190125	0.877991	1.247559	-0.245972
-0.209045	0.878296	1.374817	-0.388794
-0.231628	0.871887	1.470337	-0.571899
-0.261536	0.858154	1.508484	-0.777588
-0.278320	0.840454	1.478577	-0.991211
-0.299683	0.800171	1.397400	-1.215210
-0.328064	0.735168	1.259155	-1.434326
-0.347595	0.628357	1.054077	-1.636353
-0.352478	0.476074	0.798645	-1.821899
-0.352478	0.317993	0.516968	-1.996155
-0.346375	0.144043	0.229187	-2.142639
-0.325928	-0.070801	-0.060425	-2.270508
-0.296631	-0.316467	-0.354614	-2.366638
-0.284424	-0.566711	-0.644531	-2.409058
-0.285645	-0.787354	-0.902710	-2.391663
-0.288696	-0.956726	-1.101379	-2.318726
-0.272522	-1.063232	-1.237183	-2.194214
-0.229187	-1.118164	-1.303406	-2.008057
-0.167847	-1.133423	-1.309509	-1.785278
-0.092163	-1.097412	-1.283264	-1.536560
-0.014954	-1.011963	-1.206970	-1.240234
0.057983	-0.872192	-1.071472	-0.901184
0.131531	-0.676880	-0.892944	-0.560303
0.206604	-0.429382	-0.667725	-0.220642
0.294189	-0.147705	-0.412292	0.126343
0.392151	0.152893	-0.141907	0.481262
0.484314	0.464172	0.131836	0.824890
0.550537	0.783691	0.401001	1.145020
0.597534	1.106262	0.647278	1.448059
0.645752	1.414795	0.851440	1.725769
0.686951	1.692200	1.001587	1.956787
0.718689	1.927490	1.101379	2.145386
0.745239	2.109680	1.155090	2.285156
0.762939	2.243042	1.169739	2.377319
0.772095	2.334290	1.151123	2.431335
0.764465	2.386169	1.097107	2.448425
0.749207	2.388611	1.009827	2.447205
0.726624	2.332153	0.891113	2.430725
0.691528	2.230835	0.758057	2.386475
0.637512	2.092590	0.621338	2.300110
0.558167	1.916199	0.476379	2.158508
0.458069	1.693420	0.336914	1.968384
0.347900	1.417236	0.205994	1.755676
0.234680	1.091309	0.074768	1.518555
0.123901	0.723267	-0.058594	1.248474
0.003357	0.339966	-0.190735	0.948792
-0.119019	-0.045471	-0.321960	0.627441
-0.223999	-0.423279	-0.453491	0.301819
-0.297546	-0.789795	-0.595093	-0.004272
-0.346985	-1.141052	-0.734558	-0.254822
-0.383911	-1.473083	-0.848083	-0.437927
-0.405884	-1.775513	-0.940857	-0.558472
-0.414429	-2.030029	-1.012268	-0.612488
-0.406494	-2.219543	-1.056213	-0.600891
-0.379028	-2.333069	-1.068115	-0.546265
-0.343018	-2.359619	-1.040649	-0.459595
-0.302429	-2.304688	-0.957336	-0.339661
-0.267029	-2.201538	-0.809937	-0.204468
-0.236206	-2.046204	-0.603943	-0.059204
-0.207825	-1.808777	-0.348816	0.070496
-0.173645	-1.491394	-0.053406	0.188599
-0.132141	-1.114502	0.261536	0.297852
-0.094604	-0.679321	0.585938	0.382690
-0.073242	-0.180359	0.921326	0.455933
-0.070190	0.358276	1.253052	0.499573
-0.080261	0.895386	1.558228	0.523071
-0.105591	1.401672	1.816406	0.522461
-0.128174	1.863708	2.029419	0.491943
-0.143433	2.265320	2.210388	0.444031
-0.147095	2.592468	2.342224	0.397644
-0.142517	2.844849	2.407532	0.338440
-0.135498	3.005676	2.410583	0.268555
-0.133362	3.039856	2.349243	0.215759
-0.140991	2.984924	2.233887	0.192261
-0.143738	2.879944	2.076416	0.164185
-0.131836	2.720642	1.881714	0.108948
-0.120239	2.504272	1.653442	0.052185
-0.120850	2.241516	1.400452	0.001831
-0.130310	1.952209	1.138000	-0.052490
-0.137939	1.638184	0.876465	-0.095215
-0.141296	1.288452	0.600891	-0.109253
-0.132141	0.915833	0.331421	-0.105591
-0.108032	0.541382	0.090332	-0.099792
-0.087585	0.168762	-0.135803	-0.096130
-0.065002	-0.194397	-0.331726	-0.095215
-0.045471	-0.565186	-0.523071	-0.114441
-0.049744	-0.928040	-0.712585	-0.133667
-0.062561	-1.268616	-0.906677	-0.118408
-0.063782	-1.585693	-1.097717	-0.080872
-0.061951	-1.859741	-1.278687	-0.072632
-0.043030	-2.083740	-1.437988	-0.090027
-0.003967	-2.288818	-1.580200	-0.110168
0.051880	-2.490234	-1.714783	-0.130310
0.112610	-2.643738	-1.848145	-0.136719
0.166626	-2.780457	-1.965637	-0.124817
0.223083	-2.921143	-2.055664	-0.102234
0.276489	-3.023682	-2.112427	-0.066833
0.327759	-3.049622	-2.144775	-0.015259
0.386353	-3.025208	-2.145691	0.025940
0.439758	-2.969360	-2.131042	0.054932
0.456238	-2.853088	-2.098083	0.091248
0.430603	-2.663269	-2.023621	0.114441
0.380554	-2.428284	-1.917725	0.104675
0.306702	-2.157898	-1.818237	0.062256
0.218506	-1.844788	-1.714172	-0.010986
0.137024	-1.512756	-1.566772	-0.128174
0.050964	-1.181641	-1.374207	-0.266724
-0.032959	-0.856018	-1.169434	-0.421448
-0.125122	-0.528564	-0.964050	-0.600891
-0.220642	-0.202942	-0.780945	-0.777893
-0.300598	0.105896	-0.623169	-0.904541
-0.357971	0.375977	-0.472412	-0.977173
-0.393066	0.609436	-0.314636	-1.026917
-0.397644	0.827942	-0.139771	-1.062927
-0.381470	1.026611	0.031738	-1.073914
-0.346375	1.200867	0.214844	-1.071777
-0.294800	1.364441	0.417175	-1.058655
-0.227356	1.503601	0.631714	-1.013794
-0.146484	1.638794	0.852356	-0.941162
-0.063477	1.790771	1.071167	-0.863037
0.020447	1.950684	1.283569	-0.798950
0.097961	2.109680	1.480713	-0.736389
0.172119	2.257080	1.655579	-0.672913
0.218506	2.382507	1.812744	-0.595093
0.233765	2.470398	1.944580	-0.513000
0.233459	2.507935	2.032166	-0.440369
0.217590	2.503052	2.059326	-0.382996
0.196838	2.476196	2.034607	-0.354004
0.175781	2.413635	1.966248	-0.356750
0.160217	2.293091	1.855469	-0.375061
0.147095	2.118530	1.707764	-0.397034
0.113525	1.901245	1.530151	-0.419617
0.065308	1.651611	1.307373	-0.434570
0.011597	1.386108	1.049500	-0.427551
-0.036011	1.119080	0.774841	-0.382996
-0.064392	0.851440	0.503845	-0.307312
-0.083923	0.574341	0.253601	-0.228577
-0.097656	0.288696	0.011292	-0.144348
-0.110474	0.001526	-0.208435	-0.034180
-0.124512	-0.290833	-0.389709	0.104980
-0.140381	-0.596313	-0.540466	0.245056
-0.160522	-0.875549	-0.645752	0.360718
-0.182190	-1.119690	-0.720825	0.458374
-0.194702	-1.333923	-0.777588	0.548706
-0.215454	-1.521606	-0.816345	0.631104
-0.248413	-1.669312	-0.826416	0.695801
-0.290222	-1.772461	-0.802002	0.748291
-0.324707	-1.820374	-0.745544	0.795593
-0.336609	-1.798706	-0.671997	0.838623
-0.324707	-1.707458	-0.586853	0.885620
-0.281067	-1.556702	-0.488281	0.941162
-0.212708	-1.351929	-0.373535	1.021423
-0.120544	-1.103821	-0.238953	1.118774
-0.009766	-0.819397	-0.085144	1.219177
0.112000	-0.517273	0.074768	1.331482
0.246277	-0.223389	0.230408	1.470947
0.376282	0.070496	0.372314	1.625366
0.487366	0.365295	0.500183	1.768188
0.581055	0.646973	0.613098	1.885681
0.649719	0.913086	0.715942	1.976013
0.685425	1.143799	0.813599	2.047119
0.690918	1.319885	0.907593	2.093811
0.666199	1.443176	0.993652	2.090149
0.611267	1.523743	1.060181	2.022095
0.527344	1.556091	1.103821	1.884155
0.415344	1.528931	1.123657	1.676331
0.281372	1.444397	1.110840	1.418152
0.144348	1.312561	1.067505	1.134949
0.007324	1.140442	1.003418	0.837097
-0.132141	0.940247	0.919189	0.517883
-0.266113	0.722656	0.812683	0.189514
-0.391541	0.507507	0.688477	-0.131836
-0.501099	0.309753	0.531311	-0.440674
-0.588989	0.121765	0.346375	-0.735168
-0.655518	-0.052185	0.149231	-1.012573
-0.700378	-0.208130	-0.046387	-1.275330
-0.724487	-0.343018	-0.237732	-1.518555
-0.728455	-0.451965	-0.426331	-1.749268
-0.711975	-0.539856	-0.609436	-1.952820
-0.678101	-0.606689	-0.784912	-2.122498
-0.639038	-0.641174	-0.946655	-2.260132
-0.611572	-0.642700	-1.082153	-2.365417
-0.588684	-0.603638	-1.188660	-2.446594
-0.560608	-0.536194	-1.258240	-2.493591
-0.527344	-0.450134	-1.282654	-2.498169
-0.480347	-0.339355	-1.259460	-2.475891
-0.419922	-0.206299	-1.192017	-2.438354
-0.346680	-0.048218	-1.090088	-2.382813
-0.267334	0.130310	-0.956726	-2.308350
-0.188293	0.313110	-0.783081	-2.218933
-0.108032	0.499268	-0.587158	-2.113647
-0.031433	0.682983	-0.381165	-1.985474
0.047607	0.852356	-0.163879	-1.826477
0.132751	1.001282	0.048828	-1.632996
0.218811	1.129456	0.244141	-1.409912
0.305176	1.221619	0.408020	-1.164246
0.382690	1.274414	0.529175	-0.903625
0.440063	1.284180	0.600891	-0.641479
0.478210	1.237488	0.617065	-0.397339
0.504456	1.127930	0.583191	-0.167847
0.524902	0.971680	0.505371	0.046387
0.533447	0.781555	0.378418	0.219421
0.527039	0.565186	0.204468	0.345459
0.503540	0.328979	-0.001526	0.431519
0.461121	0.070190	-0.227661	0.483704
0.406494	-0.212097	-0.462646	0.508728
0.340271	-0.505981	-0.701294	0.502014
0.267639	-0.788269	-0.924072	0.469360
0.202637	-1.058655	-1.123962	0.419006
0.148621	-1.314697	-1.300354	0.350342
0.104980	-1.551208	-1.441040	0.270691
0.068970	-1.770325	-1.552734	0.180054
0.040283	-1.957397	-1.640625	0.090637
0.017395	-2.119751	-1.701355	0.010071
-0.001831	-2.259521	-1.738892	-0.068054
-0.025024	-2.372742	-1.751099	-0.138550
-0.044250	-2.459106	-1.737061	-0.192261
-0.051575	-2.521057	-1.706543	-0.223694
-0.062256	-2.560425	-1.658325	-0.225220
-0.080872	-2.564697	-1.589050	-0.211182
-0.098877	-2.532043	-1.498108	-0.184631
-0.121460	-2.461548	-1.383362	-0.146790
-0.150757	-2.346191	-1.244507	-0.114746
-0.189514	-2.191772	-1.078796	-0.093689
-0.230713	-2.008057	-0.891418	-0.077820
-0.270081	-1.796875	-0.690918	-0.072021
-0.306091	-1.558533	-0.474548	-0.073547
-0.333252	-1.300659	-0.238342	-0.092468
-0.354614	-1.028748	0.010071	-0.126648
-0.374146	-0.752563	0.261230	-0.160217
-0.387268	-0.470276	0.505371	-0.199585
-0.393066	-0.187073	0.735474	-0.242004
-0.393372	0.089111	0.940247	-0.281677
-0.387878	0.344543	1.129150	-0.321655
-0.372009	0.571289	1.306458	-0.362244
-0.343323	0.772095	1.460876	-0.394592
-0.303040	0.938416	1.581116	-0.400696
-0.252075	1.062012	1.667786	-0.379333
-0.195618	1.146851	1.716614	-0.337219
-0.136414	1.198730	1.733704	-0.267944
-0.075378	1.231384	1.726379	-0.176086
-0.018311	1.252747	1.694946	-0.072937
0.027161	1.260376	1.643982	0.026855
0.067139	1.238403	1.578979	0.132141
0.100403	1.173096	1.510620	0.252686
0.120850	1.102600	1.446838	0.382385
0.137634	1.043701	1.387634	0.507813
0.156555	0.987549	1.329956	0.624084
0.175476	0.937195	1.269836	0.728455
0.195313	0.903931	1.207581	0.821838
0.211182	0.885925	1.154175	0.905151
0.228271	0.865784	1.108093	0.979309
0.238342	0.833435	1.045532	1.053162
0.241699	0.792542	0.969543	1.130371
0.246277	0.751038	0.882263	1.207886
0.253906	0.702820	0.773315	1.290894
0.267334	0.631104	0.640564	1.367798
0.283508	0.534363	0.474548	1.418457
0.292053	0.405579	0.280762	1.448669
0.291748	0.245667	0.063171	1.470947
0.285950	0.058899	-0.167847	1.473389
0.274658	-0.154724	-0.408936	1.440125
0.260315	-0.393066	-0.648499	1.367493
0.238037	-0.632629	-0.871887	1.268311
0.205688	-0.874939	-1.085815	1.136475
0.166321	-1.097107	-1.276245	0.972900
0.119324	-1.300049	-1.432495	0.794373
0.074158	-1.471863	-1.552124	0.613098
0.028381	-1.604919	-1.640015	0.433044
-0.018616	-1.697693	-1.699524	0.262146
-0.057373	-1.746521	-1.734009	0.097961
-0.091248	-1.764221	-1.734009	-0.055542
-0.122070	-1.763000	-1.690369	-0.195313
-0.150452	-1.733093	-1.608887	-0.312500
-0.162659	-1.668396	-1.504211	-0.402832
-0.156860	-1.567078	-1.384277	-0.473022
-0.134583	-1.433716	-1.262207	-0.516663
-0.096130	-1.269836	-1.130676	-0.529480
-0.043640	-1.086121	-0.985413	-0.515137
0.022583	-0.883179	-0.837708	-0.473328
0.087280	-0.661621	-0.690918	-0.404968
0.147400	-0.433960	-0.538940	-0.318298
0.208130	-0.205688	-0.373840	-0.216675
0.266113	0.017700	-0.198669	-0.106506
0.313721	0.232544	-0.024414	0.001831
0.350342	0.437317	0.142212	0.089111
0.374756	0.634155	0.297241	0.157166
0.385132	0.824280	0.445557	0.218811
0.378723	1.004028	0.585938	0.266724
0.349731	1.171875	0.715942	0.285645
0.296326	1.333618	0.840149	0.277100
0.222473	1.486206	0.945740	0.243835
0.137939	1.618042	1.028137	0.183411
0.048218	1.723938	1.080322	0.102539
-0.045471	1.793518	1.093140	0.001526
-0.140076	1.817322	1.067200	-0.117798
-0.229797	1.786194	1.004944	-0.249023
-0.321045	1.688538	0.911865	-0.391541
-0.413513	1.528931	0.783997	-0.534973
-0.494995	1.317444	0.622559	-0.683899
-0.563354	1.063843	0.433350	-0.834961
-0.617676	0.792847	0.222473	-0.977173
-0.657654	0.513611	-0.006409	-1.111450
-0.687866	0.228882	-0.242310	-1.231689
-0.706482	-0.050354	-0.475769	-1.338501
-0.709229	-0.314636	-0.694580	-1.423340
-0.695190	-0.560303	-0.884399	-1.484070
-0.665283	-0.780945	-1.040039	-1.524658
-0.627136	-0.972595	-1.152039	-1.547241
-0.578613	-1.133728	-1.219788	-1.545715
-0.521545	-1.263428	-1.241455	-1.513977
-0.452881	-1.371155	-1.217957	-1.445007
-0.376282	-1.456909	-1.161194	-1.339417
-0.295715	-1.519165	-1.078186	-1.208801
-0.209656	-1.566772	-0.975342	-1.049805
-0.114746	-1.604614	-0.859070	-0.861206
-0.014038	-1.623230	-0.731812	-0.642700
0.089417	-1.623535	-0.600891	-0.400696
0.194702	-1.613464	-0.464783	-0.136719
0.298157	-1.588135	-0.332642	0.143127
0.400391	-1.534119	-0.211182	0.432434
0.491638	-1.450806	-0.099792	0.721130
0.571594	-1.343079	-0.000916	1.001892
0.634155	-1.218872	0.079346	1.275635
0.676575	-1.085205	0.149231	1.533203
0.701599	-0.945740	0.217590	1.768188
0.700989	-0.806274	0.276489	1.975708
0.675964	-0.672913	0.316162	2.142029
0.635071	-0.544739	0.335999	2.253418
0.585938	-0.426025	0.338135	2.309570
0.524597	-0.319214	0.327454	2.305908
0.447998	-0.228577	0.307922	2.235107
0.361023	-0.156555	0.284729	2.096252
0.268250	-0.100403	0.267029	1.903381
0.172729	-0.056152	0.249634	1.665955
0.082703	-0.021667	0.228577	1.395569
0.001221	0.009460	0.206909	1.109009
-0.069275	0.030212	0.187683	0.826416
-0.123596	0.041809	0.170898	0.556946
-0.168457	0.050049	0.158386	0.293884
-0.211182	0.054932	0.151672	0.050354
-0.250854	0.058289	0.150146	-0.171509
-0.278931	0.066528	0.158691	-0.357666
-0.299683	0.082397	0.183716	-0.505981
-0.313721	0.112610	0.221863	-0.620117
-0.321045	0.162964	0.263977	-0.712585
-0.325928	0.234985	0.305176	-0.790710
-0.332031	0.329895	0.350037	-0.852356
-0.337219	0.446167	0.406494	-0.906067
-0.337524	0.578613	0.477905	-0.955811
-0.336914	0.723572	0.558167	-1.000671
-0.338745	0.880432	0.652466	-1.042480
-0.339661	1.040955	0.758362	-1.072998
-0.333252	1.195374	0.871887	-1.084900
-0.312805	1.334534	0.982666	-1.075134
-0.278320	1.450500	1.087646	-1.042786
-0.234985	1.541748	1.180420	-0.989380
-0.182190	1.615295	1.256104	-0.910339
-0.120239	1.671753	1.313171	-0.805359
-0.054016	1.711121	1.343994	-0.678406
0.015564	1.732483	1.343384	-0.536194
0.087891	1.735840	1.309204	-0.377808
0.159912	1.723938	1.244202	-0.198975
0.227661	1.682129	1.154175	-0.009155
0.285034	1.608887	1.043701	0.179749
0.328979	1.517944	0.914612	0.359192
0.360413	1.414795	0.776062	0.528259
0.376892	1.293945	0.632324	0.677795
0.378418	1.162720	0.484619	0.805664
0.364075	1.027527	0.335388	0.917664
0.335083	0.892334	0.195313	1.011353
0.296631	0.760803	0.064697	1.088562
0.251465	0.636597	-0.060730	1.147461
0.204163	0.517578	-0.175171	1.186829
0.158386	0.404968	-0.280151	1.208496
0.114441	0.303955	-0.371399	1.222534
0.076904	0.220947	-0.447388	1.224976
0.048523	0.159302	-0.509033	1.213684
0.029297	0.104065	-0.558167	1.201172
0.021362	0.050659	-0.592957	1.192017
0.023804	-0.011597	-0.612183	1.184082
0.028687	-0.087280	-0.622864	1.170654
0.033569	-0.174255	-0.625916	1.152344
0.034485	-0.273438	-0.631409	1.120911
0.031738	-0.380554	-0.642700	1.064758
0.024414	-0.487366	-0.654602	0.989990
0.014648	-0.606079	-0.667114	0.898132
0.001526	-0.733948	-0.686340	0.783386
-0.016479	-0.865479	-0.708313	0.646667
-0.042725	-0.997009	-0.732117	0.484314
-0.079041	-1.116333	-0.758972	0.304871
-0.123901	-1.225281	-0.785217	0.110779
-0.181580	-1.317749	-0.803528	-0.091553
-0.243835	-1.386719	-0.812073	-0.298157
-0.301208	-1.430664	-0.810852	-0.498657
-0.354004	-1.448669	-0.796204	-0.690002
-0.401611	-1.443481	-0.766602	-0.869446
-0.440369	-1.428223	-0.721130	-1.033630
-0.469360	-1.403503	-0.662231	-1.177673
-0.485535	-1.367798	-0.595703	-1.293335
-0.492249	-1.324158	-0.520020	-1.381836
-0.490112	-1.273499	-0.439453	-1.441345
-0.478210	-1.211853	-0.352783	-1.469727
-0.451965	-1.138306	-0.257568	-1.465454
-0.411377	-1.052551	-0.160828	-1.432800
-0.359802	-0.953064	-0.067749	-1.378174
-0.299377	-0.843201	0.016785	-1.304626
-0.235291	-0.719910	0.101318	-1.215515
-0.172424	-0.580750	0.191956	-1.117859
-0.114441	-0.428162	0.290527	-1.022644
-0.065613	-0.265198	0.395508	-0.932922
-0.021667	-0.092468	0.503235	-0.846863
0.016785	0.086670	0.616760	-0.757446
0.051575	0.272827	0.728455	-0.669250
0.081482	0.458679	0.832825	-0.588074
0.105896	0.637817	0.927429	-0.515747
0.122681	0.801697	1.010132	-0.451965
0.131836	0.945129	1.072083	-0.393372
0.139771	1.057739	1.108093	-0.335083
0.151672	1.140137	1.118774	-0.288696
0.164185	1.194458	1.105042	-0.253296
0.176392	1.217041	1.063232	-0.227661
0.186768	1.201172	0.997314	-0.211792
0.195007	1.141663	0.904236	-0.196838
0.195007	1.033630	0.782166	-0.182800
0.187683	0.872803	0.638733	-0.173950
0.174866	0.669556	0.476990	-0.171204
0.155945	0.436707	0.303040	-0.183716
0.131226	0.177612	0.118408	-0.218811
0.103760	-0.097046	-0.069885	-0.267639
0.075684	-0.376892	-0.260010	-0.321960
0.048523	-0.650024	-0.451355	-0.382385
0.019836	-0.909119	-0.640259	-0.450134
-0.007935	-1.151733	-0.824585	-0.519409
-0.030823	-1.370850	-0.996399	-0.585632
-0.042419	-1.561584	-1.142883	-0.638428
-0.035095	-1.720276	-1.256409	-0.670471
-0.014648	-1.845703	-1.334229	-0.678711
0.013428	-1.947632	-1.385193	-0.662842
0.049744	-2.032471	-1.408386	-0.612488
0.092468	-2.081909	-1.400146	-0.522156
0.139771	-2.087708	-1.364746	-0.393066
0.195618	-2.056885	-1.304626	-0.235291
0.259094	-1.985168	-1.219788	-0.051575
0.325928	-1.862793	-1.115112	0.156555
0.389099	-1.693726	-0.991821	0.379944
0.445557	-1.482239	-0.852966	0.602417
0.490723	-1.235962	-0.711365	0.822754
0.521545	-0.968018	-0.569458	1.033630
0.535889	-0.682373	-0.415039	1.225586
0.533447	-0.381165	-0.243530	1.397705
0.514221	-0.073853	-0.062866	1.535645
0.477905	0.231018	0.121460	1.622314
0.425110	0.527039	0.308838	1.663513
0.360718	0.812683	0.495300	1.673279
0.289307	1.082458	0.680847	1.647339
0.216064	1.328735	0.861206	1.574097
0.142212	1.553345	1.036987	1.450195
0.069580	1.739807	1.193237	1.294556
-0.001831	1.895142	1.328125	1.100464
-0.070190	2.020264	1.437378	0.880737
-0.134583	2.106018	1.521301	0.656433
-0.193481	2.153015	1.574707	0.434265
-0.242004	2.165222	1.595459	0.223389
-0.281677	2.131042	1.583557	0.025635
-0.313110	2.049255	1.537476	-0.155945
-0.338745	1.937256	1.459045	-0.319824
-0.362854	1.800232	1.353455	-0.468445
-0.383911	1.643677	1.233826	-0.590210
-0.400391	1.473389	1.099548	-0.686951
-0.412903	1.298828	0.956726	-0.765686
-0.424500	1.133728	0.814514	-0.835876
-0.432739	0.980225	0.672302	-0.895386
-0.432129	0.833740	0.527649	-0.935669
-0.420532	0.693665	0.389099	-0.960083
-0.402222	0.565796	0.272827	-0.966797
-0.382080	0.454407	0.184631	-0.948792
-0.355530	0.358887	0.120850	-0.907898
-0.319214	0.283813	0.075378	-0.842285
-0.273132	0.224915	0.044250	-0.743713
-0.215454	0.172729	0.019531	-0.607910
-0.145569	0.121765	-0.000610	-0.446167
-0.067444	0.070801	-0.016174	-0.269470
0.012512	0.021362	-0.021973	-0.077209
0.087891	-0.038147	-0.033569	0.122986
0.160522	-0.108643	-0.054932	0.319519
0.230408	-0.182800	-0.086060	0.507202
0.297852	-0.263367	-0.127563	0.684509
0.360107	-0.340576	-0.180969	0.840759
0.409546	-0.408020	-0.243530	0.970154
0.438843	-0.466614	-0.312500	1.070557
0.449829	-0.517883	-0.385742	1.144714
0.449829	-0.564880	-0.464478	1.192322
0.430908	-0.607910	-0.544434	1.212158
0.397034	-0.636597	-0.623169	1.197205
0.354004	-0.650330	-0.695801	1.148071
0.305481	-0.647278	-0.761108	1.065369
0.258179	-0.626526	-0.817871	0.952759
0.209961	-0.601196	-0.861511	0.820313
0.164185	-0.580750	-0.893860	0.672913
0.120544	-0.559082	-0.918274	0.515442
0.075378	-0.526428	-0.929565	0.351563
0.032349	-0.480652	-0.929871	0.181274
-0.005798	-0.432129	-0.915222	0.010376
-0.033264	-0.386658	-0.885620	-0.148315
-0.049744	-0.347900	-0.840149	-0.288696
-0.057678	-0.314941	-0.781860	-0.415344
-0.062256	-0.286255	-0.719299	-0.529785
-0.066833	-0.257263	-0.646667	-0.628052
-0.072327	-0.226135	-0.564880	-0.711670
-0.074768	-0.191650	-0.480957	-0.786133
-0.076294	-0.148621	-0.396118	-0.851135
-0.077515	-0.094604	-0.310669	-0.905762
-0.084534	-0.032043	-0.226746	-0.953674
-0.099182	0.040588	-0.149536	-0.999146
-0.119324	0.125732	-0.079651	-1.042175
-0.145569	0.220947	-0.019226	-1.085510
-0.174255	0.321655	0.030212	-1.138000
-0.201721	0.423889	0.068054	-1.196899
-0.229187	0.521545	0.098267	-1.254883
-0.256348	0.614929	0.122681	-1.311951
-0.280762	0.702515	0.141296	-1.365662
-0.294800	0.782776	0.154724	-1.408081
-0.294495	0.852051	0.163574	-1.437073
-0.285034	0.903015	0.162659	-1.445618
-0.268555	0.934143	0.152588	-1.429749
-0.250244	0.952759	0.134888	-1.392212
-0.233154	0.961304	0.114441	-1.334534
-0.214539	0.957336	0.094299	-1.263733
-0.192871	0.942688	0.079956	-1.183777
-0.168152	0.918579	0.072327	-1.092834
-0.139771	0.888062	0.072021	-0.989380
-0.108643	0.857544	0.077820	-0.884399
-0.079956	0.828247	0.089722	-0.778809
-0.056152	0.803833	0.113525	-0.678711
-0.035400	0.787354	0.149231	-0.581970
-0.013733	0.778198	0.193787	-0.479126
0.009766	0.772400	0.248718	-0.365601
0.032959	0.773010	0.312195	-0.239258
0.056152	0.779419	0.377197	-0.104675
0.082703	0.792236	0.441895	0.040588
0.114746	0.808716	0.504150	0.195618
0.150146	0.824890	0.561218	0.358276
0.190125	0.836487	0.614014	0.528870
0.231934	0.843506	0.660706	0.704651
0.272827	0.845032	0.697632	0.879211
0.310364	0.838928	0.725098	1.048889
0.345764	0.820923	0.741577	1.209106
0.378418	0.788574	0.742798	1.357727
0.402222	0.740662	0.722351	1.488953
0.413513	0.672913	0.680237	1.596069
0.407715	0.582886	0.621948	1.676941
0.384216	0.470276	0.552063	1.723633
0.347595	0.338745	0.472107	1.731567
0.303345	0.190125	0.386047	1.700439
0.253296	0.028687	0.290833	1.631775
0.198059	-0.139465	0.187378	1.531067
0.137024	-0.307922	0.079651	1.400757
0.070801	-0.471497	-0.025940	1.247559
0.001831	-0.627136	-0.125732	1.081848
-0.066528	-0.766296	-0.217896	0.910950
-0.129089	-0.881653	-0.298767	0.740967
-0.182190	-0.969238	-0.363770	0.582886
-0.224915	-1.029663	-0.410461	0.441895
-0.258484	-1.066284	-0.437317	0.323792
-0.279541	-1.085815	-0.443115	0.231018
-0.288391	-1.086731	-0.430298	0.164795
-0.285339	-1.066284	-0.398560	0.126038
-0.271301	-1.024170	-0.351563	0.113220
-0.250854	-0.958252	-0.289612	0.120544
-0.225525	-0.863342	-0.213013	0.141907
-0.199280	-0.740662	-0.122070	0.169373
-0.173645	-0.590820	-0.012207	0.197754
-0.151672	-0.416870	0.113220	0.227966
-0.133972	-0.220337	0.249329	0.256653
-0.117188	-0.005188	0.394287	0.280151
-0.101624	0.230103	0.547180	0.291443
-0.088806	0.479736	0.712280	0.287476
-0.078735	0.735474	0.885620	0.267944
-0.067444	0.999756	1.062927	0.232239
-0.056763	1.250000	1.229248	0.190430
-0.046082	1.495361	1.384583	0.140686
-0.038452	1.720276	1.515503	0.083008
-0.032654	1.916199	1.620483	0.020752
-0.029907	2.068481	1.694031	-0.045471
-0.029602	2.173462	1.728821	-0.115356
-0.030823	2.241211	1.719360	-0.186462
-0.031433	2.268982	1.667786	-0.252686
-0.033264	2.253418	1.575928	-0.313110
-0.041199	2.193604	1.442566	-0.372314
-0.053101	2.093201	1.271057	-0.429688
-0.068665	1.954956	1.072693	-0.484314
-0.088806	1.779480	0.843506	-0.530701
-0.110779	1.562805	0.581970	-0.568848
-0.131836	1.315918	0.310974	-0.597839
-0.154724	1.044006	0.032959	-0.617676
-0.174561	0.762939	-0.233765	-0.628967
-0.189209	0.474548	-0.494690	-0.640259
-0.201416	0.187683	-0.748901	-0.647583
-0.206909	-0.089417	-0.990295	-0.637817
-0.201416	-0.351257	-1.210327	-0.611267
-0.185242	-0.593262	-1.399536	-0.576782
-0.160522	-0.809326	-1.552734	-0.540161
-0.128479	-1.000366	-1.669312	-0.497742
-0.088501	-1.168518	-1.752319	-0.444336
-0.042114	-1.312256	-1.805725	-0.381470
0.010986	-1.436462	-1.829529	-0.305481
0.069885	-1.537170	-1.826782	-0.218201
0.132446	-1.612244	-1.804810	-0.122681
0.194702	-1.665344	-1.763611	-0.024414
0.254517	-1.701965	-1.706543	0.076904
0.308838	-1.731873	-1.636963	0.178223
0.355835	-1.749573	-1.554871	0.276184
0.390930	-1.738281	-1.459961	0.365601
0.414734	-1.697083	-1.358032	0.438232
0.426941	-1.628723	-1.257324	0.487976
0.421448	-1.533508	-1.156311	0.509033
0.399475	-1.414490	-1.052856	0.504150
0.364075	-1.283875	-0.942993	0.469666
0.321045	-1.152039	-0.830383	0.408325
0.267029	-1.021423	-0.716248	0.327148
0.203857	-0.891418	-0.594788	0.228577
0.136108	-0.765076	-0.466003	0.115662
0.070190	-0.646362	-0.340576	-0.005493
0.010376	-0.535583	-0.225220	-0.133362
-0.044556	-0.438538	-0.123596	-0.264893
-0.093079	-0.360413	-0.037537	-0.389099
-0.134583	-0.300598	0.040283	-0.499878
-0.169067	-0.253906	0.113220	-0.598755
-0.196838	-0.217590	0.179749	-0.690918
-0.217285	-0.192566	0.240479	-0.771484
-0.234985	-0.177612	0.292969	-0.833130
-0.246582	-0.169678	0.340271	-0.874329
-0.252991	-0.162048	0.385132	-0.892334
-0.254211	-0.151367	0.426636	-0.892334
-0.255432	-0.133972	0.468445	-0.881348
-0.254822	-0.108032	0.511780	-0.861511
-0.251465	-0.075378	0.554810	-0.831299
-0.245056	-0.039673	0.593567	-0.784302
-0.237732	-0.004578	0.629883	-0.725403
-0.230103	0.033264	0.664368	-0.660095
-0.219727	0.077209	0.694885	-0.590820
-0.201416	0.126953	0.718689	-0.522461
-0.176392	0.178528	0.735474	-0.454102
-0.143127	0.226746	0.743713	-0.385132
-0.108948	0.264893	0.744019	-0.314026
-0.074463	0.295410	0.737000	-0.238953
-0.043335	0.319214	0.721436	-0.160828
-0.014038	0.331116	0.697632	-0.079651
0.016174	0.320740	0.663452	0.006714
0.049438	0.284729	0.618896	0.100708
0.085144	0.222168	0.564575	0.198059
0.117188	0.137329	0.501099	0.288696
0.141296	0.032043	0.429993	0.366516
0.158997	-0.086670	0.352173	0.435486
0.173035	-0.210571	0.273438	0.497131
0.184326	-0.336609	0.195923	0.551758
0.190735	-0.462952	0.119934	0.597839
0.191956	-0.579529	0.051270	0.633850
0.186157	-0.686340	-0.013428	0.663147
0.175171	-0.775146	-0.071716	0.685425
0.162659	-0.841370	-0.126038	0.706787
0.149536	-0.881348	-0.173950	0.728149
0.139771	-0.895996	-0.211182	0.752563
0.133057	-0.888062	-0.236511	0.783997
0.130310	-0.862122	-0.249939	0.824585
0.134583	-0.818176	-0.252380	0.875244
0.146484	-0.758362	-0.246582	0.933838
0.166626	-0.685120	-0.239563	1.001282
0.195007	-0.600586	-0.231628	1.077271
0.227661	-0.508728	-0.223083	1.157532
0.261230	-0.411682	-0.215454	1.239624
0.291748	-0.310364	-0.209656	1.314697
0.318298	-0.209351	-0.205688	1.376648
0.340576	-0.111389	-0.202637	1.418762
0.356445	-0.018616	-0.197144	1.437988
0.364075	0.065308	-0.186462	1.434631
0.361023	0.139771	-0.174561	1.405029
0.343323	0.202637	-0.160522	1.349792
0.313416	0.257568	-0.142822	1.268616
0.270386	0.307007	-0.121765	1.159058
0.217896	0.350952	-0.102234	1.022034
0.161438	0.387573	-0.089111	0.863647
0.101013	0.414429	-0.081482	0.685730
0.033569	0.430298	-0.080872	0.494080
-0.039368	0.436401	-0.086975	0.291748
-0.112305	0.432739	-0.102844	0.082092
-0.179443	0.419617	-0.125427	-0.126953
-0.238342	0.398560	-0.150452	-0.331116
-0.287170	0.376892	-0.177307	-0.523682
-0.328064	0.351868	-0.203552	-0.701599
-0.361633	0.318909	-0.226440	-0.862122
-0.388794	0.279541	-0.247192	-1.002197
-0.408936	0.234070	-0.260315	-1.119080
-0.420837	0.187073	-0.267944	-1.209106
-0.425415	0.149231	-0.267334	-1.273193
-0.421753	0.122375	-0.257263	-1.313477
-0.411072	0.108337	-0.233459	-1.334534
-0.392151	0.112000	-0.195313	-1.336975
-0.365295	0.135803	-0.146790	-1.318359
-0.330200	0.178223	-0.086060	-1.283264
-0.291748	0.238342	-0.012817	-1.233826
-0.249329	0.312500	0.066833	-1.175232
-0.201111	0.401917	0.151978	-1.104736
-0.150452	0.500183	0.237732	-1.021729
-0.097656	0.601807	0.326233	-0.927429
-0.043640	0.701294	0.411072	-0.822449
0.008850	0.793762	0.484619	-0.709534
0.056763	0.873108	0.543823	-0.588074
0.099792	0.935669	0.590210	-0.462036
0.136108	0.975342	0.614929	-0.331116
0.168152	0.989380	0.613098	-0.195618
0.196228	0.975342	0.588074	-0.061951
0.216980	0.931702	0.540466	0.066833
0.227966	0.857849	0.465088	0.185852
0.230103	0.756531	0.364685	0.294189
0.224609	0.626831	0.246277	0.389099
0.207825	0.468750	0.111084	0.466003
0.181580	0.281067	-0.040283	0.521545
0.149536	0.070801	-0.198364	0.555725
0.109863	-0.152893	-0.357971	0.570374
0.062561	-0.387878	-0.520935	0.563049
0.016785	-0.625610	-0.673828	0.536194
-0.024109	-0.871582	-0.811462	0.488281
-0.062866	-1.111755	-0.927734	0.427856
-0.098572	-1.343689	-1.028748	0.353699
-0.125732	-1.557922	-1.111755	0.269775
-0.145874	-1.749878	-1.175232	0.179138
-0.158997	-1.914978	-1.221008	0.089722
-0.158386	-2.053528	-1.247559	0.003662
-0.146484	-2.165222	-1.252747	-0.076599
-0.128479	-2.240295	-1.237183	-0.145264
-0.106201	-2.272339	-1.201782	-0.197754
-0.078125	-2.261353	-1.143494	-0.233765
-0.050964	-2.210693	-1.062927	-0.255432
-0.025940	-2.114563	-0.960999	-0.261841
-0.002747	-1.976013	-0.838013	-0.256348
0.016174	-1.800232	-0.695801	-0.241394
0.028076	-1.595154	-0.538330	-0.218506
0.035400	-1.367493	-0.364990	-0.191650
0.037231	-1.119080	-0.177612	-0.165710
0.031433	-0.855713	0.018921	-0.140686
0.020752	-0.584412	0.214539	-0.124817
0.007629	-0.310364	0.405884	-0.119629
-0.010376	-0.038757	0.589294	-0.120850
-0.032043	0.225830	0.760803	-0.122681
-0.055542	0.477905	0.921021	-0.126343
-0.079346	0.710449	1.067200	-0.137634
-0.100098	0.920715	1.197205	-0.155029
-0.116882	1.104126	1.304016	-0.173340
-0.132446	1.255188	1.384277	-0.193481
-0.148315	1.376648	1.434631	-0.213013
-0.163879	1.467590	1.458740	-0.229797
-0.176697	1.527710	1.458740	-0.245361
-0.181885	1.558533	1.433716	-0.260620
-0.177307	1.561279	1.383057	-0.274963
-0.167847	1.536865	1.312256	-0.281982
-0.155945	1.488647	1.224670	-0.282593
-0.144958	1.421814	1.121521	-0.279541
-0.136108	1.341858	1.009216	-0.272217
-0.125732	1.247253	0.893250	-0.262756
-0.113831	1.143494	0.775757	-0.253906
-0.101318	1.040039	0.661316	-0.241699
-0.088196	0.938416	0.558167	-0.224304
-0.071411	0.838623	0.471497	-0.204773
-0.053711	0.744934	0.399780	-0.180664
-0.037537	0.662231	0.341797	-0.145874
-0.019531	0.588379	0.294189	-0.099182
0.003662	0.520325	0.253601	-0.040588
0.028076	0.455933	0.221252	0.028687
