2020/1/9 9:22:07 40us
CH1			CH2			CH3			CH4
-0.006104	-0.000916	0.010376	-0.006714
-0.006104	-0.000916	0.010071	-0.006714
-0.006104	-0.001221	0.009766	-0.006714
-0.006104	-0.001221	0.010071	-0.006714
-0.006104	-0.000916	0.010071	-0.006714
-0.006104	-0.001221	0.009766	-0.006714
-0.006409	-0.001221	0.009460	-0.006714
-0.005798	-0.001526	0.010071	-0.006409
-0.006714	-0.000916	0.010071	-0.006409
-0.006409	-0.001221	0.009460	-0.006409
-0.006714	-0.000916	0.009766	-0.007019
-0.006104	-0.001221	0.009155	-0.006714
-0.006104	-0.001221	0.009460	-0.006714
-0.006104	-0.000916	0.009766	-0.006714
-0.006104	-0.001221	0.009460	-0.006714
-0.006409	-0.001221	0.009460	-0.007019
-0.006714	-0.001221	0.009460	-0.006714
-0.006104	-0.000916	0.009460	-0.007324
-0.006409	-0.000916	0.009460	-0.007019
-0.006104	-0.001221	0.009460	-0.007019
-0.006104	-0.001221	0.009155	-0.007019
-0.006409	-0.000610	0.009155	-0.007019
-0.005798	-0.000610	0.009155	-0.007019
-0.006104	-0.000610	0.008850	-0.007019
-0.006409	-0.000610	0.009155	-0.007019
-0.006104	-0.000916	0.008850	-0.007019
-0.006104	-0.000305	0.009460	-0.007324
-0.004578	-0.000610	0.008545	-0.007019
-0.043030	0.000000	0.008850	-0.008850
0.016174	-0.001221	0.008545	0.007935
0.118713	-0.001221	0.008850	0.003052
0.178223	-0.011292	0.015869	-0.057983
0.245361	0.031433	-0.004578	-0.100098
0.302429	0.043945	-0.007629	-0.141296
0.328979	0.024719	0.018616	-0.127258
0.339050	-0.016479	0.073853	-0.030518
0.325317	-0.108948	0.072021	0.117493
0.285034	-0.177917	0.013123	0.279846
0.236206	-0.210266	-0.019531	0.419617
0.169983	-0.241699	-0.037537	0.497437
0.102844	-0.272522	-0.075378	0.556641
-0.005493	-0.274048	-0.142517	0.590820
-0.110474	-0.231018	-0.233459	0.617065
-0.244141	-0.104065	-0.307312	0.619507
-0.360107	0.051575	-0.356140	0.604553
-0.424500	0.214539	-0.371399	0.567932
-0.487671	0.364380	-0.374451	0.543823
-0.536499	0.531921	-0.344849	0.542908
-0.600281	0.738525	-0.264893	0.597839
-0.691223	0.939636	-0.107727	0.688782
-0.817871	1.137390	0.095825	0.658875
-0.853882	1.289673	0.324707	0.550232
-0.812073	1.434326	0.511169	0.480957
-0.786133	1.584778	0.691223	0.419617
-0.794373	1.674500	0.856628	0.370483
-0.797424	1.761780	1.009521	0.296631
-0.786743	1.804810	1.191406	0.181580
-0.766907	1.776733	1.351624	0.084229
-0.715027	1.743469	1.470947	-0.025635
-0.660706	1.716614	1.580811	-0.119629
-0.635071	1.606750	1.660461	-0.238953
-0.628967	1.453247	1.704102	-0.412598
-0.614929	1.295776	1.743774	-0.623169
-0.553894	1.099548	1.748047	-0.811157
-0.470581	0.827637	1.675720	-0.977173
-0.408325	0.499573	1.519165	-1.151428
-0.342102	0.170288	1.335754	-1.309509
-0.292358	-0.120850	1.155701	-1.438599
-0.258484	-0.387268	0.944214	-1.524963
-0.195313	-0.653381	0.694275	-1.572571
-0.106201	-0.928345	0.386658	-1.585388
-0.018311	-1.213989	0.034180	-1.525879
0.078430	-1.488342	-0.317688	-1.393433
0.175171	-1.720886	-0.651245	-1.237183
0.234680	-1.936951	-0.966187	-1.054382
0.278625	-2.161255	-1.271973	-0.837402
0.337219	-2.412109	-1.566467	-0.586243
0.411987	-2.648621	-1.836548	-0.310669
0.469055	-2.834167	-2.079163	-0.020447
0.516052	-2.978210	-2.287292	0.287170
0.575867	-3.104248	-2.454224	0.568237
0.657959	-3.208618	-2.544556	0.783386
0.745850	-3.287659	-2.590637	0.961914
0.816040	-3.314209	-2.581787	1.126404
0.877380	-3.289795	-2.516479	1.268005
0.917053	-3.209229	-2.430115	1.386414
0.950012	-3.069153	-2.294922	1.473694
1.000671	-2.869873	-2.110596	1.503296
1.038513	-2.599792	-1.878357	1.498413
1.039734	-2.252808	-1.616516	1.460266
1.030884	-1.858826	-1.354370	1.342163
1.012268	-1.442871	-1.096802	1.181946
0.963135	-1.018677	-0.837402	0.988770
0.885315	-0.590820	-0.567322	0.732117
0.779419	-0.162964	-0.277405	0.438232
0.664978	0.265503	0.004578	0.095825
0.541077	0.657959	0.259705	-0.283203
0.402527	0.993347	0.487671	-0.679321
0.263672	1.305542	0.702209	-1.088257
0.114441	1.611938	0.932007	-1.497498
-0.057678	1.898804	1.163635	-1.918030
-0.240173	2.147827	1.389465	-2.333069
-0.410461	2.343750	1.633301	-2.703247
-0.564270	2.495117	1.845703	-3.006897
-0.689697	2.613831	2.011719	-3.240967
-0.792542	2.722473	2.153931	-3.434753
-0.893860	2.785339	2.274170	-3.613586
-0.984192	2.776184	2.345276	-3.751526
-1.051636	2.713928	2.347717	-3.810730
-1.091919	2.648010	2.288208	-3.779907
-1.105652	2.576294	2.160950	-3.661194
-1.101379	2.464600	1.988525	-3.514404
-1.062012	2.346802	1.821899	-3.327637
-0.991821	2.248230	1.649475	-3.027039
-0.905151	2.151184	1.443176	-2.637024
-0.786438	2.047119	1.173096	-2.163696
-0.642700	1.915588	0.847168	-1.625671
-0.503235	1.780090	0.517883	-1.075745
-0.348816	1.649170	0.231934	-0.533752
-0.195313	1.513672	-0.050964	0.028687
-0.045776	1.364746	-0.352783	0.582886
0.089417	1.202087	-0.657654	1.115112
0.207825	1.021118	-0.950317	1.647949
0.306091	0.849304	-1.180725	2.180176
0.369263	0.686646	-1.340637	2.662354
0.408020	0.522156	-1.472778	3.088074
0.437317	0.345459	-1.571045	3.474426
0.461426	0.149231	-1.655273	3.807983
0.463867	-0.068359	-1.694641	4.090576
0.448303	-0.308533	-1.665344	4.297180
0.418396	-0.567322	-1.595764	4.422913
0.375366	-0.847778	-1.514587	4.482117
0.339355	-1.142273	-1.414185	4.482117
0.313110	-1.433411	-1.302490	4.411621
0.293884	-1.713562	-1.194763	4.283447
0.277710	-1.997681	-1.086426	4.077148
0.231628	-2.291260	-0.967407	3.805237
0.177002	-2.571716	-0.856628	3.501282
0.140991	-2.839050	-0.761108	3.173523
0.110474	-3.081665	-0.680542	2.803040
0.080261	-3.272400	-0.617065	2.393494
0.052795	-3.428345	-0.557861	1.950684
0.028381	-3.543091	-0.495911	1.481018
-0.003357	-3.578796	-0.450134	1.018066
-0.043945	-3.523560	-0.429382	0.587769
-0.075989	-3.383484	-0.407104	0.189514
-0.103149	-3.169861	-0.375671	-0.171509
-0.127258	-2.925110	-0.343628	-0.475769
-0.143433	-2.649231	-0.299683	-0.748596
-0.157776	-2.359314	-0.254517	-0.983887
-0.176697	-2.071228	-0.197144	-1.171875
-0.209656	-1.787109	-0.102539	-1.318359
-0.236511	-1.520691	0.001831	-1.441650
-0.241394	-1.286926	0.108643	-1.540222
-0.227966	-1.066589	0.220642	-1.605225
-0.202332	-0.833435	0.341797	-1.638489
-0.176086	-0.598755	0.469971	-1.638489
-0.159912	-0.375671	0.590515	-1.622009
-0.137634	-0.175476	0.703125	-1.581116
-0.095825	-0.003052	0.805664	-1.517334
-0.041199	0.154724	0.888062	-1.441040
0.003357	0.305176	0.938721	-1.353149
0.024414	0.448303	0.965271	-1.272888
0.030518	0.575867	0.982971	-1.220398
0.038452	0.704651	0.978699	-1.192322
0.067139	0.823059	0.942688	-1.182861
0.108948	0.923462	0.881958	-1.189880
0.143127	1.015015	0.802002	-1.227722
0.162659	1.104126	0.720215	-1.293335
0.193176	1.207886	0.647278	-1.382446
0.242920	1.321411	0.571899	-1.491699
0.299988	1.418152	0.487671	-1.619568
0.360107	1.481018	0.410156	-1.749878
0.403748	1.528015	0.350342	-1.869202
0.432434	1.567383	0.316772	-1.970215
0.449219	1.592407	0.301208	-2.047729
0.442810	1.592712	0.283813	-2.096863
0.429382	1.564026	0.253601	-2.101135
0.420837	1.500854	0.222473	-2.051086
0.411072	1.427307	0.199280	-1.945801
0.399475	1.363220	0.189819	-1.795959
0.379028	1.291504	0.178833	-1.617126
0.345764	1.212769	0.146179	-1.406250
0.316772	1.119995	0.091553	-1.159973
0.304565	1.005859	0.017700	-0.885620
0.289001	0.890503	-0.063477	-0.600586
0.264587	0.774536	-0.150452	-0.307617
0.247192	0.650635	-0.254211	-0.009766
0.242920	0.519104	-0.372314	0.302124
0.246582	0.368347	-0.510254	0.614929
0.263977	0.192261	-0.666199	0.926208
0.278625	0.006409	-0.838928	1.235962
0.284424	-0.166016	-1.044006	1.524048
0.289001	-0.331421	-1.278381	1.789856
0.282898	-0.488892	-1.537170	2.044373
0.269775	-0.633545	-1.813660	2.264404
0.253906	-0.781860	-2.100220	2.458801
0.225525	-0.911255	-2.370911	2.611389
0.186462	-1.017456	-2.622986	2.730408
0.149231	-1.100769	-2.837524	2.822266
0.113831	-1.166992	-3.002930	2.887268
0.079956	-1.215515	-3.099976	2.923889
0.045776	-1.254578	-3.119507	2.925720
0.002747	-1.287537	-3.057556	2.878418
-0.046082	-1.306458	-2.907104	2.779846
-0.094910	-1.311646	-2.675476	2.645264
-0.148315	-1.300964	-2.371521	2.478943
-0.206604	-1.268921	-1.995850	2.267151
-0.266418	-1.222839	-1.569824	2.017517
-0.323181	-1.155090	-1.109924	1.744690
-0.376282	-1.049194	-0.610046	1.453247
-0.417786	-0.916138	-0.096741	1.167603
-0.450439	-0.739441	0.433044	0.885925
-0.475464	-0.511475	0.969543	0.606384
-0.487366	-0.246887	1.482239	0.338745
-0.486755	0.061035	1.977234	0.093079
-0.485229	0.395813	2.440491	-0.123291
-0.487061	0.736694	2.851257	-0.318298
-0.495300	1.068420	3.200989	-0.504150
-0.502319	1.391602	3.493347	-0.682983
-0.496216	1.698608	3.737183	-0.854492
-0.478821	1.972656	3.924561	-1.010132
-0.457153	2.208557	4.036255	-1.152954
-0.438843	2.401428	4.083252	-1.288757
-0.428162	2.550354	4.078064	-1.421814
-0.423279	2.653809	4.032288	-1.546936
-0.418396	2.703857	3.944092	-1.658325
-0.409851	2.688293	3.801880	-1.748657
-0.404663	2.614746	3.607483	-1.806335
-0.397644	2.478027	3.372498	-1.832275
-0.391235	2.288818	3.099365	-1.819763
-0.392456	2.074280	2.793884	-1.774597
-0.383606	1.829529	2.449036	-1.701660
-0.362244	1.546326	2.065735	-1.591492
-0.332336	1.235657	1.650085	-1.434021
-0.286560	0.922241	1.228638	-1.242981
-0.235596	0.608826	0.817871	-1.039429
-0.170288	0.291138	0.398865	-0.828857
-0.092163	-0.039978	-0.025635	-0.618896
0.007019	-0.385437	-0.445862	-0.398560
0.122070	-0.728760	-0.844421	-0.169373
0.242615	-1.053467	-1.207581	0.057678
0.361633	-1.355591	-1.527405	0.266113
0.473328	-1.626587	-1.809692	0.444946
0.583191	-1.863708	-2.048340	0.606384
0.700378	-2.062073	-2.237549	0.763855
0.812073	-2.220154	-2.373657	0.906067
0.904236	-2.323608	-2.453613	1.005859
0.970154	-2.367554	-2.475586	1.069946
1.012573	-2.396545	-2.444763	1.109619
1.034546	-2.417908	-2.372437	1.118164
1.033020	-2.392273	-2.268982	1.098938
1.013184	-2.305298	-2.138977	1.059570
0.973206	-2.166748	-1.982117	0.996094
0.910339	-1.979065	-1.802063	0.905151
0.835876	-1.730347	-1.596680	0.792542
0.756531	-1.439209	-1.355286	0.659180
0.678711	-1.131287	-1.110840	0.510254
0.587463	-0.814209	-0.889587	0.350952
0.484314	-0.487366	-0.690308	0.175476
0.380859	-0.164185	-0.499573	-0.017700
0.273132	0.145874	-0.325623	-0.209351
0.163879	0.437622	-0.185547	-0.416260
0.046082	0.711670	-0.087891	-0.646973
-0.083008	0.961914	-0.050659	-0.862427
-0.215759	1.192017	-0.061951	-1.034546
-0.347290	1.404724	-0.099792	-1.183167
-0.467224	1.611938	-0.153809	-1.329956
-0.575867	1.811523	-0.213318	-1.455078
-0.672913	1.994019	-0.285645	-1.541443
-0.749512	2.165527	-0.364380	-1.595764
-0.806885	2.330017	-0.442200	-1.613159
-0.839539	2.468262	-0.503540	-1.583252
-0.848083	2.574768	-0.544434	-1.519165
-0.846252	2.640991	-0.553589	-1.439209
-0.837097	2.676392	-0.524292	-1.362305
-0.812988	2.697144	-0.465088	-1.266479
-0.764160	2.682800	-0.382996	-1.149292
-0.715332	2.630920	-0.274048	-1.018677
-0.666809	2.560730	-0.140991	-0.882568
-0.611877	2.479858	0.010376	-0.748901
-0.547485	2.396851	0.171814	-0.624695
-0.480042	2.316284	0.322571	-0.507813
-0.413818	2.213135	0.458374	-0.401611
-0.346680	2.076416	0.588684	-0.307617
-0.285339	1.926270	0.713806	-0.216980
-0.245361	1.781311	0.835876	-0.142212
-0.210876	1.648560	0.950928	-0.088806
-0.175171	1.517334	1.052856	-0.032043
-0.123901	1.378784	1.127625	0.061035
-0.059509	1.224060	1.194153	0.175781
0.006104	1.050110	1.255493	0.272217
0.069885	0.863342	1.307983	0.352478
0.121155	0.656738	1.359253	0.420532
0.159607	0.419617	1.407776	0.475159
0.198059	0.154114	1.442871	0.524292
0.236816	-0.131226	1.464844	0.574341
0.274353	-0.423889	1.466675	0.626831
0.304871	-0.717773	1.450806	0.678101
0.321350	-1.001282	1.414490	0.727539
0.322876	-1.271667	1.347351	0.791016
0.322266	-1.533508	1.249084	0.888367
0.316772	-1.781006	1.128540	1.009216
0.296936	-2.010803	0.987244	1.144104
0.269165	-2.222900	0.823059	1.284790
0.238342	-2.416382	0.641479	1.416016
0.205383	-2.570801	0.446472	1.541138
0.185242	-2.684937	0.244446	1.655273
0.180359	-2.778931	0.042725	1.750488
0.181274	-2.874146	-0.154114	1.834717
0.182800	-2.955322	-0.337830	1.905823
0.185852	-2.988281	-0.497437	1.953735
0.205383	-2.966003	-0.632019	1.984863
0.245056	-2.902832	-0.739441	2.005615
0.297241	-2.805481	-0.814819	2.006836
0.352783	-2.673950	-0.858459	1.982117
0.404663	-2.521057	-0.880127	1.938782
0.448914	-2.356873	-0.890503	1.880798
0.469666	-2.182922	-0.888367	1.798096
0.467529	-2.010498	-0.870361	1.683960
0.455017	-1.831970	-0.836792	1.535339
0.437622	-1.656189	-0.794373	1.361694
0.417175	-1.483154	-0.744019	1.162415
0.383301	-1.318970	-0.681763	0.937500
0.331726	-1.165771	-0.611877	0.697021
0.266113	-1.015930	-0.536804	0.449829
0.194702	-0.857544	-0.444641	0.176697
0.123291	-0.680237	-0.326538	-0.126648
0.055237	-0.496521	-0.182190	-0.438538
-0.016174	-0.318604	-0.015564	-0.757751
-0.091248	-0.130615	0.173035	-1.083984
-0.164795	0.083618	0.380859	-1.397705
-0.228882	0.316467	0.601196	-1.686707
-0.277405	0.562134	0.823059	-1.945190
-0.316772	0.820313	1.032715	-2.172241
-0.347900	1.093750	1.224060	-2.367554
-0.377808	1.389160	1.385498	-2.513733
-0.407410	1.705017	1.507263	-2.615051
-0.439148	2.037659	1.598206	-2.668762
-0.458374	2.366638	1.645203	-2.670898
-0.455627	2.681885	1.632690	-2.620850
-0.434570	2.978210	1.560059	-2.522278
-0.402832	3.247681	1.436768	-2.389221
-0.360718	3.479004	1.276245	-2.225342
-0.306091	3.634644	1.090698	-2.026062
-0.241394	3.704834	0.880127	-1.791077
-0.182800	3.725586	0.653687	-1.524963
-0.118408	3.702393	0.421448	-1.230164
-0.048218	3.626404	0.186462	-0.905151
0.016174	3.500977	-0.050964	-0.563660
0.078735	3.344116	-0.289307	-0.218811
0.132751	3.153381	-0.520020	0.109863
0.183105	2.923584	-0.752869	0.433350
0.226135	2.653198	-0.986633	0.751038
0.252686	2.340393	-1.198730	1.045227
0.274963	2.005005	-1.372070	1.309814
0.290833	1.646423	-1.508179	1.548462
0.307617	1.258240	-1.631470	1.750793
0.321045	0.847168	-1.750793	1.905518
0.327454	0.418091	-1.875610	2.032776
0.325012	-0.022583	-1.998596	2.139587
0.306396	-0.472412	-2.101440	2.210388
0.280762	-0.927734	-2.176819	2.212830
0.259399	-1.389771	-2.219543	2.164307
0.235596	-1.853943	-2.240601	2.078857
0.220337	-2.305908	-2.244873	1.946716
0.209961	-2.722473	-2.224731	1.785278
0.209656	-3.098450	-2.170410	1.609497
0.220337	-3.425598	-2.075806	1.420898
0.231628	-3.733215	-1.939697	1.227722
0.232239	-4.015808	-1.768494	1.038513
0.227966	-4.211731	-1.564636	0.865479
0.231934	-4.301453	-1.329956	0.710144
0.222473	-4.315186	-1.054993	0.577087
0.199585	-4.240417	-0.750122	0.458374
0.173645	-4.064941	-0.432739	0.361633
0.134583	-3.807678	-0.106201	0.280151
0.089722	-3.489990	0.213013	0.208130
0.032043	-3.133850	0.510559	0.141907
-0.030823	-2.746582	0.801086	0.069580
-0.089111	-2.340088	1.096802	-0.010681
-0.163269	-1.926270	1.392822	-0.077515
-0.242004	-1.519165	1.665955	-0.152588
-0.319214	-1.127319	1.900940	-0.241699
-0.391846	-0.755310	2.084045	-0.304565
-0.450439	-0.400696	2.218933	-0.325012
-0.498657	-0.071716	2.317200	-0.350647
-0.536804	0.240784	2.389832	-0.406494
-0.559998	0.534973	2.452698	-0.460510
-0.581360	0.785828	2.489624	-0.503235
-0.599060	1.004944	2.497559	-0.557861
-0.608521	1.202087	2.477417	-0.612793
-0.605774	1.361389	2.438354	-0.647583
-0.589905	1.483765	2.374878	-0.676575
-0.566711	1.578674	2.283630	-0.720520
-0.541687	1.637878	2.168884	-0.782471
-0.519104	1.663208	2.024231	-0.838928
-0.491638	1.651306	1.857300	-0.891418
-0.467834	1.599731	1.685486	-0.934448
-0.445862	1.510925	1.513672	-0.971069
-0.405579	1.387024	1.333923	-1.011353
-0.346680	1.249695	1.141663	-1.058655
-0.267944	1.112976	0.939636	-1.108704
-0.177612	0.956116	0.744934	-1.158447
-0.079041	0.773621	0.559692	-1.201782
0.014954	0.592041	0.381775	-1.231995
0.086670	0.440979	0.219116	-1.253662
0.147095	0.321655	0.060425	-1.252747
0.203552	0.230408	-0.089722	-1.216125
0.264587	0.168152	-0.221252	-1.132813
0.331116	0.129089	-0.330200	-1.008911
0.390625	0.108948	-0.419312	-0.863037
0.441284	0.112305	-0.499878	-0.695496
0.480347	0.136414	-0.569153	-0.506897
0.511780	0.173645	-0.628357	-0.299377
0.542297	0.223999	-0.683289	-0.086975
0.567322	0.289001	-0.733643	0.122375
0.585327	0.366516	-0.779724	0.320129
0.592041	0.445862	-0.827942	0.508423
0.582581	0.517273	-0.899963	0.680542
0.559082	0.578003	-0.993652	0.828247
0.518188	0.629578	-1.105347	0.961609
0.463562	0.666809	-1.225281	1.075439
0.397339	0.690002	-1.353455	1.167908
0.326233	0.703735	-1.490479	1.248779
0.260620	0.712585	-1.629944	1.304321
0.203857	0.715942	-1.766663	1.340942
0.160828	0.716553	-1.898193	1.361389
0.127258	0.713806	-2.018738	1.363525
0.100098	0.709534	-2.128296	1.345520
0.076599	0.706482	-2.223206	1.306152
0.053101	0.716553	-2.294312	1.243896
0.028687	0.749817	-2.334900	1.152344
0.008545	0.789185	-2.331238	1.032104
-0.007324	0.823364	-2.264709	0.882568
-0.021057	0.850830	-2.141418	0.716553
-0.036316	0.863037	-1.968994	0.538330
-0.055847	0.859375	-1.755981	0.349426
-0.085144	0.843506	-1.501770	0.144958
-0.118713	0.820923	-1.215515	-0.075378
-0.152283	0.789490	-0.903015	-0.318604
-0.180054	0.751953	-0.589905	-0.561523
-0.206299	0.708008	-0.259705	-0.795898
-0.234680	0.662537	0.081177	-1.004028
-0.267334	0.623169	0.415649	-1.184082
-0.296326	0.594177	0.729370	-1.335449
-0.322876	0.589294	1.019287	-1.459656
-0.346375	0.604858	1.284485	-1.566162
-0.368958	0.623169	1.532593	-1.652527
-0.392761	0.643005	1.766357	-1.720886
-0.417786	0.669250	1.983337	-1.777344
-0.442505	0.691528	2.177734	-1.823425
-0.466309	0.698547	2.346802	-1.859436
-0.484009	0.691833	2.474976	-1.879272
-0.496521	0.679321	2.548828	-1.884155
-0.505676	0.664063	2.573547	-1.877747
-0.518799	0.647583	2.554932	-1.859131
-0.536499	0.631104	2.497253	-1.827393
-0.551758	0.603027	2.407532	-1.777344
-0.554504	0.563049	2.288208	-1.701660
-0.545654	0.511169	2.131958	-1.603394
-0.532532	0.452271	1.945496	-1.487122
-0.512390	0.385437	1.727905	-1.356201
-0.485229	0.303040	1.481018	-1.204834
-0.454712	0.204468	1.220398	-1.033020
-0.419006	0.093079	0.954285	-0.843811
-0.372620	-0.030518	0.682068	-0.630493
-0.317993	-0.161438	0.424194	-0.401611
-0.254517	-0.297241	0.174866	-0.151672
-0.184631	-0.431519	-0.061646	0.122681
-0.102539	-0.564575	-0.281067	0.401306
-0.003662	-0.714111	-0.485840	0.690613
0.101318	-0.873718	-0.668640	0.983276
0.202332	-1.042786	-0.820618	1.259460
0.298157	-1.215515	-0.947876	1.513977
0.388489	-1.384277	-1.052246	1.737366
0.469360	-1.549683	-1.135559	1.918640
0.536194	-1.711426	-1.200867	2.045593
0.588379	-1.869812	-1.252441	2.127075
0.620117	-2.011719	-1.292419	2.168579
0.634460	-2.136536	-1.322327	2.167053
0.634460	-2.242126	-1.342468	2.117310
0.624084	-2.328491	-1.350403	2.019653
0.607605	-2.408142	-1.349792	1.880188
0.584717	-2.480469	-1.348572	1.697388
0.555115	-2.521362	-1.346130	1.478882
0.521545	-2.524719	-1.341248	1.239319
0.484619	-2.498474	-1.336060	0.983276
0.441895	-2.445984	-1.330872	0.716553
0.393372	-2.355042	-1.321411	0.440979
0.335999	-2.219543	-1.307678	0.164795
0.274048	-2.041626	-1.290894	-0.110474
0.201416	-1.823120	-1.277771	-0.376282
0.113525	-1.571960	-1.257324	-0.628662
0.015259	-1.294250	-1.223450	-0.862427
-0.086060	-0.997925	-1.171265	-1.067505
-0.186157	-0.692749	-1.103821	-1.244812
-0.284119	-0.381470	-1.024475	-1.404724
-0.371399	-0.068359	-0.935059	-1.535950
-0.440063	0.250549	-0.844421	-1.625671
-0.488892	0.576172	-0.741882	-1.682739
-0.520935	0.902405	-0.624695	-1.718445
-0.537720	1.227417	-0.494080	-1.726074
-0.538025	1.543274	-0.357666	-1.696777
-0.523376	1.850281	-0.221558	-1.633911
-0.491028	2.151489	-0.084839	-1.543579
-0.441589	2.428894	0.055542	-1.430054
-0.376587	2.677307	0.198059	-1.305237
-0.303955	2.900696	0.340881	-1.179810
-0.228882	3.067627	0.484619	-1.062622
-0.152283	3.170776	0.622253	-0.945435
-0.079041	3.233337	0.751343	-0.826111
-0.007019	3.267517	0.872803	-0.712585
0.063171	3.260193	0.979919	-0.607300
0.131836	3.217163	1.056519	-0.510254
0.198669	3.154297	1.099854	-0.421753
0.252991	3.061829	1.121826	-0.352173
0.298462	2.925110	1.113281	-0.296936
0.329590	2.735901	1.069031	-0.253906
0.346375	2.492065	1.001892	-0.221863
0.353088	2.207947	0.928955	-0.205994
0.350952	1.883240	0.854492	-0.192871
0.342712	1.510010	0.769348	-0.186768
0.330505	1.099854	0.675049	-0.186462
0.314026	0.663757	0.573730	-0.167236
0.298157	0.212708	0.468445	-0.116577
0.281677	-0.251465	0.364380	-0.043030
0.264893	-0.716248	0.265808	0.040588
0.252991	-1.161194	0.173340	0.145264
0.240173	-1.586914	0.071716	0.269470
0.230713	-1.990662	-0.045166	0.401917
0.225830	-2.349854	-0.162048	0.547180
0.224609	-2.682800	-0.272217	0.711365
0.222778	-2.976990	-0.383911	0.886536
0.214844	-3.218079	-0.490417	1.060486
0.197754	-3.406067	-0.590515	1.230774
0.174255	-3.572693	-0.682678	1.395874
0.150146	-3.724670	-0.764771	1.547241
0.109253	-3.818054	-0.825195	1.688843
0.063782	-3.829346	-0.864868	1.815186
0.026550	-3.789063	-0.886536	1.923828
-0.003052	-3.687439	-0.896912	2.009888
-0.024109	-3.497620	-0.892334	2.069702
-0.040894	-3.254395	-0.855103	2.097473
-0.043640	-2.984924	-0.807800	2.102966
-0.045166	-2.694397	-0.776062	2.094116
-0.053406	-2.388611	-0.732422	2.067566
-0.055237	-2.082825	-0.657349	2.013855
-0.061646	-1.795654	-0.548401	1.957092
-0.068054	-1.537476	-0.426941	1.881104
-0.076294	-1.302185	-0.307312	1.768188
-0.092468	-1.096497	-0.205994	1.639709
-0.112000	-0.916748	-0.120850	1.517334
-0.137024	-0.765076	-0.025635	1.374207
-0.165405	-0.633240	0.092468	1.179810
-0.189819	-0.517578	0.227051	0.955505
-0.220337	-0.430603	0.361328	0.718994
-0.246277	-0.354614	0.489807	0.462036
-0.269165	-0.277405	0.613403	0.195923
-0.289612	-0.206909	0.733643	-0.058289
-0.305176	-0.127869	0.848083	-0.308838
-0.321655	-0.035400	0.960388	-0.554810
-0.339661	0.064697	1.068726	-0.796814
-0.357361	0.172424	1.157532	-1.010437
-0.371704	0.278931	1.227417	-1.188965
-0.393677	0.391846	1.291809	-1.343079
-0.418396	0.530090	1.343384	-1.478271
-0.420837	0.687561	1.370239	-1.587524
-0.406494	0.861816	1.366577	-1.684570
-0.383301	1.052551	1.331482	-1.764221
-0.355530	1.230469	1.272278	-1.820984
-0.319214	1.391907	1.193237	-1.851807
-0.276794	1.547546	1.087646	-1.848450
-0.242920	1.700134	0.958252	-1.821899
-0.208130	1.837158	0.812073	-1.770630
-0.166626	1.947327	0.650024	-1.675720
-0.115051	2.027893	0.465393	-1.531677
-0.059509	2.070618	0.272522	-1.364136
-0.010986	2.073059	0.069580	-1.199646
0.032349	2.044983	-0.147095	-1.020508
0.071411	1.993103	-0.356750	-0.827637
0.109253	1.898193	-0.557861	-0.627136
0.150146	1.759033	-0.748596	-0.433350
0.184937	1.607971	-0.920105	-0.250244
0.220947	1.452332	-1.083679	-0.075684
0.260315	1.283875	-1.231995	0.091553
0.293274	1.111145	-1.368713	0.248718
0.319519	0.938110	-1.489258	0.389099
0.337830	0.752869	-1.581421	0.516357
0.358276	0.553894	-1.656189	0.627136
0.373230	0.340271	-1.726685	0.726624
0.383301	0.101013	-1.784668	0.819702
0.402527	-0.155029	-1.811218	0.889587
0.422363	-0.418701	-1.805115	0.950317
0.449219	-0.687866	-1.777954	0.986633
0.476990	-0.946350	-1.730652	0.986633
0.499878	-1.195679	-1.673279	0.980225
0.517883	-1.427917	-1.607666	0.971069
0.528870	-1.624146	-1.510925	0.947876
0.539246	-1.765137	-1.375427	0.898132
0.549622	-1.849365	-1.206970	0.830688
0.551453	-1.893616	-1.011353	0.754395
0.547485	-1.898804	-0.800476	0.679016
0.537720	-1.862488	-0.579224	0.612183
0.516357	-1.800537	-0.346069	0.550842
0.480652	-1.704407	-0.116882	0.479126
0.426331	-1.568909	0.106812	0.394897
0.358887	-1.406555	0.323181	0.299683
0.286560	-1.229858	0.524292	0.211182
0.207214	-1.045532	0.710449	0.139771
0.113525	-0.856018	0.882874	0.075378
0.006409	-0.656738	1.028442	0.012207
-0.111389	-0.449524	1.141663	-0.040894
-0.231934	-0.233765	1.227112	-0.093079
-0.351257	-0.013123	1.296692	-0.153503
-0.461426	0.199280	1.362000	-0.221558
-0.565491	0.390930	1.423340	-0.292664
-0.668945	0.563049	1.482849	-0.363159
-0.769653	0.725708	1.539001	-0.432739
-0.859375	0.876160	1.584778	-0.496826
-0.922241	1.005554	1.614075	-0.541382
-0.962830	1.122131	1.625671	-0.575256
-0.986328	1.223145	1.629639	-0.606079
-0.998840	1.306152	1.627808	-0.635986
-0.998535	1.380310	1.612549	-0.662537
-0.978699	1.439209	1.592712	-0.676880
-0.939026	1.483459	1.571960	-0.679321
-0.877991	1.516113	1.537476	-0.675354
-0.797729	1.537781	1.489563	-0.663452
-0.700378	1.540527	1.423645	-0.642395
-0.591736	1.520386	1.348877	-0.607910
-0.475464	1.482544	1.274109	-0.559998
-0.356445	1.433411	1.194458	-0.496521
-0.246887	1.371460	1.114197	-0.410767
-0.139771	1.302185	1.029968	-0.308228
-0.030823	1.228027	0.935669	-0.178528
0.065308	1.147461	0.843506	-0.029602
0.163269	1.053162	0.747681	0.137634
0.250244	0.944519	0.650330	0.314941
0.325928	0.829468	0.558472	0.493774
0.389404	0.706482	0.478821	0.664368
0.443420	0.576477	0.415039	0.834961
0.486450	0.443420	0.352478	0.988770
0.514221	0.311584	0.284424	1.119690
0.522461	0.186768	0.213928	1.236877
0.516968	0.068665	0.131531	1.340942
0.502014	-0.052490	0.039368	1.427002
0.478821	-0.177307	-0.068970	1.487427
0.442810	-0.308533	-0.190430	1.524048
0.390320	-0.451355	-0.327759	1.536255
0.329895	-0.596924	-0.487671	1.513062
0.266724	-0.733032	-0.665283	1.461182
0.210571	-0.865479	-0.857544	1.389771
0.166016	-0.993347	-1.065979	1.299438
0.134277	-1.112366	-1.288757	1.197510
0.107117	-1.211548	-1.514893	1.081543
0.078430	-1.278992	-1.731567	0.952454
0.052795	-1.313782	-1.932983	0.817566
0.034180	-1.307983	-2.117310	0.674744
0.021973	-1.253662	-2.265930	0.528259
0.012512	-1.158142	-2.373962	0.372009
0.003357	-1.028137	-2.432251	0.209656
-0.005493	-0.886841	-2.434998	0.044250
-0.013428	-0.744019	-2.381897	-0.127869
-0.016479	-0.604248	-2.276306	-0.300293
-0.016479	-0.459290	-2.123718	-0.462646
-0.018311	-0.306091	-1.934204	-0.623169
-0.024109	-0.149231	-1.706543	-0.782471
-0.034485	0.003662	-1.440430	-0.932007
-0.042725	0.155945	-1.149902	-1.064453
-0.046692	0.300598	-0.838318	-1.179199
-0.046387	0.433655	-0.505371	-1.281738
-0.038757	0.559998	-0.172119	-1.369629
-0.025024	0.674438	0.152588	-1.442566
-0.009460	0.781250	0.466614	-1.509705
0.006104	0.877991	0.773315	-1.567078
0.018921	0.953064	1.067200	-1.617737
0.028381	1.009521	1.336365	-1.663818
0.036316	1.055298	1.580200	-1.699219
0.043945	1.092224	1.787720	-1.726685
0.050659	1.113281	1.944885	-1.748047
0.050964	1.120300	2.046204	-1.757813
0.048218	1.127319	2.095032	-1.759644
0.034790	1.134644	2.099609	-1.756287
0.012207	1.136475	2.054138	-1.746521
-0.010376	1.130066	1.968384	-1.730347
-0.035400	1.113281	1.853333	-1.701965
-0.063171	1.090393	1.708984	-1.665649
-0.092163	1.049805	1.538391	-1.615601
-0.122681	0.982361	1.349792	-1.540527
-0.156860	0.893250	1.145020	-1.436462
-0.189819	0.785522	0.929260	-1.305237
-0.216980	0.661011	0.712280	-1.145325
-0.239868	0.523376	0.507507	-0.958252
-0.257568	0.372314	0.316162	-0.753479
-0.263062	0.213623	0.133972	-0.536194
-0.253906	0.046082	-0.039368	-0.300903
-0.234680	-0.130005	-0.196838	-0.045776
-0.205994	-0.310669	-0.336609	0.222168
-0.169373	-0.489502	-0.463562	0.490112
-0.125122	-0.662231	-0.573425	0.754089
-0.077820	-0.827026	-0.659485	1.004639
-0.028381	-0.984802	-0.724487	1.239624
0.021667	-1.139221	-0.777893	1.455383
0.066528	-1.286011	-0.824585	1.648865
0.106201	-1.420288	-0.863953	1.818542
0.141602	-1.539612	-0.899353	1.955566
0.169983	-1.653137	-0.934143	2.059021
0.201416	-1.763611	-0.965271	2.127075
0.234985	-1.867065	-0.987854	2.157288
0.265808	-1.961670	-0.999146	2.149048
0.297241	-2.052612	-1.006775	2.108459
0.327759	-2.133789	-1.009521	2.036743
0.354614	-2.197266	-1.004333	1.939087
0.377502	-2.247314	-0.990295	1.823730
0.391235	-2.288513	-0.962830	1.698608
0.397339	-2.307739	-0.919800	1.569519
0.392151	-2.295227	-0.859375	1.432495
0.374146	-2.254944	-0.784912	1.289063
0.345459	-2.187500	-0.699463	1.141968
0.304565	-2.096863	-0.604858	0.997314
0.255127	-1.981506	-0.501709	0.854187
0.195313	-1.840820	-0.390625	0.706482
0.126648	-1.683655	-0.276184	0.563049
0.054321	-1.500549	-0.161438	0.415039
-0.015869	-1.289978	-0.048523	0.266724
-0.082397	-1.062622	0.059204	0.133667
-0.147095	-0.809937	0.168762	0.010071
-0.207520	-0.536804	0.283508	-0.106812
-0.258789	-0.244141	0.399780	-0.215454
-0.301208	0.059814	0.511780	-0.311890
-0.334473	0.367432	0.617065	-0.395203
-0.354309	0.679626	0.712891	-0.467529
-0.360718	0.987549	0.800781	-0.527649
-0.353699	1.284180	0.879211	-0.579834
-0.336304	1.568909	0.946960	-0.630798
-0.312805	1.834412	1.004333	-0.679932
-0.285950	2.070923	1.046143	-0.730286
-0.257568	2.271423	1.065674	-0.775757
-0.229187	2.435913	1.065979	-0.818176
-0.201721	2.564392	1.047974	-0.862122
-0.173950	2.658997	1.011047	-0.908508
-0.146179	2.713928	0.958252	-0.955200
-0.116577	2.707825	0.893555	-1.007385
-0.087585	2.651672	0.821533	-1.066589
-0.062866	2.561951	0.744324	-1.133118
-0.034180	2.432861	0.664673	-1.202087
-0.004272	2.261963	0.581970	-1.269836
0.023499	2.055359	0.492249	-1.333618
0.050964	1.830750	0.401306	-1.383667
0.078430	1.587830	0.317993	-1.420288
0.112915	1.327820	0.224915	-1.432800
0.150452	1.053162	0.124817	-1.422729
0.190125	0.767212	0.028076	-1.384888
0.233459	0.479736	-0.058594	-1.307068
0.276489	0.194092	-0.135498	-1.188354
0.321045	-0.088806	-0.218506	-1.050110
0.368347	-0.361023	-0.310059	-0.894775
0.414124	-0.606384	-0.408325	-0.711365
0.463562	-0.834045	-0.509033	-0.492859
0.509949	-1.043091	-0.603333	-0.264587
0.548096	-1.224670	-0.685120	-0.041199
0.573425	-1.376953	-0.757446	0.184631
0.581970	-1.504517	-0.825500	0.405884
0.580139	-1.611023	-0.893250	0.611267
0.562744	-1.709290	-0.953674	0.805969
0.535889	-1.781311	-1.004333	0.988770
0.505981	-1.805725	-1.040649	1.146851
0.470886	-1.790161	-1.058044	1.281433
0.427246	-1.738281	-1.061401	1.387939
0.382690	-1.643372	-1.056213	1.469421
0.333862	-1.510315	-1.040344	1.525269
0.272827	-1.347351	-1.014709	1.555176
0.202942	-1.158447	-0.993042	1.558533
0.133667	-0.958557	-0.972290	1.531067
0.064697	-0.751343	-0.943298	1.473999
-0.006409	-0.545044	-0.899048	1.394958
-0.080566	-0.360107	-0.840454	1.289978
-0.152893	-0.197449	-0.781250	1.150513
-0.227356	-0.053101	-0.730896	0.989380
-0.307312	0.071411	-0.685120	0.818176
-0.382690	0.172424	-0.628052	0.633850
-0.449829	0.246582	-0.551147	0.430603
-0.503540	0.298767	-0.455322	0.217896
-0.545959	0.328064	-0.347290	0.003662
-0.582886	0.338745	-0.234375	-0.218811
-0.607910	0.348816	-0.113220	-0.437317
-0.619812	0.356445	0.017700	-0.628967
-0.621643	0.367737	0.163269	-0.802917
-0.617676	0.393982	0.327454	-0.967407
-0.611267	0.433655	0.500793	-1.111145
-0.596924	0.483398	0.672607	-1.226196
-0.574036	0.541687	0.847473	-1.308899
-0.544739	0.605774	1.030273	-1.366272
-0.513916	0.684204	1.208496	-1.401672
-0.478210	0.778503	1.364746	-1.414185
-0.434570	0.887451	1.497498	-1.406555
-0.391235	1.004028	1.606750	-1.378479
-0.349731	1.115417	1.683044	-1.332397
-0.299377	1.217651	1.729736	-1.275635
-0.243530	1.321106	1.753845	-1.200256
-0.197754	1.431580	1.750183	-1.107178
-0.157471	1.535645	1.713257	-1.001892
-0.110779	1.619568	1.646423	-0.874329
-0.065918	1.682434	1.553650	-0.723572
-0.031128	1.731262	1.436462	-0.558472
0.001526	1.760254	1.295471	-0.400085
0.030823	1.762695	1.142273	-0.253906
0.048828	1.738586	0.985107	-0.105286
0.062866	1.678467	0.821838	0.051270
0.079956	1.581116	0.655212	0.198364
0.090027	1.466980	0.487671	0.331726
0.091553	1.348877	0.314941	0.461121
0.100098	1.222534	0.139771	0.580444
0.113831	1.084900	-0.032349	0.679321
0.123596	0.941467	-0.199280	0.764160
0.135193	0.787048	-0.353699	0.835266
0.147400	0.616760	-0.500488	0.888367
0.155640	0.429688	-0.648804	0.923767
0.161133	0.225220	-0.793762	0.946960
0.169678	0.013123	-0.921936	0.952759
0.181885	-0.200500	-1.030884	0.939941
0.196228	-0.409241	-1.121521	0.906372
0.213318	-0.604248	-1.187439	0.845642
0.233154	-0.785828	-1.227722	0.773315
0.256958	-0.946960	-1.248169	0.701904
0.284119	-1.079712	-1.244812	0.626526
0.314941	-1.177979	-1.208801	0.540466
0.348816	-1.240845	-1.142883	0.447388
0.381165	-1.279297	-1.054077	0.356445
0.412598	-1.303711	-0.947571	0.269470
0.433655	-1.304626	-0.828552	0.187683
0.446472	-1.277161	-0.695190	0.114746
0.450745	-1.218872	-0.549011	0.048218
0.441284	-1.135254	-0.397034	-0.018311
0.420532	-1.021423	-0.249634	-0.081177
0.393372	-0.884705	-0.110474	-0.132751
0.359497	-0.743408	0.025330	-0.174255
0.310059	-0.598145	0.152893	-0.208130
0.245972	-0.446777	0.263672	-0.241699
0.173035	-0.290527	0.361938	-0.278015
0.096741	-0.128784	0.445862	-0.321045
0.017700	0.042114	0.508728	-0.365601
-0.062561	0.210266	0.557251	-0.411682
-0.142212	0.370789	0.601196	-0.460510
-0.222778	0.530701	0.639038	-0.505676
-0.305786	0.693970	0.672913	-0.542297
-0.385437	0.857239	0.705872	-0.573425
-0.450745	1.019287	0.740356	-0.601501
-0.505676	1.183472	0.773621	-0.623474
-0.555725	1.350098	0.806580	-0.645142
-0.598755	1.510315	0.833130	-0.669250
-0.636597	1.666870	0.853271	-0.691528
-0.664063	1.812744	0.873108	-0.705566
-0.673828	1.938477	0.889587	-0.711975
-0.667725	2.035522	0.903625	-0.716248
-0.649109	2.095337	0.913086	-0.714111
-0.617065	2.126770	0.915222	-0.704956
-0.570068	2.139893	0.907593	-0.685425
-0.513306	2.124634	0.891113	-0.651550
-0.451355	2.083130	0.865173	-0.604248
-0.384827	2.017822	0.825195	-0.544739
-0.318604	1.923218	0.778198	-0.476990
-0.252991	1.802673	0.720520	-0.394592
-0.189819	1.655273	0.646667	-0.297241
-0.123901	1.478271	0.566101	-0.193176
-0.060425	1.277161	0.489502	-0.081482
-0.006104	1.064453	0.419312	0.039978
0.044861	0.839233	0.353699	0.157471
0.093384	0.603333	0.284119	0.272522
0.140381	0.355225	0.208130	0.392456
0.182800	0.098877	0.126343	0.520325
0.219116	-0.162659	0.043030	0.648499
0.246887	-0.426025	-0.044250	0.763855
0.266113	-0.693054	-0.131836	0.862427
0.278015	-0.962219	-0.222778	0.949707
0.281067	-1.231079	-0.326843	1.023560
0.274658	-1.493835	-0.444336	1.087952
0.259094	-1.751099	-0.569458	1.139832
0.245972	-1.991882	-0.702515	1.177368
0.233154	-2.194214	-0.834961	1.202393
0.218811	-2.373657	-0.972290	1.218262
0.200500	-2.538452	-1.105957	1.231079
0.181885	-2.691040	-1.232605	1.240234
0.158997	-2.808533	-1.351013	1.246338
0.136414	-2.872009	-1.455383	1.248474
0.122070	-2.885437	-1.543884	1.243896
0.115356	-2.848816	-1.612549	1.228027
0.114136	-2.754517	-1.658936	1.197510
0.113831	-2.603149	-1.673889	1.152954
0.114746	-2.416077	-1.646423	1.090393
0.112915	-2.207031	-1.588745	1.011047
0.105591	-1.974792	-1.496277	0.916443
0.098267	-1.723633	-1.362915	0.806885
0.089111	-1.461792	-1.193542	0.686035
0.076599	-1.199646	-0.997925	0.554199
0.061340	-0.941467	-0.785828	0.402527
0.045166	-0.689392	-0.567322	0.238342
0.026550	-0.449524	-0.349121	0.078125
0.007629	-0.223999	-0.127563	-0.079956
-0.006714	-0.013123	0.102539	-0.245972
-0.017700	0.179749	0.334778	-0.421143
-0.026855	0.351257	0.552979	-0.597534
-0.034180	0.498352	0.750732	-0.767212
-0.036926	0.620117	0.932312	-0.929565
-0.039063	0.715637	1.096497	-1.078186
-0.043030	0.787354	1.238098	-1.212158
-0.048828	0.839844	1.359253	-1.338806
-0.055847	0.876770	1.458130	-1.460266
-0.065613	0.898743	1.522217	-1.566772
-0.074768	0.899048	1.548462	-1.652222
-0.084534	0.878601	1.548157	-1.722412
-0.098877	0.849304	1.524658	-1.775513
-0.106812	0.815735	1.473694	-1.809387
-0.104065	0.774536	1.389160	-1.823120
-0.092773	0.732422	1.272583	-1.816711
-0.077515	0.683899	1.132813	-1.788025
-0.062256	0.622559	0.975037	-1.733704
-0.046692	0.561523	0.801392	-1.650696
-0.032349	0.505676	0.610657	-1.539917
-0.020752	0.450439	0.416260	-1.405945
-0.002441	0.391846	0.223999	-1.241150
0.027161	0.329895	0.038757	-1.039734
0.063782	0.270996	-0.134583	-0.812073
0.099182	0.215454	-0.296021	-0.570679
0.133667	0.161438	-0.446472	-0.320435
0.168762	0.114441	-0.580139	-0.057068
0.207520	0.070496	-0.693970	0.213928
0.246582	0.027466	-0.788574	0.483704
0.278015	-0.014648	-0.865784	0.749817
0.301514	-0.053406	-0.927734	1.009827
0.318604	-0.085754	-0.975342	1.254883
0.329590	-0.115051	-1.010742	1.475220
0.334167	-0.142517	-1.038208	1.665649
0.329590	-0.174561	-1.058350	1.820374
0.317993	-0.214539	-1.068726	1.940918
0.299988	-0.263672	-1.070862	2.025757
0.276184	-0.327759	-1.064148	2.077637
0.251160	-0.411377	-1.049194	2.094727
0.232239	-0.507507	-1.029053	2.075806
0.216980	-0.602112	-1.010132	2.028809
0.202637	-0.698853	-0.989990	1.954041
0.191040	-0.799561	-0.969849	1.854248
0.177307	-0.900269	-0.949097	1.736450
0.162964	-0.993347	-0.926514	1.605225
0.151367	-1.074219	-0.895996	1.463013
0.142212	-1.141663	-0.860291	1.308594
0.132751	-1.193848	-0.816650	1.144714
0.120850	-1.234131	-0.765076	0.976257
0.104980	-1.259460	-0.706177	0.809631
0.079041	-1.271362	-0.636597	0.650330
0.040894	-1.264038	-0.554504	0.493164
-0.004578	-1.234741	-0.461426	0.335999
-0.054016	-1.181030	-0.359802	0.184326
-0.101318	-1.105652	-0.252686	0.048523
-0.144653	-1.007385	-0.140991	-0.068359
-0.188293	-0.887756	-0.021667	-0.169373
-0.233765	-0.749817	0.103455	-0.252991
-0.277710	-0.597839	0.231628	-0.317688
-0.315857	-0.432434	0.361328	-0.363770
-0.345764	-0.251770	0.487366	-0.391541
-0.367126	-0.061951	0.609131	-0.407715
-0.382690	0.127258	0.726013	-0.418091
-0.393066	0.313721	0.838928	-0.425415
-0.402222	0.498352	0.945435	-0.430298
-0.406799	0.678711	1.039734	-0.433960
-0.405884	0.846558	1.112061	-0.434875
-0.395813	1.001892	1.161804	-0.439758
-0.381775	1.144714	1.195984	-0.455627
-0.366516	1.271667	1.217957	-0.483398
-0.349426	1.384583	1.222534	-0.524292
-0.329285	1.479797	1.208801	-0.579834
-0.304871	1.550598	1.180725	-0.643616
-0.276184	1.595764	1.136780	-0.713806
-0.245056	1.607361	1.076660	-0.792847
-0.212097	1.575012	1.004944	-0.876770
-0.181580	1.517944	0.925903	-0.960083
-0.148315	1.447144	0.841675	-1.036987
-0.107727	1.350708	0.751343	-1.103516
-0.066528	1.235352	0.659180	-1.155701
-0.025940	1.104431	0.565491	-1.192932
0.015564	0.964355	0.475464	-1.211243
0.056763	0.815430	0.392761	-1.205444
0.097656	0.654297	0.303955	-1.167603
0.140686	0.481567	0.213318	-1.101074
0.189819	0.300903	0.127869	-1.010742
0.239868	0.117798	0.048218	-0.895996
0.286865	-0.068054	-0.027771	-0.762329
0.332642	-0.252075	-0.108643	-0.618286
0.375366	-0.429993	-0.194092	-0.459900
0.412292	-0.599060	-0.285645	-0.280762
0.445557	-0.753784	-0.377502	-0.093384
0.471802	-0.895691	-0.469971	0.086670
0.492249	-1.019287	-0.562744	0.255737
0.503235	-1.125488	-0.658569	0.413513
0.502625	-1.217957	-0.754395	0.551147
0.490417	-1.290588	-0.845337	0.669250
0.468445	-1.350403	-0.928955	0.768433
0.440674	-1.384277	-1.006470	0.845642
0.408325	-1.384277	-1.078186	0.898743
0.373840	-1.355591	-1.146240	0.925598
0.334473	-1.297607	-1.213684	0.932007
0.295410	-1.212769	-1.271667	0.921631
0.246277	-1.099243	-1.315613	0.893250
0.187378	-0.962830	-1.346130	0.850220
0.126953	-0.809326	-1.370239	0.792236
0.066223	-0.646667	-1.384583	0.718079
0.002441	-0.477905	-1.380005	0.625000
-0.063782	-0.310974	-1.350098	0.513306
-0.131836	-0.158386	-1.293335	0.384521
-0.198059	-0.018616	-1.211548	0.242920
-0.266113	0.112915	-1.104126	0.100098
-0.333252	0.240173	-0.975342	-0.038147
-0.393066	0.361938	-0.820313	-0.174561
-0.444031	0.479431	-0.635071	-0.310669
-0.483398	0.598450	-0.425110	-0.443420
-0.511780	0.716553	-0.199890	-0.571594
-0.531311	0.827026	0.031128	-0.689697
-0.541077	0.935974	0.264587	-0.787354
-0.538940	1.039124	0.502319	-0.862732
-0.525208	1.136780	0.740662	-0.926514
-0.502014	1.234131	0.974426	-0.981445
-0.469055	1.328430	1.198120	-1.021729
-0.427246	1.417236	1.403198	-1.043701
-0.380554	1.499939	1.585999	-1.044617
-0.336609	1.569824	1.746826	-1.027832
-0.297241	1.628723	1.881104	-0.993652
-0.256042	1.677551	1.980286	-0.946045
-0.214233	1.715698	2.038879	-0.890503
-0.176086	1.736755	2.055969	-0.825500
-0.141602	1.734009	2.036743	-0.756226
-0.110779	1.707764	1.984253	-0.684509
-0.087891	1.658325	1.900635	-0.606995
-0.074158	1.585693	1.787720	-0.523071
-0.066223	1.483154	1.647339	-0.431519
-0.061340	1.347351	1.484985	-0.326538
-0.058594	1.185303	1.308594	-0.210266
-0.061035	1.005554	1.124268	-0.088501
-0.066833	0.809937	0.933228	0.030518
-0.074158	0.600281	0.736694	0.145874
-0.079041	0.379944	0.543518	0.265808
-0.079956	0.154724	0.358582	0.391541
-0.075684	-0.077820	0.177002	0.516968
-0.067749	-0.300903	0.007324	0.632935
-0.056763	-0.518188	-0.155029	0.739441
-0.039063	-0.729065	-0.308838	0.836487
-0.014038	-0.927734	-0.454712	0.921326
0.016785	-1.117859	-0.590515	0.996094
0.049438	-1.299438	-0.705566	1.061096
0.080566	-1.467590	-0.803833	1.112366
