2020/1/9 9:22:11 40us
CH1			CH2			CH3			CH4
-0.005493	0.006714	0.012207	-0.005798
-0.005493	0.006714	0.012207	-0.005493
-0.005493	0.007019	0.012512	-0.005798
-0.005798	0.006714	0.012512	-0.005493
-0.005493	0.007019	0.012512	-0.005798
-0.005493	0.007019	0.012512	-0.005798
-0.005493	0.006714	0.012207	-0.005798
-0.005188	0.006409	0.012207	-0.006104
-0.005493	0.006409	0.012512	-0.006104
-0.005493	0.006409	0.012207	-0.006104
-0.004883	0.006104	0.012207	-0.006104
-0.005493	0.006714	0.012207	-0.006104
-0.005188	0.006104	0.012207	-0.006714
-0.005188	0.006104	0.012207	-0.006104
-0.005493	0.006104	0.012207	-0.006104
-0.004883	0.005798	0.011902	-0.006104
-0.005493	0.005493	0.012207	-0.006104
-0.005188	0.005798	0.011902	-0.006104
-0.005493	0.005493	0.011902	-0.006409
-0.005493	0.005493	0.012207	-0.006409
-0.005493	0.005493	0.011902	-0.006409
-0.006104	0.005188	0.011902	-0.006409
-0.005493	0.005188	0.011902	-0.006104
-0.005493	0.004883	0.012207	-0.006104
-0.005188	0.004883	0.011902	-0.006714
-0.005493	0.004883	0.012207	-0.006104
-0.005493	0.004578	0.012207	-0.005798
-0.005798	0.004578	0.011597	-0.006104
-0.005493	0.004883	0.011902	-0.006409
-0.005493	0.004272	0.012207	-0.006104
-0.005798	0.004578	0.011597	-0.006409
-0.005493	0.004578	0.011902	-0.006104
-0.005493	0.004578	0.012207	-0.006409
-0.005493	0.004272	0.011902	-0.006104
-0.005493	0.004272	0.011597	-0.006714
-0.006104	0.003967	0.011597	-0.006104
-0.009766	0.004578	0.011902	-0.006409
-0.003052	0.005188	0.012207	-0.007019
0.236206	0.007935	0.011902	-0.007019
0.447693	0.016174	0.012207	-0.007935
0.559692	0.071411	0.010986	0.001221
0.558777	-0.007629	0.001831	-0.044861
0.518799	-0.155640	0.031128	0.027466
0.485535	-0.316467	-0.019836	0.072327
0.511169	-0.427551	-0.051270	0.098877
0.513000	-0.345154	0.029297	0.037842
0.394897	-0.085754	0.105896	-0.172729
0.129089	0.125122	0.129089	-0.349426
-0.233154	0.365601	0.183105	-0.456543
-0.677795	0.674133	0.121765	-0.542603
-1.064453	0.933533	0.000610	-0.450439
-1.458130	1.295776	-0.126953	-0.251465
-1.844482	1.718750	-0.191650	0.026245
-2.101746	2.156372	-0.329590	0.237122
-2.281799	2.605591	-0.539856	0.348206
-2.454529	2.973938	-0.678711	0.425720
-2.566833	3.091125	-0.759583	0.463257
-2.666626	3.052368	-0.784912	0.482788
-2.662048	2.914124	-0.735474	0.534363
-2.510986	2.749939	-0.671692	0.607910
-2.341919	2.553406	-0.559998	0.659485
-2.152405	2.278748	-0.389099	0.675354
-1.900024	1.874390	-0.132446	0.701599
-1.686096	1.406860	0.243530	0.772400
-1.460266	0.968933	0.612793	0.862122
-1.200867	0.519104	0.997925	1.006470
-0.911560	0.066223	1.306458	1.121826
-0.627747	-0.416870	1.516724	1.149597
-0.288086	-0.899963	1.671753	1.130371
0.104675	-1.310120	1.780396	1.073914
0.472717	-1.705627	1.813354	1.112976
0.775452	-2.072754	1.976013	1.153564
0.985413	-2.386475	2.194214	1.164856
1.102600	-2.630920	2.371521	1.215515
1.177368	-2.886963	2.512512	1.150818
1.276550	-3.160095	2.598267	0.951233
1.427002	-3.420410	2.666016	0.767212
1.536255	-3.677673	2.739563	0.559082
1.634521	-3.923950	2.824707	0.408936
1.685486	-4.027405	2.887878	0.368042
1.727295	-4.056091	2.908936	0.321045
1.749878	-4.035645	2.821655	0.337524
1.727600	-3.923950	2.485352	0.470581
1.671448	-3.723755	1.995239	0.584106
1.608276	-3.463135	1.397705	0.763855
1.515808	-3.142700	0.703735	1.088562
1.391907	-2.786255	0.034790	1.491394
1.228333	-2.474365	-0.623169	1.856384
1.012268	-2.262878	-1.369324	2.081299
0.746155	-2.127380	-2.158508	2.066040
0.512085	-2.031250	-2.983093	1.822205
0.287476	-1.865845	-3.771362	1.464233
0.096741	-1.688843	-4.411621	0.988770
-0.055542	-1.561279	-4.910583	0.427856
-0.192566	-1.438599	-5.274353	-0.228577
-0.289917	-1.311951	-5.425720	-0.971069
-0.350647	-1.158447	-5.416565	-1.723633
-0.361633	-0.988159	-5.294495	-2.507935
-0.302124	-0.808105	-5.091248	-3.310852
-0.197754	-0.648193	-4.830933	-4.044800
-0.055542	-0.484924	-4.459839	-4.588623
0.108948	-0.311279	-3.979492	-5.006714
0.261230	-0.173645	-3.435059	-5.316772
0.389099	-0.056763	-2.915955	-5.513306
0.523987	0.078735	-2.352600	-5.680847
0.640259	0.259705	-1.746521	-5.726929
0.746765	0.514526	-1.165161	-5.648499
0.830383	0.779114	-0.608521	-5.502319
0.893555	0.981445	-0.063171	-5.315857
0.960999	1.156006	0.442200	-5.086060
1.013489	1.282654	1.004028	-4.808350
1.091309	1.403198	1.581421	-4.513245
1.160278	1.569519	2.082214	-4.173889
1.193848	1.825256	2.545471	-3.883972
1.199341	2.133789	2.969360	-3.625488
1.157532	2.461243	3.367004	-3.277893
1.072693	2.787781	3.768616	-2.868347
0.971985	3.117981	4.126892	-2.449951
0.832520	3.489380	4.395752	-1.997681
0.649109	3.939819	4.527893	-1.517334
0.444031	4.422607	4.580078	-0.999756
0.196838	4.888916	4.506836	-0.444031
-0.084534	5.309448	4.336243	0.066223
-0.388184	5.645142	4.065857	0.536194
-0.706177	5.907593	3.675232	1.023560
-0.993958	6.072693	3.233032	1.518860
-1.233215	6.118469	2.711792	2.041626
-1.440125	5.993958	2.088318	2.569580
-1.596069	5.700989	1.372070	3.041077
-1.730347	5.270386	0.597229	3.432007
-1.875000	4.719238	-0.186157	3.770142
-2.016907	4.030151	-0.936890	4.102478
-2.104797	3.226624	-1.630554	4.386902
-2.142334	2.425232	-2.266235	4.605103
-2.117615	1.609497	-2.787781	4.742432
-2.052002	0.818176	-3.215332	4.781189
-1.959534	0.098267	-3.570251	4.752502
-1.845703	-0.588989	-3.814087	4.691772
-1.699219	-1.219482	-3.919373	4.593506
-1.542664	-1.794739	-3.902283	4.496765
-1.347046	-2.304993	-3.797607	4.404602
-1.079407	-2.793579	-3.591614	4.284973
-0.792236	-3.265991	-3.351135	4.179688
-0.466919	-3.777161	-3.115540	4.072571
-0.150452	-4.363403	-2.888489	3.900452
0.147705	-4.967041	-2.604065	3.682861
0.458679	-5.585327	-2.234192	3.428345
0.740051	-6.209717	-1.772766	3.136292
0.988464	-6.760864	-1.257935	2.829895
1.186829	-7.326965	-0.726624	2.542725
1.335754	-7.994385	-0.176697	2.260132
1.433105	-8.530579	0.360413	1.987305
1.471558	-8.808594	0.868835	1.747131
1.472473	-8.929138	1.368408	1.564941
1.412354	-8.908386	1.808472	1.434021
1.319885	-8.651733	2.179871	1.343384
1.192932	-8.097229	2.520142	1.274414
1.050415	-7.322998	2.792358	1.175842
0.889893	-6.420593	2.870178	1.042175
0.703125	-5.415649	2.805176	0.867920
0.534363	-4.394836	2.721252	0.693359
0.372925	-3.338318	2.635803	0.560303
0.238647	-2.325745	2.487488	0.435791
0.087891	-1.334229	2.273865	0.185242
-0.099487	-0.357971	1.972961	-0.139465
-0.268860	0.554810	1.612549	-0.426331
-0.388184	1.401978	1.276245	-0.709839
-0.465393	2.185059	0.965271	-1.142883
-0.504761	2.911987	0.719299	-1.683350
-0.549316	3.496094	0.476685	-2.203064
-0.579224	3.924255	0.235901	-2.715149
-0.548706	4.305725	0.014343	-3.229980
-0.507813	4.594727	-0.156250	-3.700867
-0.453796	4.839783	-0.283813	-4.123230
-0.393677	5.031433	-0.388794	-4.503784
-0.368958	5.131226	-0.433350	-4.850464
-0.373535	5.111389	-0.451660	-5.121460
-0.332336	5.008850	-0.462341	-5.330811
-0.298157	4.875183	-0.442200	-5.498352
-0.299072	4.731445	-0.365601	-5.625916
-0.239563	4.575500	-0.271301	-5.726318
-0.104370	4.382629	-0.204773	-5.802002
0.071106	4.226074	-0.163269	-5.867004
0.292969	3.994751	-0.132751	-5.935974
0.505676	3.619080	-0.133362	-5.960388
0.725708	3.120728	-0.181274	-5.904846
0.920410	2.539063	-0.270386	-5.765686
1.090393	1.915894	-0.425110	-5.534973
1.251221	1.278992	-0.643005	-5.181580
1.392517	0.634766	-0.921326	-4.713745
1.510620	0.009766	-1.236267	-4.139709
1.575928	-0.596313	-1.556396	-3.536377
1.625977	-1.160278	-1.890869	-2.893677
1.661682	-1.612549	-2.198792	-2.198486
1.665344	-1.958313	-2.435608	-1.460266
1.645508	-2.253418	-2.643127	-0.711670
1.593018	-2.406921	-2.796631	-0.005188
1.504211	-2.344360	-2.879944	0.683289
1.388550	-2.152100	-2.880554	1.381531
1.226501	-1.855774	-2.821655	2.088013
1.003723	-1.480408	-2.738037	2.763367
0.744934	-1.036377	-2.627563	3.410950
0.483704	-0.535278	-2.510071	4.028931
0.235596	0.004272	-2.424927	4.620361
-0.011292	0.510254	-2.388306	5.211487
-0.246887	0.968018	-2.360229	5.750732
-0.473022	1.402893	-2.326965	6.201477
-0.678406	1.799316	-2.278748	6.566162
-0.855408	2.161560	-2.229309	6.784973
-1.017761	2.481689	-2.203369	6.886292
-1.142883	2.711792	-2.205811	6.926880
-1.237793	2.884827	-2.208862	6.865234
-1.299438	3.059082	-2.145386	6.699829
-1.319580	3.174438	-2.004089	6.432800
-1.327515	3.146057	-1.761780	6.069336
-1.327209	2.980042	-1.420288	5.613403
-1.283264	2.729797	-0.999756	5.085449
-1.177063	2.402954	-0.528870	4.475708
-1.063232	2.036438	-0.010376	3.774414
-0.959778	1.640625	0.547180	2.976685
-0.861511	1.227112	1.142883	2.120056
-0.750732	0.791931	1.745911	1.239929
-0.642090	0.327454	2.321167	0.396423
-0.588074	-0.160522	2.902832	-0.411072
-0.596619	-0.642395	3.449402	-1.170654
-0.622253	-1.133728	3.941345	-1.871948
-0.645447	-1.594238	4.360046	-2.473450
-0.664063	-1.975098	4.686279	-2.981262
-0.663147	-2.312012	4.945984	-3.377991
-0.654297	-2.666626	5.126953	-3.593445
-0.666809	-3.005066	5.239258	-3.646545
-0.663757	-3.293152	5.293884	-3.594971
-0.628357	-3.630676	5.300293	-3.478394
-0.565796	-3.958435	5.234375	-3.254395
-0.491028	-4.145813	5.097656	-2.933044
-0.386353	-4.182739	4.921570	-2.552185
-0.272827	-4.125977	4.734192	-2.098999
-0.166016	-3.888550	4.514465	-1.596680
-0.056763	-3.432312	4.306641	-1.065979
0.048218	-2.832642	4.161682	-0.556335
0.147095	-2.151184	3.976135	-0.104675
0.236816	-1.438904	3.713074	0.260315
0.321655	-0.716858	3.417664	0.570374
0.397034	-0.004578	3.128967	0.838928
0.430603	0.642395	2.820435	1.106873
0.455322	1.209106	2.420959	1.261597
0.457458	1.729126	1.896667	1.279297
0.449219	2.158813	1.253052	1.250916
0.490723	2.492676	0.556030	1.256409
0.530701	2.703857	-0.141602	1.229553
0.557556	2.774963	-0.797729	1.126404
0.575562	2.724609	-1.400757	1.032104
0.583191	2.601318	-1.929932	0.951538
0.610046	2.465210	-2.381287	0.838013
0.645142	2.261658	-2.745667	0.743408
0.703430	1.972961	-3.009644	0.668335
0.771484	1.668091	-3.204956	0.546265
0.815735	1.362915	-3.295898	0.358582
0.820618	1.023254	-3.311462	0.144043
0.831909	0.649414	-3.304749	-0.072937
0.864563	0.216675	-3.280334	-0.317383
0.872498	-0.257568	-3.217773	-0.602722
0.870056	-0.709839	-3.116760	-0.931702
0.887451	-1.147461	-3.043518	-1.295166
0.897522	-1.518250	-3.016663	-1.730652
0.903931	-1.819458	-3.031311	-2.166443
0.911560	-2.126160	-3.070679	-2.557373
0.940247	-2.424011	-3.133545	-2.913818
0.958557	-2.630920	-3.180542	-3.225098
0.925293	-2.751770	-3.236694	-3.479919
0.848389	-2.862244	-3.302612	-3.648071
0.789795	-2.879944	-3.365784	-3.693848
0.773315	-2.697144	-3.406982	-3.604126
0.759888	-2.363892	-3.372192	-3.418274
0.718994	-1.954346	-3.315125	-3.163452
0.644836	-1.429443	-3.258667	-2.821655
0.517273	-0.760498	-3.135986	-2.404480
0.363464	0.003662	-2.926941	-1.947021
0.191040	0.816956	-2.667542	-1.460571
-0.024109	1.679077	-2.379761	-0.947266
-0.255432	2.577515	-2.055359	-0.466614
-0.505066	3.469543	-1.654968	-0.021362
-0.787659	4.341125	-1.203613	0.384521
-1.073914	5.150757	-0.771790	0.679321
-1.364441	5.867615	-0.368652	0.877991
-1.612549	6.507263	-0.006104	1.025085
-1.792297	6.993103	0.294189	1.171875
-1.924133	7.250671	0.559998	1.248474
-1.992188	7.327576	0.832520	1.224976
-2.004700	7.286072	1.119995	1.171570
-1.941223	7.105103	1.381531	1.101685
-1.817322	6.834412	1.602173	0.991516
-1.636658	6.440430	1.789551	0.885315
-1.426392	5.977478	1.964722	0.789795
-1.181335	5.490723	2.158508	0.678406
-0.921326	4.994507	2.320251	0.566711
-0.677795	4.492188	2.469177	0.425720
-0.438232	3.934021	2.650146	0.262451
-0.185547	3.298950	2.871094	0.144958
0.020142	2.614136	3.115540	0.055542
0.155334	1.904602	3.314819	-0.070801
0.224915	1.162415	3.426208	-0.230408
0.240479	0.399780	3.421021	-0.368042
0.238037	-0.392761	3.360901	-0.464783
0.241699	-1.266785	3.284607	-0.503235
0.273743	-2.183838	3.221130	-0.456238
0.298767	-3.098755	3.120117	-0.305786
0.291443	-4.020691	2.946472	-0.090942
0.284424	-4.882507	2.736816	0.161438
0.310059	-5.657959	2.482605	0.500488
0.373230	-6.357422	2.167969	0.940552
0.444641	-7.024231	1.849060	1.433105
0.503235	-7.566528	1.549683	1.937256
0.550537	-8.141174	1.240845	2.485046
0.621338	-8.703003	0.953064	3.062744
0.682678	-9.081116	0.698853	3.619995
0.724182	-9.210815	0.494995	4.135132
0.746460	-9.237366	0.288696	4.574280
0.768433	-9.117126	0.048523	4.917297
0.763855	-8.659363	-0.216980	5.155334
0.702515	-7.941895	-0.416260	5.208130
0.638428	-7.120972	-0.617676	5.105286
0.560608	-6.250610	-0.907288	4.879150
0.465393	-5.307922	-1.157532	4.554749
0.374146	-4.314575	-1.318665	4.115601
0.247192	-3.311157	-1.440125	3.684387
0.106812	-2.378845	-1.571045	3.161926
-0.028687	-1.468201	-1.648865	2.532043
-0.128784	-0.597839	-1.671448	1.915283
-0.171204	0.215454	-1.621704	1.406555
-0.184937	0.914307	-1.482544	0.918884
-0.188599	1.548157	-1.219788	0.363159
-0.168457	2.161560	-0.835571	-0.152893
-0.147095	2.640076	-0.442200	-0.605469
-0.085449	3.073120	-0.040894	-1.050415
-0.018311	3.462524	0.379333	-1.433105
0.060425	3.694458	0.857849	-1.720886
0.153503	3.846130	1.324463	-1.996155
0.238342	3.917847	1.780396	-2.284546
0.286255	3.906860	2.241516	-2.591248
0.311279	3.881836	2.605896	-2.853394
0.343628	3.818665	2.857971	-3.086548
0.316162	3.692932	3.059387	-3.277588
0.226440	3.596802	3.200684	-3.481445
0.153809	3.533936	3.205566	-3.709717
0.078125	3.490906	3.050842	-3.992920
0.012207	3.522644	2.752380	-4.324951
-0.025940	3.553162	2.339478	-4.641113
-0.027466	3.533325	1.845703	-4.903564
-0.012817	3.501282	1.286926	-5.046997
-0.046082	3.507385	0.669556	-5.081787
-0.061340	3.525696	0.002136	-5.027161
-0.043640	3.509216	-0.652466	-4.847717
0.017700	3.452454	-1.322937	-4.466553
0.109558	3.390503	-1.934204	-3.929749
0.180054	3.303528	-2.488098	-3.339844
0.193787	3.222656	-3.038330	-2.682495
0.163879	3.140869	-3.509216	-1.947021
0.088196	3.024292	-3.883057	-1.180725
-0.001221	2.865906	-4.176941	-0.441589
-0.108643	2.740479	-4.363708	0.269775
-0.203857	2.601929	-4.484253	0.936279
-0.282288	2.469177	-4.518433	1.532593
-0.354919	2.377014	-4.478149	2.033081
-0.445862	2.251892	-4.372559	2.428284
-0.535278	2.063904	-4.208679	2.767639
-0.598755	1.849365	-3.995667	3.017273
-0.647888	1.638794	-3.735352	3.197021
-0.656738	1.398621	-3.439026	3.359070
-0.593262	1.131897	-3.103333	3.443298
-0.490723	0.874023	-2.728271	3.467407
-0.329895	0.619812	-2.319031	3.453979
-0.142517	0.369568	-1.912842	3.334045
0.070496	0.096741	-1.519775	3.190918
0.299683	-0.206299	-1.134644	3.053284
0.499878	-0.511169	-0.718689	2.892151
0.680847	-0.814209	-0.296631	2.721863
0.849304	-1.118469	0.120850	2.525024
0.987549	-1.461487	0.556030	2.285156
1.066589	-1.859436	0.969238	2.035217
1.086731	-2.318726	1.304932	1.827698
1.052856	-2.828674	1.596069	1.669617
0.942688	-3.344116	1.860352	1.480103
0.759583	-3.869629	2.087708	1.216736
0.565491	-4.394226	2.284851	0.894470
0.383911	-4.886169	2.448730	0.566406
0.199585	-5.338440	2.598877	0.300903
-0.026550	-5.751953	2.760925	0.075378
-0.249634	-6.133728	2.879944	-0.150757
-0.455017	-6.420593	2.940674	-0.351563
-0.654602	-6.559448	2.944641	-0.521545
-0.848083	-6.567688	2.896423	-0.646667
-1.007080	-6.490784	2.801819	-0.693970
-1.124878	-6.334534	2.678833	-0.666809
-1.198425	-6.076355	2.580261	-0.594788
-1.237793	-5.708618	2.506409	-0.483398
-1.267700	-5.256348	2.432556	-0.331726
-1.248779	-4.742737	2.323303	-0.144348
-1.195984	-4.157715	2.137756	-0.000305
-1.153259	-3.546143	1.936646	0.087585
-1.138306	-2.880554	1.744690	0.134888
-1.129456	-2.135315	1.553040	0.123901
-1.131287	-1.358337	1.423645	0.050964
-1.128540	-0.582275	1.353149	-0.083008
-1.093140	0.180969	1.305847	-0.270386
-1.047668	0.915222	1.287537	-0.491028
-0.986328	1.606750	1.279907	-0.718079
-0.913391	2.237549	1.296692	-0.958862
-0.802612	2.778625	1.383362	-1.205139
-0.638123	3.252258	1.522522	-1.449280
-0.444031	3.678589	1.688232	-1.657104
-0.225830	4.029846	1.867676	-1.812744
-0.014954	4.258118	2.038269	-1.892090
0.171204	4.335938	2.175598	-1.883850
0.379333	4.314575	2.251587	-1.809387
0.592041	4.253540	2.265320	-1.672363
0.781860	4.152222	2.215881	-1.495056
0.940247	3.975830	2.106628	-1.311646
1.060791	3.732605	1.957703	-1.115723
1.165161	3.465271	1.763611	-0.917969
1.277161	3.165894	1.502075	-0.772705
1.357117	2.832642	1.181946	-0.668945
1.372681	2.467651	0.804749	-0.567932
1.361694	2.082520	0.377502	-0.475159
1.354370	1.691895	-0.109558	-0.387573
1.329346	1.300964	-0.644226	-0.325623
1.268616	0.930786	-1.202393	-0.301208
1.202087	0.593262	-1.775208	-0.273438
1.138916	0.326843	-2.352905	-0.203552
1.079102	0.155640	-2.898254	-0.093079
1.031189	0.065308	-3.419189	0.037537
0.993347	0.012817	-3.928833	0.200195
0.959473	-0.047302	-4.407349	0.395203
0.898132	-0.136414	-4.845276	0.599365
0.798950	-0.188904	-5.217896	0.826111
0.692139	-0.168762	-5.523682	1.072693
0.607605	-0.090942	-5.772400	1.325073
0.509338	0.034485	-5.948486	1.571350
0.366821	0.232849	-6.041870	1.784668
0.202942	0.475464	-6.050415	1.968689
0.038147	0.706177	-5.956421	2.099915
-0.134583	0.923462	-5.762634	2.158203
-0.298157	1.137085	-5.450439	2.127991
-0.430298	1.358643	-5.021362	1.998291
-0.555115	1.572571	-4.495239	1.773376
-0.675049	1.766052	-3.871155	1.444702
-0.781860	1.932373	-3.184509	0.959473
-0.870056	2.058411	-2.464294	0.407410
-0.947876	2.166443	-1.719360	-0.131226
-0.993347	2.285767	-0.948486	-0.656433
-0.995483	2.388611	-0.164490	-1.188354
-0.965881	2.483215	0.629578	-1.696472
-0.911560	2.559204	1.417847	-2.134399
-0.836182	2.593994	2.166748	-2.525330
-0.731201	2.592163	2.837524	-2.860718
-0.608215	2.542419	3.432617	-3.095703
-0.460815	2.436523	3.961182	-3.232727
-0.317993	2.243042	4.397888	-3.300781
-0.201721	1.967468	4.754944	-3.302307
-0.107727	1.648560	5.000916	-3.245850
-0.027466	1.302185	5.134583	-3.147888
0.009460	0.940247	5.184937	-2.995911
0.008240	0.576477	5.185547	-2.771606
-0.024109	0.216370	5.127869	-2.488403
-0.089417	-0.118713	4.997864	-2.187195
-0.169373	-0.422058	4.820557	-1.872253
-0.267944	-0.726013	4.608459	-1.542969
-0.375977	-1.046753	4.364319	-1.199036
-0.477600	-1.357422	4.070740	-0.849915
-0.576782	-1.634216	3.741150	-0.491028
-0.675354	-1.863098	3.372803	-0.113831
-0.751343	-2.074890	2.974548	0.286255
-0.789185	-2.270508	2.536316	0.698242
-0.795593	-2.430725	2.050476	1.129150
-0.776672	-2.582397	1.518860	1.554565
-0.727539	-2.733459	0.974731	1.958618
-0.655518	-2.865601	0.430908	2.326660
-0.569458	-2.998352	-0.096436	2.638855
-0.473633	-3.138428	-0.599670	2.861328
-0.380859	-3.278809	-1.084290	2.994690
-0.292053	-3.418274	-1.531067	3.045654
-0.210266	-3.560181	-1.945801	3.021545
-0.138550	-3.676758	-2.318420	2.940369
-0.073853	-3.741150	-2.644043	2.785950
-0.022888	-3.757629	-2.918701	2.561646
0.020447	-3.739319	-3.118591	2.287292
0.044861	-3.689575	-3.243408	1.983337
0.051575	-3.627014	-3.296814	1.666565
0.057678	-3.549500	-3.295898	1.320496
0.079956	-3.437805	-3.239746	0.947571
0.120850	-3.283081	-3.119812	0.565491
0.177612	-3.094177	-2.923889	0.181580
0.253906	-2.890930	-2.645264	-0.170288
0.349731	-2.688293	-2.309265	-0.459900
0.451965	-2.476196	-1.953430	-0.694275
0.569763	-2.223816	-1.587830	-0.873108
0.696106	-1.927795	-1.206665	-0.996704
0.817261	-1.614380	-0.816650	-1.077576
0.939331	-1.290894	-0.458069	-1.116943
1.047668	-0.979004	-0.151672	-1.115417
1.114502	-0.688782	0.097656	-1.070557
1.127319	-0.396423	0.276489	-1.008911
1.099548	-0.093689	0.386353	-0.964661
1.043091	0.221863	0.429382	-0.940857
0.973511	0.561218	0.403137	-0.930786
0.892029	0.913086	0.311890	-0.933838
0.798950	1.289978	0.180969	-0.950317
0.676880	1.688538	0.018921	-0.982361
0.524292	2.100220	-0.169373	-1.033630
0.359497	2.542419	-0.361938	-1.091919
0.202332	3.012085	-0.552063	-1.149597
0.062561	3.488464	-0.738525	-1.205444
-0.063477	3.944702	-0.912476	-1.265564
-0.174561	4.367676	-1.076660	-1.343689
-0.274048	4.741211	-1.220093	-1.437073
-0.372925	5.026855	-1.353455	-1.517944
-0.457458	5.229797	-1.478882	-1.587524
-0.512085	5.343933	-1.591797	-1.653748
-0.541687	5.349731	-1.679077	-1.722717
-0.571289	5.272217	-1.713562	-1.778259
-0.593567	5.151062	-1.701965	-1.822815
-0.611572	4.955444	-1.655579	-1.875000
-0.635376	4.690552	-1.574097	-1.935120
-0.644531	4.389648	-1.459656	-2.010193
-0.644226	4.074097	-1.297913	-2.104492
-0.640564	3.738098	-1.094360	-2.208862
-0.619202	3.391418	-0.864563	-2.298584
-0.564880	3.038025	-0.594482	-2.368164
-0.481262	2.679749	-0.278931	-2.420654
-0.383301	2.325134	0.077820	-2.431946
-0.258789	1.958923	0.456543	-2.386780
-0.117493	1.585388	0.837402	-2.289429
0.026855	1.200562	1.209106	-2.124329
0.180969	0.798950	1.539001	-1.871338
0.343628	0.396729	1.830139	-1.540527
0.514526	0.002747	2.074585	-1.164856
0.687866	-0.384521	2.274475	-0.739136
0.841980	-0.791321	2.419739	-0.246277
0.975037	-1.230164	2.498474	0.296631
1.084290	-1.674500	2.506409	0.862122
1.152649	-2.134399	2.445068	1.438293
1.178284	-2.604370	2.313538	2.006531
1.161194	-3.073730	2.117615	2.554016
1.101685	-3.521118	1.862488	3.079529
0.998230	-3.922424	1.571655	3.554382
0.866699	-4.305115	1.251831	3.997498
0.697937	-4.665527	0.933838	4.393616
0.500488	-4.946899	0.621643	4.722595
0.305481	-5.119019	0.315552	4.973450
0.118103	-5.218201	0.010681	5.136719
-0.067444	-5.240479	-0.288696	5.222473
-0.241089	-5.177002	-0.555725	5.228882
-0.398865	-5.052185	-0.753479	5.149231
-0.532227	-4.896240	-0.886536	5.000610
-0.657654	-4.713135	-0.983887	4.803772
-0.772095	-4.504089	-1.054077	4.559631
-0.867004	-4.277344	-1.094360	4.281311
-0.953369	-4.048462	-1.114807	3.977661
-1.020813	-3.818665	-1.118774	3.631897
-1.070251	-3.587036	-1.108704	3.222351
-1.109924	-3.352356	-1.091919	2.781067
-1.132202	-3.097839	-1.066895	2.353210
-1.129150	-2.828674	-1.007080	1.920166
-1.112976	-2.545471	-0.892944	1.438904
-1.092224	-2.234192	-0.718689	0.918579
-1.062317	-1.907959	-0.496521	0.388489
-1.019287	-1.579590	-0.218811	-0.154419
-0.972900	-1.236267	0.104370	-0.695190
-0.922546	-0.894470	0.468445	-1.217041
-0.863647	-0.540771	0.870972	-1.725464
-0.793457	-0.168457	1.300049	-2.231140
-0.716553	0.207520	1.734314	-2.722473
-0.636597	0.577698	2.143860	-3.160706
-0.544128	0.933838	2.507935	-3.527222
-0.451355	1.267395	2.814636	-3.810730
-0.362549	1.588440	3.066711	-4.007568
-0.266724	1.880188	3.231506	-4.126892
-0.154419	2.117615	3.284607	-4.164429
-0.018921	2.326660	3.217773	-4.115295
0.119934	2.501526	3.048401	-3.978271
0.252991	2.633362	2.771912	-3.744507
0.372620	2.729187	2.403870	-3.428040
0.469666	2.805481	1.960144	-3.059387
0.554810	2.857971	1.463013	-2.660828
0.629272	2.870178	0.935364	-2.232361
0.700684	2.843323	0.385132	-1.774292
0.755920	2.780151	-0.181885	-1.316833
0.792847	2.688904	-0.734863	-0.900574
0.815430	2.604980	-1.265564	-0.511780
0.829163	2.539673	-1.770020	-0.129395
0.833435	2.460327	-2.224426	0.228882
0.815735	2.366943	-2.618408	0.529175
0.777588	2.289429	-2.946167	0.781250
0.729370	2.225342	-3.212280	0.984802
0.684814	2.159119	-3.424683	1.158142
0.639343	2.087402	-3.604431	1.309814
0.589905	1.984863	-3.740234	1.423645
0.557556	1.844177	-3.816528	1.502075
0.528564	1.673889	-3.830872	1.544189
0.497437	1.472168	-3.792419	1.530151
0.452881	1.218262	-3.711548	1.448975
0.420532	0.917358	-3.590088	1.315613
0.399475	0.592651	-3.434143	1.147156
0.381470	0.260315	-3.244324	0.933228
0.386047	-0.085144	-3.018188	0.669250
0.404663	-0.438232	-2.758484	0.381165
0.410461	-0.789185	-2.482605	0.106506
0.404358	-1.138306	-2.183533	-0.175476
0.394897	-1.451111	-1.860657	-0.475159
0.368958	-1.737671	-1.506348	-0.780334
0.326233	-2.001343	-1.128235	-1.079407
0.283508	-2.236938	-0.731201	-1.342163
0.242310	-2.447510	-0.327454	-1.543274
0.198364	-2.637024	0.062866	-1.680298
0.150757	-2.788696	0.430603	-1.766663
0.090637	-2.880554	0.780640	-1.796265
0.027466	-2.905579	1.099548	-1.753845
-0.028076	-2.870178	1.376343	-1.640930
-0.078125	-2.780151	1.607666	-1.463928
-0.131226	-2.643127	1.806335	-1.236267
-0.182190	-2.474365	1.973572	-0.963135
-0.229797	-2.285767	2.113953	-0.653687
-0.270386	-2.075500	2.237549	-0.309143
-0.305481	-1.835632	2.337952	0.060425
-0.338745	-1.574707	2.416992	0.437317
-0.375977	-1.287231	2.485657	0.807190
-0.431824	-0.964050	2.551880	1.155701
-0.513611	-0.608826	2.612610	1.479187
-0.608521	-0.228271	2.657471	1.783752
-0.699768	0.174255	2.680359	2.068176
-0.782166	0.592346	2.702026	2.309875
-0.857849	1.015320	2.724304	2.489929
-0.934753	1.423340	2.741699	2.602844
-1.009216	1.808167	2.741089	2.643738
-1.080017	2.159424	2.729797	2.631226
-1.123962	2.443542	2.713928	2.573547
-1.129456	2.667542	2.680359	2.469177
-1.106873	2.812805	2.618713	2.317200
-1.067200	2.849426	2.526245	2.129822
-1.002197	2.801514	2.416382	1.917419
-0.914307	2.690125	2.287903	1.689148
-0.814819	2.501831	2.139893	1.448364
-0.724487	2.258911	1.971130	1.189270
-0.638123	1.987610	1.790771	0.924683
-0.558167	1.695557	1.602173	0.655212
-0.480347	1.385498	1.408997	0.379944
-0.401611	1.046143	1.196289	0.106506
-0.313416	0.675354	0.962524	-0.148926
-0.224304	0.300293	0.720825	-0.387573
-0.151978	-0.054626	0.491028	-0.589600
-0.091858	-0.392456	0.278625	-0.752869
-0.038757	-0.712280	0.072937	-0.877686
0.018311	-1.001892	-0.131226	-0.956421
0.079041	-1.258850	-0.325623	-0.969543
0.139160	-1.489563	-0.498047	-0.910034
0.205078	-1.691284	-0.661316	-0.791626
0.294800	-1.874390	-0.821533	-0.622253
0.390015	-2.059326	-0.987244	-0.409851
0.490417	-2.247314	-1.163025	-0.162354
0.592041	-2.388611	-1.343689	0.115967
0.696411	-2.473755	-1.531067	0.415649
0.808411	-2.513123	-1.728821	0.721130
0.921936	-2.484436	-1.943665	1.030884
1.028137	-2.366943	-2.174377	1.336365
1.110535	-2.172241	-2.414246	1.637573
1.169434	-1.921387	-2.655640	1.915588
1.184082	-1.620178	-2.902527	2.160950
1.157532	-1.279602	-3.123474	2.345276
1.108093	-0.912476	-3.290100	2.451477
1.032410	-0.526733	-3.401184	2.474365
0.930786	-0.122681	-3.470154	2.388611
0.800476	0.306702	-3.498535	2.172852
0.667114	0.713501	-3.462219	1.868896
0.532837	1.092834	-3.366394	1.513672
0.391846	1.449585	-3.205261	1.092224
0.247498	1.782837	-2.971802	0.589294
0.106506	2.084045	-2.656250	0.029907
-0.025024	2.332764	-2.273865	-0.551758
-0.140076	2.513123	-1.846008	-1.151428
-0.238647	2.632446	-1.393433	-1.748657
-0.318298	2.690125	-0.926208	-2.305298
-0.366516	2.696838	-0.458984	-2.814026
-0.384521	2.635498	0.001831	-3.277588
-0.392151	2.516479	0.444946	-3.702087
-0.400696	2.367249	0.857544	-4.063721
-0.387878	2.192688	1.224060	-4.359436
-0.368042	2.007141	1.550598	-4.600525
-0.350342	1.829224	1.830139	-4.787292
-0.334473	1.673584	2.055054	-4.917297
-0.323181	1.535645	2.219543	-5.007629
-0.305786	1.416626	2.311096	-5.045776
-0.281677	1.310120	2.337646	-5.028687
-0.253601	1.199646	2.334290	-4.960632
-0.231018	1.086426	2.320862	-4.833679
-0.227661	0.974121	2.299500	-4.646912
-0.227661	0.864563	2.253723	-4.407959
-0.216370	0.758362	2.179260	-4.102783
-0.183105	0.650330	2.061768	-3.700256
-0.134277	0.523376	1.918945	-3.209534
-0.090332	0.371399	1.753235	-2.655640
-0.048218	0.221252	1.556702	-2.035828
-0.013428	0.079346	1.340637	-1.385193
0.009155	-0.096741	1.106262	-0.699768
0.025024	-0.303345	0.851440	-0.010986
0.039063	-0.516968	0.589600	0.690613
0.050659	-0.714111	0.322571	1.399841
0.059509	-0.894775	0.050354	2.084351
0.060120	-1.066895	-0.216675	2.715149
0.053406	-1.239929	-0.474548	3.272705
0.041199	-1.413879	-0.726929	3.765259
0.019226	-1.586609	-0.956116	4.183044
-0.020142	-1.754150	-1.142883	4.517212
-0.071106	-1.918030	-1.289673	4.763184
-0.125427	-2.077026	-1.397400	4.919434
-0.174255	-2.204590	-1.465759	4.981995
-0.200806	-2.297363	-1.499023	4.948425
-0.205078	-2.370300	-1.496887	4.817810
-0.184937	-2.435913	-1.457825	4.614563
-0.154419	-2.481384	-1.374512	4.361267
-0.126038	-2.486267	-1.240845	4.051208
-0.097351	-2.455444	-1.066589	3.692322
-0.065613	-2.418213	-0.867920	3.315125
-0.028992	-2.381897	-0.648193	2.938232
0.018921	-2.344055	-0.414124	2.568970
0.072327	-2.305908	-0.174561	2.218933
0.120239	-2.264099	0.062866	1.895142
0.148010	-2.221375	0.289612	1.580505
0.154724	-2.170410	0.495911	1.258545
0.153198	-2.104797	0.693054	0.930176
0.147705	-2.031250	0.876160	0.605469
0.134277	-1.953735	1.031494	0.290222
0.104065	-1.870728	1.155396	-0.015259
0.053711	-1.773376	1.245117	-0.302124
-0.013733	-1.647949	1.309814	-0.563354
-0.089722	-1.486816	1.337891	-0.788879
-0.168457	-1.281738	1.325378	-0.993042
-0.241089	-1.051636	1.277466	-1.159058
-0.310974	-0.795593	1.201477	-1.280518
-0.376282	-0.507202	1.110840	-1.358337
-0.425110	-0.181885	1.010742	-1.392517
-0.444031	0.162659	0.898438	-1.385803
-0.428772	0.507507	0.766602	-1.330261
-0.379944	0.853271	0.610657	-1.233826
-0.309753	1.199036	0.433655	-1.120605
-0.235291	1.544189	0.243835	-1.005859
-0.158386	1.889954	0.050049	-0.907898
-0.079651	2.221375	-0.134277	-0.828857
-0.003052	2.525024	-0.287476	-0.769043
0.069275	2.799988	-0.419006	-0.721436
0.138245	3.039551	-0.525513	-0.689392
0.193481	3.249512	-0.593872	-0.693970
0.235596	3.446045	-0.613403	-0.744324
0.264893	3.608093	-0.579529	-0.827942
0.289612	3.702698	-0.499268	-0.938721
0.306396	3.753357	-0.385132	-1.074829
0.322266	3.792114	-0.247498	-1.234131
0.337219	3.800354	-0.087585	-1.399231
0.343323	3.779602	0.085754	-1.549072
0.354309	3.732910	0.263977	-1.677246
0.371399	3.667908	0.446167	-1.786804
0.404663	3.566895	0.619507	-1.875305
0.443115	3.421326	0.748901	-1.921082
0.482178	3.229675	0.847168	-1.919556
0.523071	2.988586	0.929565	-1.890564
0.569763	2.689209	0.994263	-1.837158
0.625610	2.319031	1.021118	-1.763306
0.687256	1.899109	0.981140	-1.673279
0.739441	1.439514	0.867615	-1.563110
0.770874	0.947876	0.686951	-1.419678
0.775757	0.429382	0.461121	-1.255493
0.751343	-0.104675	0.193481	-1.101990
0.711975	-0.625916	-0.105896	-0.956421
0.655212	-1.116638	-0.436401	-0.792542
0.585632	-1.575012	-0.793762	-0.610046
0.519104	-1.968384	-1.138000	-0.429993
0.444641	-2.328796	-1.477661	-0.238037
0.363159	-2.630005	-1.795959	-0.037842
0.269775	-2.861328	-2.074585	0.164185
0.166016	-3.039856	-2.302551	0.366516
0.063477	-3.200073	-2.481079	0.581360
-0.016785	-3.335571	-2.609253	0.810242
-0.092468	-3.396912	-2.681885	1.051941
-0.170898	-3.367615	-2.699890	1.303406
-0.238037	-3.277893	-2.678223	1.558533
-0.286255	-3.138123	-2.621765	1.804810
-0.310974	-2.929993	-2.520142	2.026978
-0.331116	-2.668152	-2.370605	2.209167
-0.350037	-2.383118	-2.197571	2.347717
-0.373535	-2.088928	-2.016907	2.432861
-0.408020	-1.784058	-1.799927	2.449646
-0.444336	-1.467590	-1.532593	2.402039
-0.482178	-1.149902	-1.216736	2.320557
-0.518188	-0.835266	-0.875549	2.187805
-0.555725	-0.509644	-0.530701	1.994629
-0.595093	-0.173035	-0.174561	1.755981
-0.624695	0.156555	0.195618	1.498718
-0.650024	0.469666	0.590515	1.202393
-0.669556	0.793152	1.028748	0.842896
-0.671997	1.101990	1.476440	0.451050
-0.675049	1.380005	1.931458	0.035400
-0.676270	1.629028	2.356567	-0.376282
-0.665894	1.843262	2.758179	-0.777283
-0.648193	2.006531	3.121338	-1.142578
-0.626526	2.135925	3.432617	-1.470032
-0.611572	2.225342	3.686218	-1.757813
-0.599365	2.265015	3.869934	-2.000122
-0.586243	2.260742	3.970032	-2.172241
-0.572510	2.199707	3.984375	-2.260742
-0.564880	2.083740	3.927612	-2.281799
-0.564270	1.941223	3.799133	-2.250366
-0.545959	1.781311	3.581543	-2.164307
-0.503235	1.612854	3.278809	-2.044067
-0.454407	1.433716	2.907715	-1.902466
-0.411987	1.240540	2.490234	-1.737366
-0.367737	1.044006	2.049255	-1.548462
-0.318909	0.867004	1.601257	-1.331177
-0.272217	0.713806	1.150818	-1.086731
-0.220642	0.576172	0.714111	-0.820007
-0.147095	0.451660	0.302429	-0.520020
-0.045471	0.335999	-0.081482	-0.184937
0.070496	0.239258	-0.437317	0.153809
0.183716	0.148621	-0.780334	0.461731
0.294189	0.061035	-1.106262	0.745850
0.395203	-0.021362	-1.401672	1.019287
0.500793	-0.106506	-1.666260	1.273804
0.601196	-0.198669	-1.898193	1.490173
0.691528	-0.284119	-2.086487	1.676331
0.771179	-0.371094	-2.248535	1.837769
0.833435	-0.468445	-2.383423	1.960754
0.883179	-0.561218	-2.483826	2.041016
0.908813	-0.645752	-2.543640	2.067871
0.901184	-0.714722	-2.548523	2.044678
0.869751	-0.772095	-2.498474	1.963806
0.821838	-0.820923	-2.402344	1.819458
0.767517	-0.855408	-2.265930	1.629639
0.720215	-0.872803	-2.076416	1.395874
0.680237	-0.876160	-1.849365	1.131287
0.636292	-0.851746	-1.591492	0.841370
0.591736	-0.794067	-1.301880	0.529480
0.550842	-0.720825	-0.995483	0.210571
0.503235	-0.623169	-0.690613	-0.107422
0.453186	-0.495911	-0.388794	-0.418091
0.413513	-0.343628	-0.087891	-0.709229
0.377808	-0.162048	0.201111	-0.981140
0.342102	0.026550	0.473633	-1.225281
0.319214	0.205994	0.712585	-1.430054
0.300598	0.363770	0.896606	-1.593323
0.265503	0.502319	1.023254	-1.716919
0.217590	0.640869	1.101685	-1.808777
0.164795	0.774841	1.144714	-1.881714
0.107117	0.903015	1.150208	-1.924744
0.058594	1.023865	1.125183	-1.909180
0.013123	1.148071	1.085205	-1.829224
-0.045471	1.263428	1.040955	-1.711426
-0.125122	1.362000	0.976563	-1.554871
-0.209045	1.453552	0.897827	-1.371460
-0.296631	1.551514	0.815735	-1.183472
-0.403137	1.662292	0.732117	-0.993652
-0.508118	1.785278	0.664063	-0.799255
-0.605469	1.905518	0.620422	-0.610962
-0.701904	2.026062	0.593872	-0.430298
-0.787354	2.146606	0.573425	-0.255432
-0.849915	2.239685	0.560608	-0.088806
-0.893860	2.297974	0.550842	0.082703
-0.911560	2.315674	0.529175	0.238953
-0.911560	2.284241	0.500488	0.373230
-0.907288	2.203979	0.466309	0.480347
-0.891724	2.087402	0.418396	0.567627
-0.851135	1.933289	0.367126	0.637512
-0.789490	1.740112	0.321960	0.681152
-0.711670	1.515198	0.275269	0.704041
-0.614929	1.270752	0.227966	0.711975
-0.508423	1.016846	0.187683	0.697937
-0.407104	0.752258	0.154724	0.667419
-0.309448	0.485229	0.139160	0.622253
-0.216370	0.226135	0.156250	0.562439
-0.144653	-0.026855	0.206909	0.496826
-0.085144	-0.261536	0.275879	0.433960
-0.028687	-0.469666	0.364075	0.378723
0.018005	-0.664673	0.465088	0.340881
0.051575	-0.853577	0.561829	0.329285
0.078125	-1.032104	0.650330	0.353088
0.096741	-1.212769	0.729065	0.409546
0.107117	-1.394348	0.790405	0.483704
0.118713	-1.568909	0.834656	0.581055
0.143433	-1.741943	0.855103	0.713196
0.165405	-1.916504	0.840454	0.868225
0.183716	-2.089539	0.783691	1.040955
0.193176	-2.260132	0.683594	1.221924
0.195313	-2.436829	0.534668	1.404114
0.199280	-2.618408	0.330811	1.584167
0.205994	-2.786560	0.090027	1.763916
0.203247	-2.932434	-0.161438	1.937561
0.199585	-3.059387	-0.426941	2.080078
0.201111	-3.152161	-0.709839	2.190247
0.210876	-3.190918	-0.993652	2.270508
0.220032	-3.176575	-1.253357	2.308960
0.229187	-3.127136	-1.508179	2.304688
0.237122	-3.050232	-1.756287	2.252808
0.230103	-2.933350	-1.986389	2.143860
0.207520	-2.771606	-2.182922	1.977539
0.173340	-2.582397	-2.333374	1.762085
0.131531	-2.380676	-2.422485	1.504517
0.084229	-2.168579	-2.457275	1.198730
0.035095	-1.937866	-2.439270	0.862732
-0.008545	-1.699524	-2.367249	0.528870
-0.042419	-1.463623	-2.244263	0.194702
-0.072021	-1.237183	-2.063293	-0.150146
-0.095825	-1.018982	-1.823425	-0.493774
-0.111084	-0.800476	-1.536255	-0.826416
-0.117493	-0.580139	-1.218872	-1.149597
-0.115051	-0.353088	-0.867004	-1.463928
-0.106812	-0.123291	-0.485229	-1.758118
-0.100403	0.108032	-0.087891	-2.023926
-0.093689	0.339355	0.312805	-2.251282
-0.079346	0.574646	0.711060	-2.449036
-0.056458	0.812683	1.099548	-2.629089
-0.027771	1.048889	1.466675	-2.794189
0.003357	1.281128	1.813965	-2.936401
0.032349	1.508789	2.139282	-3.055420
0.060425	1.731873	2.425842	-3.149719
0.089417	1.941528	2.654114	-3.220520
0.120544	2.136841	2.816467	-3.268738
0.154419	2.303162	2.902527	-3.285522
0.193481	2.428284	2.910461	-3.265686
0.235291	2.522888	2.841492	-3.197021
0.270081	2.580872	2.695618	-3.075867
0.298462	2.603455	2.478027	-2.901001
0.319824	2.597961	2.212524	-2.672729
0.338745	2.561951	1.898193	-2.374268
0.362854	2.477722	1.536255	-2.017517
0.381775	2.351074	1.134338	-1.618958
0.394592	2.191772	0.715332	-1.181641
0.395508	2.004395	0.295410	-0.719299
0.386047	1.784668	-0.123291	-0.252686
0.361023	1.531067	-0.549927	0.215454
0.325317	1.259155	-0.964661	0.673523
0.281067	0.978088	-1.346436	1.105652
0.233154	0.701294	-1.682129	1.510620
0.184021	0.432739	-1.970825	1.876526
0.138855	0.168762	-2.219543	2.195129
0.095520	-0.102844	-2.421265	2.478943
0.054932	-0.381775	-2.575073	2.734070
0.016174	-0.654907	-2.678223	2.939148
-0.023193	-0.923767	-2.732544	3.070984
-0.050049	-1.177368	-2.736511	3.140869
-0.061340	-1.413879	-2.698669	3.162842
-0.057373	-1.631775	-2.625732	3.141785
-0.034485	-1.816406	-2.523804	3.082581
0.004272	-1.971741	-2.393188	2.990417
0.050354	-2.095032	-2.233276	2.875671
0.094299	-2.185364	-2.040710	2.736816
0.134583	-2.248840	-1.817932	2.576294
0.176086	-2.296753	-1.571960	2.400513
0.213013	-2.312927	-1.304932	2.207947
0.235596	-2.295532	-1.015930	2.001343
0.235596	-2.250366	-0.712280	1.788635
0.214539	-2.181396	-0.408020	1.575317
0.174255	-2.083740	-0.106812	1.355896
0.112610	-1.944885	0.192871	1.125793
0.034790	-1.777344	0.483093	0.891724
-0.051880	-1.587830	0.755310	0.662842
-0.144348	-1.379089	1.010132	0.444031
-0.245361	-1.151123	1.254883	0.238647
-0.350037	-0.905151	1.481323	0.050964
-0.450134	-0.650024	1.678772	-0.112610
-0.538635	-0.390625	1.842957	-0.247498
-0.613708	-0.136108	1.967468	-0.350952
-0.674744	0.097046	2.051392	-0.421143
-0.715332	0.301514	2.096863	-0.464172
-0.737610	0.484619	2.106628	-0.487976
-0.747681	0.649414	2.093201	-0.489197
-0.737305	0.786743	2.053833	-0.469971
-0.703125	0.897827	1.975403	-0.434875
-0.645752	0.996399	1.853943	-0.385742
-0.572510	1.080322	1.706848	-0.330200
-0.498047	1.154480	1.540833	-0.279846
-0.433960	1.223450	1.362000	-0.250854
-0.382690	1.271973	1.180115	-0.254211
-0.339966	1.289673	1.000671	-0.284424
-0.290527	1.288757	0.822754	-0.335083
-0.249939	1.272583	0.653076	-0.400085
-0.214233	1.246643	0.497742	-0.485840
-0.180969	1.221313	0.351868	-0.591736
-0.143738	1.198730	0.213318	-0.709534
-0.095825	1.181030	0.094910	-0.840454
-0.037537	1.145325	0.000916	-0.992432
0.022888	1.078796	-0.074463	-1.145630
0.080566	0.983887	-0.133972	-1.294556
0.140686	0.865479	-0.171204	-1.441650
0.205994	0.727844	-0.193481	-1.572266
0.277100	0.560913	-0.209045	-1.682434
0.350037	0.369263	-0.228577	-1.764526
0.422363	0.155640	-0.251465	-1.807251
0.490723	-0.067749	-0.277710	-1.809387
0.552979	-0.294495	-0.306702	-1.780701
0.605774	-0.515747	-0.332947	-1.730957
0.648499	-0.726013	-0.364685	-1.660156
0.681458	-0.925293	-0.411072	-1.570740
0.699158	-1.112976	-0.474243	-1.470337
0.709839	-1.275330	-0.555725	-1.362915
0.712280	-1.412354	-0.656433	-1.243591
0.703735	-1.514893	-0.774231	-1.112366
0.684814	-1.574707	-0.906067	-0.973206
0.652466	-1.598816	-1.051941	-0.827332
0.609131	-1.586914	-1.206665	-0.678101
0.566101	-1.533203	-1.360779	-0.516968
0.524902	-1.440430	-1.506653	-0.339966
0.477905	-1.312866	-1.638184	-0.146790
0.433350	-1.154480	-1.760254	0.055237
0.395203	-0.965271	-1.872253	0.261841
0.365295	-0.745239	-1.971741	0.460815
0.336609	-0.509033	-2.062378	0.650330
0.301514	-0.276489	-2.143860	0.832214
0.259094	-0.046997	-2.203979	0.998535
0.205078	0.183716	-2.232666	1.142883
0.143738	0.405579	-2.227478	1.259155
0.084839	0.618591	-2.187195	1.339417
0.027161	0.807800	-2.114563	1.385193
-0.032654	0.979309	-2.001343	1.404114
-0.095520	1.121216	-1.838074	1.379395
-0.171814	1.228027	-1.626587	1.297913
-0.254822	1.311646	-1.372681	1.159058
-0.335693	1.373901	-1.082153	0.968018
-0.418396	1.412354	-0.769653	0.737000
-0.495300	1.419678	-0.439758	0.480042
-0.561829	1.402283	-0.095825	0.206604
-0.617371	1.378174	0.254822	-0.079651
-0.655823	1.359558	0.605774	-0.368652
-0.678711	1.340332	0.949097	-0.653381
-0.690002	1.323242	1.272278	-0.918884
-0.692444	1.308289	1.573181	-1.145630
-0.689697	1.288757	1.857605	-1.341553
-0.685730	1.258240	2.110596	-1.507568
-0.678406	1.213379	2.322388	-1.639709
-0.664673	1.153870	2.495422	-1.737366
-0.644531	1.092834	2.627258	-1.799011
-0.620728	1.030273	2.713013	-1.816101
-0.593262	0.950012	2.753601	-1.802673
-0.566101	0.859070	2.758789	-1.756287
-0.542297	0.765991	2.726440	-1.665344
-0.516968	0.683289	2.666931	-1.527405
-0.484314	0.608826	2.587891	-1.350098
-0.444031	0.536499	2.487793	-1.146240
-0.393372	0.463867	2.371216	-0.911560
-0.342407	0.384827	2.234802	-0.646667
-0.293579	0.300293	2.070313	-0.360413
-0.250854	0.218506	1.884460	-0.046387
-0.202332	0.130615	1.689148	0.290527
-0.139465	0.040588	1.479797	0.639343
