2020/1/9 9:22:12 40us
CH1			CH2			CH3			CH4
-0.007019	-0.007324	0.007019	-0.008545
-0.007019	-0.007629	0.007629	-0.008545
-0.007019	-0.007935	0.007019	-0.008545
-0.006714	-0.007935	0.007324	-0.008545
-0.007324	-0.007935	0.007629	-0.009155
-0.007019	-0.008240	0.007019	-0.008545
-0.007324	-0.008545	0.007324	-0.009155
-0.007324	-0.008545	0.007019	-0.008850
-0.007629	-0.008850	0.007019	-0.008850
-0.007629	-0.009155	0.007019	-0.009155
-0.007629	-0.009155	0.007019	-0.009155
-0.007935	-0.009460	0.007019	-0.008850
-0.007324	-0.009460	0.007019	-0.009460
-0.007629	-0.009460	0.007019	-0.009155
-0.007935	-0.009460	0.006714	-0.009155
-0.007324	-0.010071	0.006714	-0.009155
-0.007629	-0.010376	0.006714	-0.009155
-0.007935	-0.009766	0.006409	-0.008850
-0.007629	-0.010681	0.006714	-0.008850
-0.007935	-0.010986	0.006409	-0.008850
-0.007935	-0.010681	0.006104	-0.008850
-0.007629	-0.010986	0.006409	-0.009460
-0.007324	-0.011292	0.006104	-0.008850
-0.007935	-0.011597	0.005798	-0.008850
-0.007629	-0.011597	0.005798	-0.009155
-0.007935	-0.011597	0.005798	-0.009155
-0.008240	-0.011902	0.005493	-0.009155
-0.008240	-0.011902	0.005493	-0.008850
-0.007935	-0.011902	0.005493	-0.009766
-0.007935	-0.012207	0.005798	-0.009155
-0.007935	-0.012207	0.005188	-0.009155
-0.007935	-0.012512	0.005493	-0.009460
-0.008240	-0.012512	0.005493	-0.009460
-0.007629	-0.012207	0.005493	-0.009460
-0.033264	-0.012512	0.005188	-0.009460
-0.042725	-0.021362	0.005493	-0.008240
0.027771	0.008240	0.004578	-0.019531
0.108337	0.011292	0.010071	0.014343
0.223999	-0.060425	-0.012817	0.018921
0.248718	-0.098572	0.007324	-0.034485
0.272827	-0.160217	0.047607	-0.070496
0.308533	-0.190430	0.062256	-0.133362
0.370789	-0.165100	0.027771	-0.213318
0.435486	-0.102234	-0.021667	-0.207825
0.480347	-0.015259	-0.067749	-0.148926
0.462036	0.105591	-0.131531	-0.029907
0.399780	0.290222	-0.181274	0.102234
0.304565	0.467529	-0.203857	0.206299
0.152283	0.658264	-0.249939	0.304565
0.003357	0.872498	-0.307617	0.395203
-0.134277	1.088562	-0.343018	0.492249
-0.292358	1.322021	-0.339661	0.618896
-0.428467	1.550293	-0.271606	0.712891
-0.574341	1.720581	-0.101624	0.786743
-0.734863	1.804504	0.124512	0.833740
-0.859680	1.794128	0.342712	0.812073
-0.908508	1.671753	0.537720	0.736084
-0.943604	1.524048	0.716248	0.718689
-1.003723	1.365051	0.899963	0.707703
-1.052246	1.172791	1.030884	0.703125
-1.076355	0.985413	1.139526	0.719604
-1.072693	0.746460	1.220398	0.709229
-1.059265	0.496216	1.269836	0.671387
-1.032104	0.234680	1.309204	0.632324
-0.993958	0.004272	1.299438	0.510864
-0.944519	-0.225830	1.256104	0.349426
-0.892639	-0.455933	1.198425	0.177002
-0.812378	-0.679932	1.166687	-0.029602
-0.707703	-0.923462	1.132202	-0.203247
-0.628357	-1.179504	1.063538	-0.429688
-0.522461	-1.411743	0.974121	-0.711365
-0.397034	-1.587524	0.843811	-0.956421
-0.272827	-1.730652	0.722961	-1.178894
-0.126953	-1.856689	0.602417	-1.349182
0.029297	-1.958618	0.461426	-1.487732
0.167542	-2.117920	0.289307	-1.592407
0.290833	-2.306824	0.109253	-1.622314
0.391541	-2.464905	-0.074768	-1.578369
0.480042	-2.580261	-0.255737	-1.445923
0.531616	-2.674255	-0.424805	-1.250305
0.567627	-2.723999	-0.603638	-1.002197
0.588684	-2.695007	-0.775452	-0.688477
0.563660	-2.608337	-0.935059	-0.340271
0.507202	-2.499695	-1.092529	0.025940
0.467834	-2.379761	-1.276855	0.377502
0.432434	-2.262573	-1.445618	0.697327
0.450134	-2.122498	-1.597595	0.954285
0.482788	-2.001343	-1.727600	1.186218
0.501099	-1.917419	-1.829834	1.351624
0.524902	-1.852112	-1.908264	1.392822
0.548706	-1.770325	-1.988525	1.326599
0.588379	-1.653137	-2.027588	1.210632
0.630188	-1.519470	-2.011108	1.051025
0.661926	-1.377869	-1.950378	0.864563
0.674438	-1.185303	-1.872864	0.626831
0.673828	-0.951538	-1.785583	0.363464
0.670471	-0.674133	-1.690979	0.089722
0.640564	-0.340271	-1.562500	-0.178833
0.609131	-0.019836	-1.398621	-0.429688
0.585632	0.321960	-1.253052	-0.661926
0.566406	0.646057	-1.114502	-0.874023
0.555725	0.922546	-0.967102	-1.097412
0.531921	1.165771	-0.818481	-1.323242
0.494690	1.360779	-0.640869	-1.542969
0.456238	1.536560	-0.464478	-1.743469
0.396423	1.693726	-0.268860	-1.901550
0.322266	1.835327	-0.051270	-2.012024
0.238342	1.958008	0.186157	-2.096252
0.133667	2.080688	0.438232	-2.187500
0.030823	2.200928	0.693054	-2.293396
-0.068054	2.276001	0.967712	-2.398071
-0.145874	2.326965	1.236877	-2.474060
-0.215149	2.372742	1.497498	-2.527771
-0.290527	2.419128	1.753845	-2.536621
-0.358276	2.465820	1.986084	-2.500610
-0.422668	2.490234	2.164612	-2.428284
-0.477295	2.505493	2.259216	-2.303467
-0.511169	2.514954	2.285156	-2.124329
-0.514832	2.503967	2.211304	-1.874084
-0.498047	2.481384	2.064209	-1.577454
-0.483093	2.450256	1.876526	-1.245728
-0.464783	2.377014	1.657715	-0.895081
-0.441895	2.272339	1.423950	-0.538635
-0.409546	2.122498	1.159668	-0.197144
-0.364685	1.941223	0.866699	0.125122
-0.335999	1.734924	0.564880	0.409546
-0.323486	1.494446	0.259094	0.670776
-0.312805	1.239014	-0.031738	0.946960
-0.303955	0.981140	-0.292664	1.232910
-0.308533	0.737610	-0.547485	1.519775
-0.321655	0.499268	-0.812378	1.816711
-0.337219	0.262756	-1.046448	2.097778
-0.360718	0.032349	-1.224976	2.370605
-0.371094	-0.185242	-1.347351	2.625122
-0.365295	-0.386963	-1.426697	2.821960
-0.360413	-0.592041	-1.462097	2.995605
-0.356140	-0.807495	-1.451416	3.150940
-0.341187	-1.043701	-1.382141	3.283081
-0.302124	-1.278687	-1.258850	3.377380
-0.239868	-1.503906	-1.103516	3.406067
-0.164795	-1.739807	-0.917358	3.361511
-0.098572	-1.985779	-0.703735	3.273010
-0.030212	-2.246094	-0.471191	3.170776
0.048218	-2.515259	-0.236511	3.043518
0.125732	-2.765198	-0.034180	2.874451
0.198059	-2.990417	0.148010	2.675171
0.267029	-3.164978	0.303040	2.455139
0.324097	-3.286743	0.425415	2.203979
0.364380	-3.369141	0.514832	1.955261
0.401611	-3.428040	0.563660	1.690979
0.404663	-3.455200	0.570984	1.402283
0.365906	-3.438721	0.538330	1.105652
0.298767	-3.380737	0.487671	0.815430
0.219421	-3.242493	0.423889	0.521545
0.140991	-3.027039	0.341187	0.231018
0.049438	-2.769775	0.257263	-0.040894
-0.054626	-2.480469	0.176697	-0.296936
-0.156860	-2.179871	0.098267	-0.535278
-0.243835	-1.897583	0.045166	-0.766296
-0.305481	-1.630554	0.023804	-0.986328
-0.340576	-1.380920	0.013123	-1.182251
-0.348816	-1.156921	0.001831	-1.352844
-0.335388	-0.950012	-0.014343	-1.494751
-0.311890	-0.753479	-0.031433	-1.597595
-0.289917	-0.556030	-0.051270	-1.679688
-0.282593	-0.351868	-0.065613	-1.752625
-0.283203	-0.143127	-0.078430	-1.802063
-0.278320	0.072021	-0.093384	-1.828613
-0.256653	0.294800	-0.122070	-1.844177
-0.220032	0.522766	-0.158997	-1.862183
-0.173645	0.741577	-0.182495	-1.887512
-0.128174	0.957336	-0.180054	-1.922913
-0.085754	1.170349	-0.162659	-1.965637
-0.032959	1.373901	-0.130310	-2.018738
0.041809	1.573486	-0.099182	-2.073975
0.128174	1.762085	-0.074158	-2.128296
0.217896	1.938477	-0.042114	-2.177124
0.300598	2.105713	0.001831	-2.204895
0.387573	2.271423	0.050049	-2.217712
0.486450	2.411499	0.110474	-2.220459
0.581360	2.493286	0.172729	-2.199097
0.653076	2.529907	0.231323	-2.153320
0.706787	2.517700	0.285645	-2.090454
0.739136	2.467957	0.327759	-2.021790
0.750122	2.394409	0.360107	-1.946716
0.740967	2.286072	0.375061	-1.853333
0.707703	2.136230	0.347290	-1.738586
0.653687	1.949768	0.282288	-1.598206
0.596619	1.736755	0.183716	-1.437378
0.540771	1.495667	0.050354	-1.265259
0.473328	1.239319	-0.106506	-1.095886
0.406189	0.979309	-0.284729	-0.929565
0.354309	0.715637	-0.480652	-0.746765
0.314331	0.465698	-0.685120	-0.546875
0.288086	0.227661	-0.880127	-0.344849
0.262756	0.001221	-1.051025	-0.137634
0.232239	-0.203247	-1.201172	0.074463
0.197754	-0.385742	-1.339417	0.298462
0.175781	-0.542908	-1.461487	0.539246
0.166626	-0.656128	-1.570435	0.793762
0.157776	-0.734863	-1.665039	1.060791
0.143433	-0.797729	-1.753235	1.338196
0.108643	-0.821228	-1.847229	1.639099
0.060425	-0.806885	-1.936646	1.955872
0.021362	-0.770264	-2.016602	2.270203
-0.007629	-0.725403	-2.076721	2.561035
-0.036621	-0.677795	-2.109985	2.809143
-0.061951	-0.628357	-2.109680	3.011780
-0.089417	-0.580444	-2.067871	3.168945
-0.120239	-0.522461	-1.979675	3.269653
-0.149841	-0.460510	-1.830139	3.314514
-0.187683	-0.404053	-1.612244	3.299255
-0.218201	-0.349426	-1.332703	3.218689
-0.238342	-0.276489	-1.010437	3.079834
-0.259094	-0.176697	-0.640869	2.882080
-0.281067	-0.064697	-0.220947	2.632141
-0.298767	0.046997	0.224304	2.351379
-0.317383	0.153809	0.696106	2.046204
-0.333252	0.252075	1.176453	1.718750
-0.337524	0.341187	1.638184	1.380310
-0.335388	0.415344	2.045898	1.051941
-0.337524	0.479431	2.413635	0.719299
-0.347900	0.529785	2.727051	0.397034
-0.368958	0.568237	2.976685	0.109863
-0.390625	0.597534	3.165894	-0.135803
-0.416565	0.611572	3.304138	-0.342712
-0.448608	0.610962	3.385315	-0.526733
-0.482178	0.592651	3.418274	-0.693054
-0.505676	0.561829	3.406372	-0.842590
-0.518188	0.517883	3.366089	-0.964966
-0.520935	0.456543	3.301697	-1.058960
-0.509338	0.391846	3.211975	-1.128845
-0.486755	0.329285	3.098755	-1.164246
-0.462036	0.279846	2.973022	-1.170654
-0.433960	0.248718	2.834473	-1.158447
-0.402222	0.233459	2.676392	-1.123962
-0.364075	0.240173	2.497559	-1.072388
-0.327148	0.264587	2.295227	-1.001587
-0.286865	0.306396	2.070923	-0.909729
-0.249329	0.362549	1.825562	-0.798950
-0.210571	0.413513	1.574097	-0.671387
-0.169373	0.451355	1.306152	-0.534973
-0.119324	0.467224	1.022644	-0.398560
-0.062256	0.453796	0.722656	-0.262146
0.003662	0.409851	0.403442	-0.125122
0.079346	0.331726	0.083618	0.002136
0.163269	0.213928	-0.231628	0.115051
0.254822	0.070190	-0.536499	0.211792
0.346069	-0.086670	-0.835266	0.291443
0.440674	-0.249329	-1.119080	0.362244
0.529480	-0.408630	-1.380920	0.429993
0.606384	-0.553589	-1.626282	0.481262
0.668640	-0.686951	-1.839905	0.501404
0.719604	-0.803223	-2.015381	0.498657
0.758362	-0.905457	-2.151794	0.472412
0.780334	-0.999146	-2.248840	0.419006
0.783691	-1.076660	-2.301636	0.342102
0.769043	-1.129150	-2.315369	0.242920
0.740051	-1.159668	-2.300110	0.117493
0.699463	-1.170349	-2.260132	-0.033264
0.653992	-1.163635	-2.197876	-0.188599
0.605469	-1.138916	-2.116699	-0.343933
0.558167	-1.089783	-2.022095	-0.495605
0.523376	-1.021118	-1.915588	-0.640259
0.498962	-0.936584	-1.790771	-0.774841
0.476990	-0.829773	-1.652527	-0.901489
0.456848	-0.701904	-1.508179	-1.025391
0.438843	-0.555420	-1.362000	-1.148682
0.416565	-0.389709	-1.228027	-1.253967
0.382385	-0.202332	-1.101379	-1.328735
0.341492	0.010681	-0.968628	-1.373291
0.285339	0.247803	-0.836792	-1.392517
0.213928	0.506592	-0.721436	-1.387634
0.133972	0.783997	-0.639038	-1.368713
0.045776	1.079102	-0.581970	-1.319885
-0.052490	1.378479	-0.545654	-1.239319
-0.152893	1.667175	-0.520325	-1.152649
-0.251465	1.936646	-0.495300	-1.072693
-0.346985	2.183228	-0.467529	-0.994568
-0.440674	2.401123	-0.437317	-0.916138
-0.522156	2.575073	-0.408936	-0.840149
-0.591125	2.705994	-0.380554	-0.766907
-0.651855	2.789307	-0.340271	-0.697021
-0.703125	2.830505	-0.286560	-0.638428
-0.742188	2.816162	-0.213013	-0.589600
-0.764465	2.737732	-0.118408	-0.545349
-0.772400	2.610779	-0.013428	-0.504150
-0.765381	2.447815	0.097961	-0.462341
-0.748291	2.256165	0.220337	-0.424805
-0.725708	2.045898	0.350342	-0.390015
-0.693359	1.825256	0.476379	-0.352783
-0.655212	1.602478	0.596008	-0.320435
-0.607605	1.383667	0.710449	-0.295715
-0.551147	1.166382	0.801086	-0.267639
-0.487061	0.946350	0.881348	-0.234680
-0.416870	0.729980	0.968323	-0.204163
-0.350342	0.526428	1.062317	-0.170898
-0.287476	0.328979	1.151428	-0.139160
-0.223389	0.134583	1.229858	-0.096741
-0.158386	-0.062866	1.302185	-0.027161
-0.091248	-0.267029	1.370850	0.076904
-0.018616	-0.481873	1.440125	0.198669
0.056763	-0.702515	1.506653	0.328369
0.137024	-0.918884	1.576233	0.480042
0.214539	-1.136169	1.641846	0.664063
0.288696	-1.354675	1.689758	0.873108
0.358887	-1.566467	1.705627	1.104736
0.416565	-1.755371	1.692200	1.357422
0.458069	-1.916809	1.650085	1.615601
0.483398	-2.060547	1.583862	1.865234
0.492859	-2.187805	1.493835	2.103577
0.491943	-2.289124	1.374207	2.327881
0.479126	-2.374878	1.223755	2.526550
0.447693	-2.453003	1.047974	2.691345
0.399475	-2.514648	0.861816	2.814941
0.350037	-2.555847	0.679016	2.885437
0.300903	-2.571716	0.496521	2.893677
0.253296	-2.554932	0.308228	2.842407
0.214844	-2.505188	0.124817	2.738647
0.182800	-2.433777	-0.046387	2.586365
0.154419	-2.337036	-0.209961	2.399597
0.128479	-2.205200	-0.371399	2.186584
0.103149	-2.043152	-0.522156	1.953735
0.079956	-1.858826	-0.651245	1.709290
0.067139	-1.671753	-0.755920	1.463623
0.068359	-1.491699	-0.835571	1.220703
0.078125	-1.318665	-0.896606	0.977478
0.085449	-1.145325	-0.936584	0.743713
0.086060	-0.965881	-0.948486	0.527039
0.081177	-0.785217	-0.920715	0.323792
0.076904	-0.607605	-0.852661	0.121765
0.077820	-0.426636	-0.749207	-0.079041
0.081177	-0.241089	-0.617981	-0.275269
0.080566	-0.054321	-0.461121	-0.470276
0.076904	0.135193	-0.280762	-0.664368
0.072327	0.329895	-0.072021	-0.855713
0.072937	0.532837	0.150757	-1.048279
0.074463	0.747070	0.373230	-1.242065
0.073547	0.964661	0.588989	-1.434326
0.065613	1.184082	0.798645	-1.621399
0.052185	1.403809	0.995789	-1.800537
0.033875	1.632690	1.179199	-1.966248
0.016785	1.864319	1.335449	-2.107239
0.001831	2.100220	1.461792	-2.225342
-0.011902	2.323914	1.536560	-2.310486
-0.026245	2.543335	1.557312	-2.359009
-0.039978	2.756042	1.521301	-2.364807
-0.054321	2.955933	1.437073	-2.332458
-0.065613	3.126831	1.299438	-2.268066
-0.070801	3.238525	1.113892	-2.169189
-0.067139	3.301086	0.891113	-2.031860
-0.061951	3.325500	0.637817	-1.854553
-0.052795	3.297729	0.357666	-1.643066
-0.043945	3.213501	0.053406	-1.408386
-0.038757	3.084717	-0.265808	-1.160889
-0.040894	2.928162	-0.584412	-0.908203
-0.044861	2.747803	-0.891418	-0.649414
-0.050354	2.535706	-1.185303	-0.380859
-0.060425	2.286987	-1.451721	-0.116882
-0.077209	2.019043	-1.683350	0.127258
-0.084534	1.747742	-1.873779	0.357361
-0.082703	1.475220	-2.025452	0.576477
-0.079651	1.207275	-2.138062	0.765686
-0.072937	0.932617	-2.207031	0.917358
-0.063477	0.648804	-2.243652	1.049500
-0.047913	0.377808	-2.252502	1.176147
-0.021973	0.122375	-2.226257	1.287231
0.014038	-0.130310	-2.156372	1.375122
0.055237	-0.389404	-2.056274	1.446228
0.103149	-0.659790	-1.940613	1.505127
0.158386	-0.924683	-1.811523	1.544495
0.204468	-1.187439	-1.666565	1.556702
0.239868	-1.455994	-1.506653	1.534119
0.271301	-1.732178	-1.330261	1.482239
0.292053	-2.000732	-1.134338	1.406555
0.298462	-2.240295	-0.935059	1.315918
0.301208	-2.461853	-0.735779	1.211243
0.290222	-2.682495	-0.534668	1.095886
0.260925	-2.880554	-0.331421	0.975952
0.221558	-3.032837	-0.137329	0.858459
0.176697	-3.139954	0.043335	0.736084
0.124817	-3.201599	0.210571	0.609131
0.064697	-3.206177	0.373840	0.481567
0.002441	-3.163147	0.544434	0.356140
-0.061340	-3.085632	0.713196	0.237122
-0.128479	-2.972412	0.865173	0.134277
-0.196533	-2.825317	0.994568	0.047607
-0.265198	-2.654419	1.118469	-0.032654
-0.333252	-2.470093	1.242981	-0.095825
-0.393982	-2.274780	1.361084	-0.137024
-0.449219	-2.061462	1.459961	-0.181580
-0.499878	-1.826477	1.531372	-0.233154
-0.537415	-1.578979	1.583252	-0.271912
-0.566406	-1.325073	1.636353	-0.291138
-0.593872	-1.071472	1.692505	-0.300598
-0.615845	-0.816650	1.736450	-0.308533
-0.622559	-0.560303	1.759949	-0.311279
-0.619202	-0.313110	1.768188	-0.319214
-0.610962	-0.073547	1.767578	-0.334167
-0.599365	0.161133	1.760559	-0.340576
-0.584717	0.386353	1.747742	-0.333557
-0.563965	0.606995	1.732788	-0.327148
-0.530090	0.826721	1.714478	-0.329285
-0.482483	1.034546	1.693726	-0.334473
-0.426331	1.215820	1.658020	-0.340576
-0.364990	1.367798	1.608582	-0.347595
-0.299377	1.485901	1.553345	-0.360718
-0.223389	1.572266	1.491699	-0.390320
-0.134583	1.624146	1.411438	-0.436096
-0.039673	1.640625	1.310730	-0.492859
0.049744	1.616211	1.193237	-0.557556
0.131531	1.542969	1.062317	-0.620117
0.216370	1.424255	0.910645	-0.681458
0.292664	1.284790	0.743713	-0.743103
0.354614	1.136169	0.562134	-0.802917
0.398865	0.982971	0.378113	-0.844727
0.438232	0.821228	0.188293	-0.862732
0.471191	0.661621	-0.002747	-0.857849
0.495300	0.523071	-0.187073	-0.841370
0.511169	0.416260	-0.363770	-0.814514
0.523682	0.338745	-0.534973	-0.765381
0.534973	0.278931	-0.688782	-0.690002
0.540161	0.230103	-0.823059	-0.592957
0.539246	0.196228	-0.943298	-0.480652
0.534973	0.183105	-1.061707	-0.356445
0.531311	0.198059	-1.184082	-0.219727
0.524902	0.231934	-1.298523	-0.067139
0.518188	0.274658	-1.402588	0.097961
0.508423	0.325317	-1.493835	0.274353
0.499268	0.383606	-1.580200	0.460510
0.486145	0.449524	-1.664734	0.642700
0.468750	0.515137	-1.748962	0.818787
0.446167	0.573120	-1.827393	0.988159
0.419006	0.637512	-1.898193	1.142883
0.390015	0.714417	-1.959229	1.274109
0.365295	0.810547	-2.009888	1.372070
0.336609	0.925598	-2.048340	1.435547
0.299377	1.044922	-2.060852	1.469116
0.255432	1.156006	-2.037659	1.470947
0.211792	1.260986	-1.979675	1.430969
0.170593	1.358032	-1.885986	1.336365
0.123901	1.442566	-1.756592	1.187744
0.072327	1.511841	-1.596375	0.998535
0.022583	1.545410	-1.406860	0.782776
-0.031128	1.538391	-1.194153	0.536804
-0.092773	1.510620	-0.960083	0.263062
-0.161133	1.466980	-0.707397	-0.025024
-0.233765	1.401367	-0.442810	-0.316162
-0.304565	1.316528	-0.179749	-0.603027
-0.364380	1.214905	0.074158	-0.875244
-0.419006	1.099854	0.321350	-1.124268
-0.472717	0.971985	0.553894	-1.343079
-0.523987	0.827942	0.766602	-1.526794
-0.567627	0.672913	0.968323	-1.670837
-0.593567	0.520935	1.152039	-1.777039
-0.603638	0.372009	1.309509	-1.842651
-0.605469	0.224609	1.447754	-1.874695
-0.606079	0.079041	1.570740	-1.880188
-0.601196	-0.060120	1.675720	-1.857605
-0.586548	-0.187683	1.756287	-1.807861
-0.559998	-0.303345	1.818848	-1.735535
-0.526428	-0.403442	1.864319	-1.647949
-0.492249	-0.480347	1.895142	-1.545715
-0.462036	-0.537109	1.907349	-1.434021
-0.435181	-0.567627	1.893921	-1.316528
-0.415039	-0.575256	1.853027	-1.187134
-0.399475	-0.574951	1.787415	-1.036682
-0.376587	-0.563660	1.693420	-0.867310
-0.352783	-0.544739	1.571045	-0.688782
-0.327148	-0.521851	1.425781	-0.502319
-0.295410	-0.500793	1.253967	-0.299072
-0.255432	-0.490417	1.065063	-0.081787
-0.220032	-0.497131	0.867615	0.140381
-0.183411	-0.515747	0.659485	0.360718
-0.146790	-0.552063	0.438538	0.576172
-0.111389	-0.612183	0.221252	0.785828
-0.080872	-0.696411	0.002136	0.978699
-0.045471	-0.807190	-0.208435	1.152649
-0.006714	-0.939331	-0.403137	1.301270
0.031738	-1.082458	-0.585632	1.420898
0.061646	-1.233521	-0.750122	1.503601
0.083618	-1.396790	-0.891113	1.551208
0.104675	-1.559143	-1.013794	1.567383
0.129700	-1.715393	-1.118469	1.544800
0.158081	-1.861572	-1.205750	1.482544
0.186462	-1.995239	-1.273804	1.381836
0.216064	-2.119751	-1.326294	1.258850
0.244446	-2.231445	-1.362305	1.117554
0.274963	-2.322083	-1.387024	0.960999
0.304565	-2.387390	-1.400757	0.783386
0.328674	-2.428284	-1.398621	0.590210
0.354004	-2.439575	-1.375427	0.393066
0.379944	-2.416077	-1.335754	0.189819
0.404968	-2.359619	-1.282959	-0.010986
0.427246	-2.263489	-1.220398	-0.201416
0.443115	-2.123413	-1.147461	-0.379639
0.446472	-1.945801	-1.063232	-0.544434
0.433350	-1.741028	-0.978699	-0.691528
0.405884	-1.513062	-0.899963	-0.820313
0.370178	-1.266174	-0.819702	-0.928345
0.324707	-1.001587	-0.736084	-1.013794
0.270996	-0.721130	-0.652466	-1.080322
0.212402	-0.428162	-0.573425	-1.133728
0.147095	-0.128784	-0.505676	-1.171570
0.080566	0.174255	-0.446472	-1.191711
0.018921	0.479736	-0.390015	-1.195984
-0.037537	0.779724	-0.333252	-1.195068
-0.093994	1.076050	-0.277405	-1.191101
-0.146790	1.365051	-0.220947	-1.185303
-0.189514	1.638184	-0.168762	-1.173401
-0.220947	1.893921	-0.123596	-1.158142
-0.239563	2.127686	-0.088196	-1.137085
-0.249329	2.332458	-0.058899	-1.110840
-0.248413	2.506104	-0.038452	-1.081848
-0.239258	2.651672	-0.025635	-1.053467
-0.220337	2.762756	-0.010986	-1.023865
-0.191650	2.813110	0.005493	-0.987854
-0.154419	2.816162	0.027466	-0.950012
-0.118408	2.803650	0.051880	-0.913086
-0.080872	2.772827	0.081787	-0.880127
-0.043945	2.718201	0.114746	-0.850525
-0.010376	2.646790	0.145264	-0.820313
0.016785	2.571411	0.179749	-0.782471
0.039368	2.485046	0.231934	-0.747986
0.063782	2.381592	0.284119	-0.704041
0.085449	2.253418	0.338135	-0.653076
0.103760	2.093811	0.406494	-0.596619
0.121460	1.908569	0.490417	-0.527039
0.142212	1.692200	0.580750	-0.436401
0.171509	1.439209	0.659180	-0.337219
0.202332	1.159363	0.722046	-0.230713
0.231628	0.856323	0.758972	-0.094604
0.258179	0.545044	0.778198	0.071716
0.282898	0.224915	0.783386	0.245361
0.309753	-0.102844	0.777893	0.420532
0.331421	-0.429382	0.759583	0.608521
0.343323	-0.755615	0.714417	0.805054
0.352478	-1.054077	0.644226	0.993042
0.350647	-1.349182	0.554504	1.184692
0.340271	-1.625061	0.453491	1.364746
0.319824	-1.883850	0.338135	1.526184
0.283203	-2.118530	0.213318	1.671143
0.232849	-2.324219	0.081177	1.801147
0.176086	-2.496643	-0.058899	1.918335
0.113525	-2.641296	-0.198669	2.016907
0.036926	-2.772522	-0.330811	2.095642
-0.042114	-2.881165	-0.454712	2.150879
-0.116272	-2.946167	-0.567932	2.174988
-0.180664	-2.962952	-0.671387	2.169189
-0.234070	-2.944946	-0.755920	2.140808
-0.282898	-2.901001	-0.809937	2.094116
-0.323792	-2.817078	-0.827637	2.034607
-0.364380	-2.692871	-0.812378	1.962280
-0.403442	-2.537537	-0.781250	1.876526
-0.431824	-2.363586	-0.741577	1.785278
-0.442810	-2.180481	-0.680237	1.692200
-0.438843	-1.992798	-0.586853	1.600952
-0.428162	-1.806641	-0.466309	1.504211
-0.415344	-1.621094	-0.336914	1.377869
-0.398865	-1.431274	-0.207520	1.222839
-0.375366	-1.244812	-0.075684	1.067505
-0.344849	-1.067505	0.058594	0.917664
-0.311279	-0.899353	0.205078	0.749207
-0.280151	-0.727844	0.364990	0.549927
-0.248718	-0.556946	0.529785	0.336304
-0.224609	-0.393982	0.693970	0.113525
-0.208740	-0.234375	0.848694	-0.127563
-0.202332	-0.075684	0.992737	-0.376282
-0.202026	0.078125	1.128540	-0.620728
-0.203552	0.234375	1.250000	-0.859070
-0.209656	0.386963	1.357727	-1.085205
-0.216370	0.530090	1.445618	-1.291504
-0.215759	0.661011	1.506958	-1.466064
-0.207520	0.779114	1.531677	-1.604919
-0.201416	0.886841	1.522827	-1.714478
-0.195618	0.982971	1.476746	-1.801758
-0.184937	1.063232	1.386719	-1.858826
-0.170593	1.134033	1.255493	-1.890869
-0.155334	1.202698	1.093140	-1.896057
-0.136719	1.252441	0.900574	-1.876221
-0.111389	1.276245	0.685120	-1.840820
-0.083008	1.276550	0.450745	-1.784363
-0.059814	1.260376	0.202637	-1.706543
-0.037537	1.226501	-0.050659	-1.608887
-0.013733	1.174316	-0.306091	-1.490784
0.013123	1.114807	-0.561523	-1.359863
0.045776	1.055908	-0.807190	-1.229553
0.083313	0.994568	-1.044617	-1.098328
0.128174	0.930176	-1.269836	-0.944519
0.177612	0.863953	-1.463013	-0.769043
0.228577	0.794678	-1.622314	-0.587769
0.277405	0.725403	-1.754456	-0.408325
0.326843	0.663147	-1.857300	-0.232849
0.380554	0.608215	-1.932983	-0.062866
0.431824	0.554504	-1.977539	0.094910
0.475159	0.496216	-1.987610	0.242615
0.506897	0.431213	-1.961365	0.376282
0.531616	0.359802	-1.899109	0.496216
0.548706	0.276489	-1.812744	0.596008
0.554810	0.172424	-1.714783	0.681458
0.551453	0.049744	-1.616211	0.748901
0.540161	-0.091858	-1.504822	0.785522
0.517578	-0.242615	-1.375427	0.795593
0.489807	-0.389404	-1.235046	0.780945
0.461426	-0.534973	-1.086121	0.741882
0.434875	-0.680237	-0.932312	0.693359
0.407410	-0.819092	-0.778809	0.636902
0.375977	-0.935669	-0.626526	0.570679
0.340881	-1.020508	-0.476685	0.488586
0.301208	-1.076050	-0.328674	0.395203
0.259399	-1.115723	-0.173645	0.297852
0.219421	-1.137390	-0.015259	0.204163
0.177917	-1.139526	0.135803	0.114746
0.130920	-1.120605	0.280457	0.030212
0.078430	-1.083069	0.414429	-0.049744
0.023804	-1.025085	0.534058	-0.120544
-0.032654	-0.952148	0.640564	-0.176697
-0.086670	-0.871887	0.734253	-0.210266
-0.142517	-0.781860	0.817871	-0.216064
-0.204468	-0.684204	0.892944	-0.203247
-0.273743	-0.580444	0.957642	-0.178528
-0.344238	-0.463257	1.012573	-0.137024
-0.409546	-0.333862	1.059570	-0.084839
-0.470886	-0.196533	1.103821	-0.025024
-0.530396	-0.053101	1.153259	0.046387
-0.589294	0.097351	1.210938	0.129089
-0.643921	0.255127	1.277161	0.216370
-0.690308	0.415649	1.351013	0.300293
-0.727234	0.574646	1.434021	0.378723
-0.751343	0.727539	1.518250	0.452576
-0.760498	0.876160	1.596680	0.519104
-0.753174	1.015930	1.666565	0.576477
-0.729980	1.141052	1.719971	0.621948
-0.693970	1.243286	1.752014	0.653076
-0.645142	1.319275	1.762390	0.671082
-0.585327	1.367493	1.752930	0.677490
-0.519409	1.387939	1.718445	0.668640
-0.445557	1.377258	1.660156	0.643311
-0.362854	1.326904	1.577454	0.608521
-0.278625	1.248169	1.477051	0.570374
-0.201111	1.151428	1.362000	0.532227
-0.130615	1.037598	1.232605	0.491943
-0.068359	0.909424	1.094055	0.454102
-0.010681	0.767822	0.952148	0.421753
0.043030	0.620117	0.811768	0.396423
0.089722	0.470581	0.679321	0.380859
0.127869	0.318298	0.541382	0.375061
0.156555	0.165405	0.403748	0.375671
0.183105	0.011292	0.280457	0.382080
0.207825	-0.139771	0.172119	0.401306
0.229187	-0.288086	0.075378	0.435486
0.246277	-0.423279	-0.016479	0.476379
0.259399	-0.543213	-0.105896	0.524902
0.268555	-0.650024	-0.197144	0.584106
0.274353	-0.746765	-0.290222	0.646667
0.275269	-0.837097	-0.387268	0.705872
0.274353	-0.924988	-0.490112	0.762329
0.268555	-1.006470	-0.601501	0.817566
0.262756	-1.075745	-0.720520	0.865784
0.264587	-1.117554	-0.845642	0.899353
0.271301	-1.134644	-0.981140	0.919800
0.283508	-1.123962	-1.125488	0.928955
0.295715	-1.082153	-1.275330	0.926819
0.303345	-1.009827	-1.426086	0.906067
0.307007	-0.915527	-1.570435	0.863037
0.310059	-0.805664	-1.705017	0.795898
0.307617	-0.682678	-1.823425	0.702515
0.299377	-0.549011	-1.912842	0.586548
0.285950	-0.404968	-1.969299	0.444641
0.263062	-0.258484	-1.992493	0.274048
0.229187	-0.111694	-1.982117	0.073547
0.186768	0.026855	-1.937866	-0.145264
0.139160	0.153809	-1.854553	-0.371399
0.091553	0.266724	-1.735229	-0.600891
0.042725	0.370789	-1.581116	-0.834045
-0.006104	0.468445	-1.399231	-1.064453
-0.055847	0.554199	-1.200256	-1.282043
-0.102539	0.623169	-0.985413	-1.481323
-0.141296	0.676880	-0.758667	-1.656494
-0.169678	0.715027	-0.524902	-1.809082
-0.186462	0.739441	-0.289001	-1.941223
-0.191650	0.751953	-0.054932	-2.051392
-0.187683	0.753174	0.173950	-2.138062
-0.177612	0.745850	0.393372	-2.200623
-0.162964	0.733948	0.601501	-2.242432
-0.145874	0.726318	0.794067	-2.262573
-0.126343	0.729370	0.966797	-2.264099
-0.104370	0.740967	1.114807	-2.248840
-0.079346	0.759583	1.232910	-2.219238
-0.054321	0.783997	1.320496	-2.175903
-0.029602	0.809631	1.377869	-2.115784
-0.007019	0.838623	1.401367	-2.037659
0.008545	0.867004	1.391602	-1.937561
0.016785	0.889893	1.351318	-1.811523
0.019531	0.904236	1.285706	-1.660767
0.019836	0.906982	1.200562	-1.486206
0.019836	0.897217	1.094971	-1.289673
0.014038	0.867310	0.971069	-1.072998
0.002136	0.809937	0.830078	-0.839539
-0.015259	0.726013	0.677185	-0.592041
-0.034485	0.617981	0.522766	-0.335999
-0.052185	0.488586	0.368958	-0.080261
-0.070801	0.340576	0.221558	0.170288
-0.091248	0.174255	0.084229	0.411072
-0.108948	-0.006104	-0.040894	0.641479
-0.122375	-0.200500	-0.160217	0.862122
-0.132446	-0.403137	-0.273743	1.067810
-0.140076	-0.609436	-0.379639	1.253662
-0.148926	-0.815125	-0.473328	1.419067
-0.153809	-1.015015	-0.556946	1.561584
-0.154724	-1.207886	-0.631409	1.679077
-0.149841	-1.390381	-0.695496	1.770020
-0.141296	-1.558533	-0.748901	1.831055
-0.127563	-1.708069	-0.791016	1.863708
-0.103760	-1.833191	-0.819092	1.870117
-0.072937	-1.934204	-0.829468	1.847229
-0.038147	-2.019653	-0.823059	1.798401
0.003357	-2.091980	-0.801697	1.731567
0.047302	-2.144470	-0.762939	1.651001
0.093384	-2.169189	-0.704041	1.560364
0.143127	-2.168274	-0.626221	1.459656
0.193481	-2.142944	-0.532227	1.356201
0.238342	-2.091980	-0.425110	1.253662
0.275574	-2.017517	-0.305786	1.155701
0.301208	-1.924744	-0.179749	1.065674
0.310059	-1.813354	-0.053101	0.980530
0.304871	-1.679688	0.076904	0.895996
0.289001	-1.525574	0.213928	0.810547
0.261841	-1.355286	0.347900	0.731506
0.224609	-1.169128	0.479126	0.653687
0.177917	-0.967712	0.599365	0.573730
0.122375	-0.755920	0.704346	0.491638
0.059509	-0.536804	0.792542	0.410156
-0.004272	-0.313110	0.864258	0.324402
-0.067139	-0.085144	0.922241	0.229492
-0.124207	0.141296	0.963745	0.128174
-0.172729	0.361633	0.985413	0.024719
-0.213013	0.578308	0.991516	-0.078430
-0.240479	0.790100	0.981140	-0.176392
-0.255432	0.993042	0.954285	-0.267639
-0.258179	1.185608	0.910645	-0.351563
-0.250244	1.365662	0.852051	-0.431213
-0.236816	1.531982	0.781250	-0.505981
-0.217590	1.684570	0.697632	-0.574341
-0.195313	1.818237	0.604858	-0.639648
-0.175171	1.932373	0.510559	-0.702209
-0.153809	2.027893	0.419312	-0.760803
-0.130920	2.105103	0.330505	-0.815125
-0.107117	2.163391	0.243835	-0.868530
-0.081177	2.203674	0.164185	-0.924683
-0.053711	2.211914	0.095825	-0.981140
-0.026245	2.187805	0.043030	-1.036377
0.000610	2.138672	0.007019	-1.088257
0.028076	2.073059	-0.014343	-1.133118
0.057678	1.987915	-0.023804	-1.170349
0.091858	1.884766	-0.023499	-1.194153
0.129395	1.769104	-0.015259	-1.199951
0.169067	1.640930	0.002441	-1.189880
0.209656	1.499023	0.018616	-1.164246
0.250854	1.346436	0.024719	-1.119080
0.293579	1.184387	0.025940	-1.055298
0.338135	1.016235	0.026855	-0.971985
0.380859	0.844727	0.021667	-0.868835
0.419006	0.669861	0.003662	-0.755310
0.448608	0.491333	-0.032043	-0.633545
0.469971	0.310059	-0.089417	-0.502014
0.486145	0.129395	-0.165100	-0.359497
0.495605	-0.050964	-0.256653	-0.216064
0.495605	-0.228882	-0.361023	-0.079956
0.484009	-0.403748	-0.473938	0.049438
0.460205	-0.574341	-0.593262	0.170593
0.427551	-0.734558	-0.715637	0.279846
0.386963	-0.880432	-0.834656	0.376892
0.341492	-1.013489	-0.947266	0.463562
0.293579	-1.128845	-1.048279	0.541992
0.242004	-1.225891	-1.134033	0.607300
0.187073	-1.298218	-1.202698	0.663147
0.129395	-1.339111	-1.256104	0.713196
0.074768	-1.348267	-1.290894	0.756531
0.019836	-1.325684	-1.305237	0.794678
-0.034790	-1.267090	-1.299744	0.824890
-0.083008	-1.177979	-1.277466	0.845337
-0.126953	-1.065369	-1.237793	0.854492
-0.167236	-0.939026	-1.186829	0.852356
-0.205383	-0.807190	-1.122131	0.836487
-0.239258	-0.674438	-1.036682	0.807190
-0.269165	-0.542603	-0.930481	0.761108
-0.298462	-0.413818	-0.806580	0.694580
-0.324707	-0.294800	-0.673523	0.605164
-0.346985	-0.185547	-0.530701	0.499573
-0.367126	-0.086975	-0.379333	0.388794
-0.385742	0.003967	-0.215149	0.269470
-0.399475	0.085144	-0.043335	0.139771
-0.408936	0.162659	0.138245	-0.003052
-0.413513	0.240173	0.325623	-0.147705
-0.416260	0.313721	0.514832	-0.290833
-0.415649	0.385132	0.704956	-0.432434
-0.413818	0.453491	0.892334	-0.568542
-0.408630	0.517578	1.071777	-0.692749
-0.400085	0.575256	1.237488	-0.802612
-0.389404	0.626221	1.383667	-0.898438
-0.377502	0.669250	1.505432	-0.978394
-0.365601	0.702209	1.601257	-1.039124
-0.353699	0.726624	1.669617	-1.081238
-0.343933	0.743713	1.708679	-1.104736
-0.335388	0.756836	1.717224	-1.108093
-0.322571	0.765076	1.692810	-1.094055
-0.303955	0.771484	1.638184	-1.066895
-0.278625	0.775452	1.557617	-1.025085
-0.249634	0.773621	1.455383	-0.969238
-0.219727	0.765076	1.333923	-0.894775
-0.191040	0.751648	1.195068	-0.802307
-0.165710	0.737000	1.046448	-0.693970
-0.136719	0.723572	0.891113	-0.570374
-0.102844	0.711365	0.733032	-0.433350
-0.063477	0.699158	0.575562	-0.283508
-0.020142	0.685120	0.422668	-0.122681
0.027771	0.664368	0.274353	0.044556
0.078125	0.638428	0.134583	0.215454
0.126343	0.604858	0.005798	0.386353
0.172729	0.562134	-0.112305	0.549927
0.219727	0.509338	-0.218506	0.704041
0.266724	0.453186	-0.314331	0.844116
0.313721	0.391235	-0.400696	0.966797
0.353699	0.321045	-0.477295	1.068420
0.385132	0.243835	-0.547791	1.147461
0.409546	0.162964	-0.613098	1.203003
0.425720	0.079651	-0.670166	1.231689
0.433044	-0.005798	-0.720520	1.231995
0.434875	-0.094299	-0.762329	1.204224
0.428162	-0.184631	-0.791321	1.151428
0.416260	-0.270691	-0.803528	1.072693
0.402222	-0.347900	-0.800171	0.968628
0.387268	-0.417480	-0.781860	0.842896
0.371399	-0.478210	-0.754089	0.700073
0.355225	-0.526123	-0.719604	0.549316
0.338135	-0.559692	-0.676880	0.393066
0.317993	-0.576477	-0.623169	0.234985
0.296326	-0.573120	-0.558777	0.075684
0.275269	-0.553894	-0.482483	-0.079041
0.253296	-0.521851	-0.397644	-0.222168
0.231018	-0.477600	-0.310364	-0.351257
0.208740	-0.422058	-0.224609	-0.462952
0.182800	-0.358582	-0.140076	-0.556030
0.155334	-0.283508	-0.058594	-0.629272
0.125427	-0.200195	0.020142	-0.682068
0.093079	-0.107117	0.094604	-0.714111
0.058289	-0.006104	0.166626	-0.725708
0.021667	0.102539	0.234985	-0.714417
-0.019226	0.218506	0.301208	-0.681763
-0.062866	0.347900	0.362549	-0.631714
-0.108643	0.488892	0.418396	-0.570068
-0.152283	0.639648	0.467529	-0.500793
-0.196228	0.797424	0.512085	-0.429077
-0.236816	0.956726	0.556946	-0.359497
-0.278015	1.119995	0.604858	-0.291443
-0.316772	1.281128	0.652771	-0.229492
-0.353394	1.437988	0.701904	-0.173035
-0.386658	1.583557	0.749207	-0.122986
-0.412598	1.712952	0.791321	-0.078430
-0.430298	1.825256	0.821838	-0.042419
-0.438538	1.910095	0.839539	-0.014648
-0.440979	1.956787	0.845337	0.004578
-0.438843	1.965332	0.840149	0.016174
-0.429688	1.945496	0.827332	0.021362
-0.409546	1.893311	0.805359	0.019531
-0.384521	1.811523	0.769958	0.011292
-0.355835	1.699219	0.719604	-0.001831
-0.326843	1.562805	0.657043	-0.016174
-0.296936	1.403198	0.585022	-0.030518
-0.267639	1.221008	0.502014	-0.040588
-0.241089	1.017151	0.411072	-0.046997
-0.214539	0.795288	0.322571	-0.048218
-0.189514	0.563049	0.243530	-0.038452
-0.166016	0.323181	0.173340	-0.021667
-0.143738	0.079041	0.105591	-0.001221
-0.120850	-0.164490	0.041809	0.027466
-0.096436	-0.403137	-0.018005	0.073242
-0.070190	-0.636292	-0.072937	0.133057
-0.040283	-0.859680	-0.119019	0.201111
-0.007019	-1.071472	-0.159912	0.276489
0.025940	-1.268311	-0.199890	0.357361
0.054932	-1.448059	-0.242615	0.442200
0.081482	-1.607056	-0.289001	0.530396
0.104065	-1.746826	-0.337524	0.621338
0.124207	-1.867065	-0.390015	0.711975
0.143127	-1.969910	-0.447693	0.801392
0.157471	-2.059937	-0.511169	0.884094
0.169373	-2.141113	-0.580444	0.959167
0.179138	-2.198486	-0.653381	1.023254
0.184326	-2.224731	-0.726929	1.073914
0.184021	-2.222595	-0.798035	1.111145
0.181580	-2.193298	-0.869141	1.135559
0.177307	-2.131348	-0.936584	1.141968
0.170593	-2.036438	-0.999451	1.127319
0.161438	-1.920471	-1.052551	1.087036
0.152588	-1.791382	-1.096191	1.023560
0.141907	-1.652222	-1.125488	0.936584
0.126953	-1.502686	-1.128845	0.830078
0.105286	-1.346436	-1.105347	0.708008
0.077209	-1.191101	-1.061096	0.570374
0.046387	-1.036987	-0.999756	0.416870
0.016174	-0.885315	-0.921936	0.256958
-0.010986	-0.738525	-0.831299	0.098572
-0.033264	-0.602112	-0.725098	-0.063477
-0.051575	-0.473938	-0.601807	-0.232239
-0.066223	-0.353088	-0.462952	-0.403137
-0.078430	-0.240479	-0.313721	-0.570679
-0.089722	-0.132751	-0.159912	-0.737305
-0.094910	-0.025940	-0.000916	-0.897522
-0.094604	0.077820	0.164490	-1.045532
-0.086670	0.179443	0.330811	-1.177979
-0.073853	0.280457	0.494080	-1.299133
-0.058594	0.380554	0.650940	-1.409912
-0.042725	0.477295	0.797119	-1.504517
-0.026245	0.568848	0.930176	-1.579895
-0.015564	0.651245	1.047058	-1.635132
-0.009766	0.728760	1.148071	-1.672363
-0.001526	0.801697	1.226196	-1.693420
0.014343	0.874023	1.276245	-1.698914
0.035095	0.939941	1.295776	-1.690063
0.058594	0.995178	1.287231	-1.663818
0.083008	1.031799	1.250000	-1.616211
0.105286	1.051331	1.182556	-1.543884
0.121155	1.059570	1.085815	-1.448364
0.132751	1.057129	0.964355	-1.331787
0.144348	1.040039	0.823669	-1.193237
0.156860	1.005554	0.670166	-1.029358
0.168762	0.949707	0.507202	-0.845032
0.177612	0.870361	0.336304	-0.648193
0.183716	0.771790	0.157776	-0.442200
0.185547	0.664368	-0.022278	-0.228577
0.184326	0.551758	-0.196533	-0.010986
0.180359	0.436096	-0.361938	0.202942
0.174561	0.322266	-0.516357	0.410156
0.167236	0.216675	-0.654297	0.607300
0.158386	0.117188	-0.775146	0.794067
0.146179	0.020752	-0.879822	0.968933
0.133362	-0.073853	-0.971069	1.128845
0.117798	-0.164185	-1.045227	1.272278
0.102539	-0.251465	-1.100159	1.395569
0.089722	-0.336609	-1.136780	1.496582
0.079346	-0.423279	-1.157837	1.576843
0.074768	-0.509644	-1.157837	1.634827
0.076599	-0.592651	-1.137390	1.674194
0.085754	-0.669556	-1.098022	1.696472
0.099792	-0.740662	-1.043396	1.699524
0.116882	-0.805664	-0.976868	1.686401
0.133057	-0.863037	-0.901489	1.660156
0.146179	-0.907898	-0.819702	1.623230
0.158691	-0.935974	-0.731812	1.574402
0.170898	-0.948181	-0.632324	1.516113
0.180054	-0.946045	-0.522766	1.446228
0.185547	-0.931702	-0.407410	1.366882
0.185242	-0.909119	-0.292053	1.281128
0.173340	-0.881348	-0.180359	1.188354
0.148621	-0.848694	-0.072021	1.087036
0.112610	-0.806885	0.031433	0.973511
0.065308	-0.754700	0.131226	0.847778
0.010376	-0.695496	0.222778	0.714111
-0.048218	-0.628662	0.306702	0.579224
-0.109863	-0.555725	0.383606	0.444031
-0.174255	-0.478210	0.451965	0.310669
-0.237732	-0.399475	0.509338	0.180359
-0.295715	-0.320435	0.554504	0.054932
-0.346069	-0.239563	0.589294	-0.061340
-0.390015	-0.159607	0.617065	-0.164185
-0.424194	-0.080261	0.642395	-0.253296
-0.448303	-0.000916	0.665588	-0.328369
-0.463257	0.078430	0.685425	-0.392456
-0.469971	0.155029	0.700073	-0.445251
-0.470581	0.229187	0.702820	-0.485535
-0.463867	0.300903	0.692444	-0.514221
-0.452576	0.372925	0.672913	-0.534363
-0.435791	0.443115	0.649719	-0.551758
-0.414429	0.512085	0.623474	-0.568848
-0.386353	0.577087	0.598145	-0.587769
-0.348511	0.640259	0.572510	-0.608826
-0.302429	0.702209	0.545654	-0.632019
-0.251770	0.762024	0.515747	-0.660400
-0.199585	0.813293	0.481873	-0.692749
-0.148315	0.849304	0.444031	-0.727234
-0.099182	0.861816	0.404663	-0.761414
-0.050659	0.854492	0.365295	-0.794067
-0.005493	0.836792	0.329285	-0.821838
0.039673	0.809326	0.296631	-0.843506
0.086060	0.771484	0.265503	-0.855103
0.133057	0.722961	0.236511	-0.856628
0.178223	0.664673	0.204468	-0.848389
0.221558	0.592957	0.169678	-0.831299
0.260925	0.504456	0.128479	-0.805359
0.295715	0.400696	0.081482	-0.773010
0.327148	0.283508	0.032959	-0.733337
0.354614	0.155945	-0.016479	-0.686646
0.377197	0.017395	-0.071411	-0.633850
0.391846	-0.132141	-0.138550	-0.576477
0.397034	-0.285950	-0.218811	-0.518494
0.392761	-0.440674	-0.313416	-0.451660
0.384827	-0.589905	-0.419922	-0.379333
0.375366	-0.732117	-0.534363	-0.311279
0.363464	-0.863342	-0.651550	-0.251465
0.347290	-0.981140	-0.769043	-0.194092
0.327759	-1.081543	-0.887451	-0.137939
0.306396	-1.163330	-1.003418	-0.083313
0.281982	-1.228027	-1.113586	-0.027466
0.258179	-1.267700	-1.216125	0.028992
0.234375	-1.276550	-1.310425	0.084534
0.211792	-1.253662	-1.391296	0.136108
0.187988	-1.201172	-1.456299	0.183105
0.164490	-1.118774	-1.502686	0.227966
0.143433	-1.010132	-1.525269	0.270691
0.121460	-0.878906	-1.520386	0.308838
0.097656	-0.729065	-1.491699	0.341797
0.072021	-0.570679	-1.439514	0.364380
0.043945	-0.407410	-1.361389	0.372009
0.012512	-0.245667	-1.256104	0.366211
-0.021973	-0.089417	-1.127014	0.343323
-0.061035	0.061035	-0.978394	0.302429
-0.104980	0.206909	-0.812378	0.248108
-0.152588	0.346985	-0.631104	0.184021
-0.198059	0.477600	-0.435791	0.113220
-0.238342	0.598145	-0.230103	0.034790
-0.274048	0.706482	-0.018311	-0.048218
-0.304871	0.799866	0.193787	-0.134277
-0.330811	0.875244	0.399475	-0.224915
-0.350342	0.936584	0.597534	-0.316772
-0.364075	0.982666	0.787659	-0.403442
-0.370483	1.017151	0.967102	-0.483398
-0.371704	1.040344	1.131897	-0.554810
-0.368652	1.054993	1.280212	-0.614929
-0.359497	1.059265	1.406860	-0.661011
-0.346069	1.054077	1.508789	-0.694885
-0.331421	1.038818	1.584167	-0.715942
-0.317078	1.018066	1.635132	-0.724182
-0.303345	0.992432	1.662292	-0.718384
-0.288086	0.959778	1.665344	-0.701599
-0.272827	0.921326	1.644592	-0.674438
-0.257874	0.873413	1.604614	-0.637817
-0.242615	0.812988	1.548157	-0.588684
-0.228577	0.743713	1.476746	-0.524292
-0.216980	0.667725	1.394043	-0.443726
-0.207214	0.582275	1.300354	-0.348206
-0.196533	0.487976	1.199036	-0.237122
-0.183411	0.390625	1.087952	-0.108948
-0.166016	0.292358	0.974121	0.030518
-0.144653	0.196228	0.859680	0.176392
-0.119934	0.102539	0.745239	0.325317
-0.090942	0.007324	0.627747	0.481262
-0.060120	-0.088806	0.512085	0.636902
-0.027771	-0.188904	0.394592	0.794983
