2020/1/9 9:22:21 40us
CH1			CH2			CH3			CH4
-0.007019	-0.002136	0.009460	-0.007019
-0.006714	-0.001831	0.009766	-0.006714
-0.006714	-0.001831	0.009155	-0.007324
-0.006714	-0.002136	0.009155	-0.007324
-0.006714	-0.002136	0.009155	-0.007019
-0.007019	-0.001831	0.009155	-0.007019
-0.006714	-0.002136	0.008545	-0.006714
-0.006714	-0.001831	0.008850	-0.006714
-0.007019	-0.002136	0.009155	-0.007019
-0.006714	-0.002136	0.009155	-0.006714
-0.007019	-0.001526	0.008850	-0.006714
-0.007019	-0.001831	0.008850	-0.007019
-0.007019	-0.002136	0.008850	-0.007324
-0.006714	-0.002441	0.009155	-0.007019
-0.006714	-0.002441	0.009460	-0.007019
-0.006714	-0.002441	0.009155	-0.006714
-0.006714	-0.002747	0.008850	-0.006714
-0.007019	-0.002136	0.008850	-0.006714
-0.007019	-0.002136	0.008545	-0.007019
-0.007019	-0.002136	0.009155	-0.007019
-0.006714	-0.002441	0.008850	-0.007019
-0.006714	-0.002136	0.008850	-0.007019
-0.007019	-0.002136	0.009155	-0.007019
-0.006409	-0.002441	0.009155	-0.007019
-0.007019	-0.002441	0.008850	-0.007324
-0.007019	-0.002747	0.008850	-0.007019
-0.006714	-0.002441	0.009460	-0.007019
-0.006714	-0.002136	0.009155	-0.007019
-0.007019	-0.001831	0.008545	-0.007324
-0.007019	-0.002136	0.008545	-0.007629
-0.006714	-0.001526	0.008850	-0.007324
-0.007019	-0.002136	0.008850	-0.007324
-0.006409	-0.001831	0.009155	-0.007324
-0.007019	-0.001526	0.008545	-0.007019
-0.007019	-0.002136	0.009155	-0.007324
-0.006714	-0.002136	0.009155	-0.007019
-0.006714	-0.002441	0.008850	-0.007019
-0.006714	-0.002136	0.009155	-0.007019
-0.006409	-0.002136	0.008850	-0.006714
-0.006409	-0.002136	0.008850	-0.006714
-0.006409	-0.001831	0.009155	-0.006714
-0.009766	-0.002136	0.008850	-0.007019
0.154724	-0.001526	0.008850	-0.007019
0.147400	-0.000916	0.008850	-0.007629
0.012817	-0.000916	0.009460	-0.007935
-0.082703	0.003052	0.009460	-0.007935
-0.309448	-0.022278	0.010681	-0.013123
-0.509949	0.057678	0.013123	0.005798
-0.711975	0.076599	0.018921	-0.014648
-0.970459	-0.017395	0.000610	-0.050049
-1.276855	-0.107117	0.023193	0.021667
-1.593323	-0.278931	0.041809	0.086060
-1.862183	-0.287781	-0.016785	0.066833
-2.047119	-0.247803	-0.001221	0.021057
-2.164001	-0.219727	-0.017090	-0.012512
-2.220459	-0.128479	-0.023499	-0.051270
-2.251282	-0.023804	0.026550	-0.126038
-2.229919	0.122375	0.105896	-0.183105
-2.159424	0.291138	0.169067	-0.145264
-2.099304	0.445557	0.215759	-0.124207
-1.977539	0.580139	0.218506	-0.137329
-1.844482	0.740356	0.198364	-0.177612
-1.635742	0.901184	0.138245	-0.196533
-1.426086	1.081543	0.053101	-0.225830
-1.247559	1.250916	-0.056152	-0.316467
-1.057434	1.336670	-0.186462	-0.381165
-0.824585	1.364136	-0.345459	-0.409241
-0.537415	1.369934	-0.497742	-0.432129
-0.225220	1.387329	-0.639343	-0.480042
0.026245	1.386414	-0.782776	-0.544739
0.280457	1.317749	-0.887146	-0.559082
0.495300	1.246948	-0.964966	-0.537415
0.707703	1.205444	-1.036377	-0.454102
0.896606	1.141357	-1.008911	-0.304260
1.062622	1.059875	-0.886536	-0.065002
1.182556	0.899353	-0.646362	0.306091
1.269226	0.709839	-0.325317	0.712891
1.339417	0.525818	0.045471	1.162720
1.412964	0.315247	0.433655	1.612549
1.476135	0.112000	0.862122	1.993103
1.500244	-0.102234	1.323242	2.387085
1.506042	-0.250244	1.735535	2.797241
1.502380	-0.370483	2.029114	3.117981
1.469116	-0.518799	2.235413	3.360901
1.446838	-0.723877	2.385559	3.464355
1.391602	-0.964355	2.434692	3.466492
1.320190	-1.216125	2.392883	3.378296
1.269531	-1.502991	2.276611	3.159180
1.210632	-1.815796	2.141418	2.906494
1.151428	-2.102661	1.958618	2.599182
1.100464	-2.324219	1.723938	2.221680
1.009216	-2.456055	1.473083	1.792297
0.868225	-2.492676	1.084595	1.322937
0.755615	-2.456970	0.637817	0.805969
0.653687	-2.279358	0.195007	0.337830
0.533447	-1.980591	-0.266724	-0.126648
0.408020	-1.634216	-0.678406	-0.610962
0.279541	-1.289063	-1.085510	-1.107788
0.169067	-0.967102	-1.465759	-1.553955
0.075684	-0.626221	-1.781006	-1.939697
-0.012512	-0.343628	-2.036438	-2.330933
-0.089111	-0.144958	-2.236328	-2.635803
-0.179443	-0.029907	-2.343445	-2.904053
-0.284119	-0.004883	-2.357483	-3.138733
-0.367432	-0.030212	-2.268677	-3.296509
-0.463257	-0.134583	-2.124634	-3.430786
-0.547180	-0.301514	-1.954041	-3.554077
-0.581360	-0.481873	-1.767273	-3.682556
-0.559692	-0.675049	-1.533203	-3.796997
-0.462646	-0.859985	-1.226501	-3.843384
-0.321960	-1.108704	-0.925293	-3.820496
-0.163879	-1.347046	-0.660400	-3.773499
0.029602	-1.485901	-0.396729	-3.676453
0.233154	-1.561279	-0.149841	-3.503723
0.455017	-1.548157	0.115051	-3.271790
0.687256	-1.495056	0.395508	-3.001709
0.897217	-1.384583	0.633240	-2.740173
1.065369	-1.197815	0.858765	-2.456970
1.192322	-1.050415	1.037598	-2.113647
1.268616	-0.902100	1.172791	-1.748352
1.302185	-0.725098	1.271973	-1.383972
1.336060	-0.520325	1.355286	-1.095276
1.345520	-0.265198	1.428528	-0.841370
1.282043	0.028076	1.477356	-0.614014
1.149292	0.389404	1.481323	-0.429688
0.971680	0.811462	1.448059	-0.218201
0.778809	1.258850	1.362610	0.008240
0.571289	1.708069	1.227722	0.220032
0.335693	2.154541	1.119080	0.452881
0.080872	2.567749	1.038208	0.699158
-0.192261	2.926941	0.959473	0.962830
-0.468445	3.242798	0.858154	1.204224
-0.719299	3.511963	0.756531	1.413879
-0.940552	3.675537	0.682678	1.647949
-1.130371	3.791809	0.620422	1.899109
-1.282349	3.812256	0.586548	2.098694
-1.392517	3.738403	0.555420	2.227173
-1.465454	3.646851	0.478516	2.314453
-1.508484	3.498840	0.349731	2.345276
-1.546326	3.308105	0.170288	2.291565
-1.564331	3.061523	-0.060425	2.202454
-1.539001	2.748718	-0.332336	2.128296
-1.478577	2.423096	-0.618896	2.030640
-1.390686	2.051086	-0.920410	1.933899
-1.284485	1.598816	-1.254272	1.824646
-1.128235	1.071777	-1.586304	1.704407
-0.948181	0.514832	-1.862793	1.597595
-0.802307	-0.046082	-2.078552	1.482239
-0.664978	-0.578918	-2.259521	1.360474
-0.515442	-1.085815	-2.418213	1.256714
-0.364075	-1.520996	-2.543030	1.202393
-0.203857	-1.896362	-2.621765	1.163330
-0.047607	-2.270508	-2.656860	1.106262
0.113525	-2.633972	-2.617493	1.047974
0.276794	-2.977295	-2.475586	1.011658
0.401611	-3.291626	-2.255249	0.991821
0.535583	-3.625488	-1.974792	0.974121
0.646362	-4.030457	-1.630859	0.968323
0.741882	-4.417419	-1.243896	1.009521
0.825500	-4.699402	-0.808411	1.083679
0.908508	-4.897766	-0.384827	1.155090
0.983887	-5.050049	0.000610	1.243286
1.015625	-5.110779	0.380859	1.360474
1.018677	-5.067749	0.764771	1.471252
0.982056	-4.898376	1.122742	1.555176
0.909729	-4.589539	1.407471	1.615295
0.850830	-4.160156	1.622314	1.631775
0.784302	-3.622437	1.810913	1.571045
0.729980	-3.000183	1.992798	1.458130
0.679932	-2.329102	2.143860	1.301880
0.620728	-1.632690	2.218323	1.064148
0.532227	-0.908203	2.206726	0.777283
0.401306	-0.188904	2.107239	0.501404
0.267639	0.487671	1.971436	0.243225
0.147400	1.116943	1.824341	-0.088196
0.033569	1.701050	1.696777	-0.482483
-0.070801	2.232361	1.569824	-0.874634
-0.187073	2.673340	1.421204	-1.290894
-0.317078	3.041382	1.253357	-1.697388
-0.436707	3.326721	1.094971	-2.062988
-0.544739	3.540344	0.968018	-2.415161
-0.612793	3.680115	0.851746	-2.779846
-0.641479	3.748474	0.760498	-3.163757
-0.659485	3.703613	0.683289	-3.513184
-0.639038	3.497314	0.583191	-3.787231
-0.613708	3.184814	0.455017	-3.992004
-0.587769	2.831421	0.324097	-4.135742
-0.533447	2.433167	0.183411	-4.208069
-0.446167	1.982117	0.011597	-4.218445
-0.323792	1.547546	-0.188599	-4.167786
-0.182800	1.137085	-0.393066	-4.068298
-0.013428	0.712585	-0.569458	-3.936157
0.167847	0.291443	-0.751343	-3.751831
0.336304	-0.132751	-0.925293	-3.527222
0.497131	-0.536499	-1.078796	-3.280029
0.650940	-0.869141	-1.227112	-2.976074
0.804443	-1.149902	-1.392212	-2.601929
0.946350	-1.359253	-1.573792	-2.177429
1.039429	-1.506653	-1.755981	-1.734619
1.112671	-1.567993	-1.942749	-1.246033
1.181335	-1.627197	-2.077637	-0.702209
1.227112	-1.737061	-2.142029	-0.140076
1.252441	-1.802063	-2.151489	0.429382
1.245728	-1.744080	-2.132874	0.986023
1.208496	-1.636658	-2.095947	1.503906
1.145020	-1.455994	-2.028809	1.978760
1.040649	-1.145630	-1.927490	2.415161
0.882263	-0.732727	-1.752930	2.794495
0.706177	-0.256653	-1.532288	3.109436
0.492554	0.254517	-1.360168	3.353882
0.248413	0.791321	-1.217651	3.532104
0.045776	1.307373	-1.066589	3.632507
-0.160828	1.767883	-0.893250	3.711243
-0.379333	2.167969	-0.737915	3.725586
-0.560913	2.528381	-0.628052	3.614807
-0.707092	2.832031	-0.563049	3.446350
-0.805664	3.066711	-0.551453	3.287964
-0.871582	3.193970	-0.553894	3.117065
-0.931396	3.197937	-0.545349	2.834778
-0.962524	3.128662	-0.529480	2.521973
-1.008606	3.001099	-0.545349	2.228699
-1.042786	2.832031	-0.565186	1.901855
-1.056519	2.634583	-0.548706	1.572876
-1.046448	2.353821	-0.475159	1.285095
-0.994568	2.055054	-0.372009	1.014404
-0.939636	1.767273	-0.234680	0.709534
-0.890503	1.473999	-0.073853	0.358276
-0.833435	1.160889	0.059814	0.025635
-0.733032	0.795288	0.189819	-0.252075
-0.618896	0.350952	0.359192	-0.500488
-0.533447	-0.110474	0.598755	-0.720215
-0.450134	-0.579834	0.859985	-0.921936
-0.357971	-1.064758	1.083374	-1.116333
-0.267029	-1.494141	1.271057	-1.282959
-0.181274	-1.882629	1.433411	-1.414795
-0.096741	-2.265625	1.599731	-1.513367
-0.003967	-2.613831	1.764832	-1.582947
0.037231	-2.877808	1.917419	-1.621704
0.037231	-3.065186	2.050781	-1.619568
0.050354	-3.248596	2.165833	-1.579590
0.104065	-3.414307	2.245483	-1.473999
0.186157	-3.506165	2.318420	-1.304626
0.271301	-3.508606	2.379150	-1.154785
0.347900	-3.454590	2.394104	-0.977783
0.399475	-3.327942	2.359924	-0.721741
0.428162	-3.092041	2.302246	-0.402832
0.462952	-2.762451	2.241516	-0.080872
0.497437	-2.366333	2.186279	0.215759
0.520020	-1.906738	2.103271	0.473938
0.530701	-1.427917	2.012024	0.676880
0.530090	-0.920410	1.911316	0.816345
0.501709	-0.413513	1.808167	0.899048
0.433960	0.043640	1.700134	0.904846
0.337830	0.469360	1.577454	0.789490
0.228882	0.858459	1.412659	0.614014
0.113831	1.195374	1.194458	0.482788
0.010986	1.484985	0.968323	0.364990
-0.084534	1.733093	0.766907	0.221863
-0.152283	1.929016	0.584412	0.101624
-0.187683	2.046814	0.401611	-0.008545
-0.197144	2.081909	0.213318	-0.116272
-0.177917	2.063599	0.007019	-0.205994
-0.124512	1.976318	-0.177307	-0.265198
-0.037537	1.844482	-0.338135	-0.314331
0.061951	1.698303	-0.465088	-0.396423
0.156250	1.531982	-0.539246	-0.521240
0.251465	1.329651	-0.599060	-0.636902
0.361938	1.066895	-0.677185	-0.700989
0.450439	0.774841	-0.770874	-0.740051
0.493164	0.492554	-0.870056	-0.802002
0.510254	0.208435	-0.996094	-0.867310
0.524292	-0.054626	-1.172485	-0.947876
0.547791	-0.307007	-1.396484	-1.032410
0.573120	-0.587769	-1.631775	-1.082153
0.590210	-0.885010	-1.867371	-1.102600
0.595398	-1.178284	-2.132263	-1.111450
0.568848	-1.421814	-2.408752	-1.110535
0.523376	-1.587524	-2.669678	-1.080627
0.483093	-1.666565	-2.901001	-0.996704
0.447998	-1.736450	-3.094177	-0.862427
0.405273	-1.792297	-3.200378	-0.709229
0.322571	-1.736145	-3.205261	-0.554199
0.238342	-1.547241	-3.122559	-0.388489
0.153198	-1.301575	-2.940674	-0.222778
0.068665	-1.000366	-2.672729	-0.039673
-0.012817	-0.590210	-2.349548	0.152893
-0.112000	-0.089417	-1.976318	0.322571
-0.211792	0.479126	-1.587524	0.482788
-0.332947	1.086731	-1.243286	0.618591
-0.446167	1.702271	-0.906067	0.724487
-0.525208	2.305908	-0.550842	0.811157
-0.614929	2.882385	-0.197449	0.926208
-0.722961	3.432922	0.116882	1.008301
-0.819397	3.948059	0.346375	1.011658
-0.904236	4.404907	0.483093	0.992432
-0.959778	4.767151	0.582581	0.990906
-0.995789	4.984131	0.693054	0.944214
-1.008606	5.106812	0.841980	0.809326
-0.977478	5.186768	1.026001	0.651855
-0.924377	5.158081	1.201477	0.513916
-0.846252	5.039978	1.354980	0.370789
-0.733643	4.870605	1.492004	0.242920
-0.596924	4.626770	1.625366	0.181274
-0.442505	4.340515	1.744385	0.134277
-0.296936	3.997498	1.839905	0.070801
-0.155029	3.577881	1.927185	0.018921
-0.004883	3.092346	2.002869	0.000000
0.129089	2.516785	2.058105	0.006104
0.205078	1.862793	2.104187	-0.006104
0.217285	1.187134	2.120667	-0.057373
0.207520	0.482483	2.078857	-0.108948
0.203247	-0.236206	1.942139	-0.131226
0.194092	-0.950623	1.764832	-0.149231
0.168457	-1.685181	1.585388	-0.183716
0.153503	-2.448120	1.407776	-0.236816
0.137939	-3.193665	1.219788	-0.268250
0.108032	-3.873291	0.994873	-0.277100
0.099487	-4.466858	0.729980	-0.244751
0.117798	-5.008240	0.462036	-0.131226
0.174561	-5.476990	0.205994	0.067444
0.254211	-5.846558	-0.005798	0.297852
0.325623	-6.245422	-0.181885	0.510559
0.391541	-6.622925	-0.335083	0.752869
0.462646	-6.842651	-0.446777	1.046143
0.520325	-6.866760	-0.514221	1.349487
0.558472	-6.783447	-0.539551	1.614075
0.572815	-6.544495	-0.526123	1.830139
0.556946	-6.080322	-0.491943	1.985474
0.514832	-5.462646	-0.397034	2.064514
0.480042	-4.767761	-0.312805	2.092590
0.418701	-4.028931	-0.280457	2.060242
0.336914	-3.259277	-0.238037	1.968384
0.253906	-2.470703	-0.123901	1.786499
0.143738	-1.701355	0.028381	1.591797
0.036011	-1.005249	0.160217	1.350098
-0.071106	-0.369263	0.280151	1.028137
-0.170593	0.204773	0.380554	0.734253
-0.217896	0.719299	0.474243	0.509338
-0.238342	1.155396	0.587158	0.245056
-0.250854	1.550598	0.756531	-0.086365
-0.244446	1.906738	0.951843	-0.384521
-0.251465	2.184753	1.106567	-0.642395
-0.243530	2.456970	1.230469	-0.894470
-0.222473	2.716370	1.336060	-1.116028
-0.188293	2.884521	1.471252	-1.272888
-0.125427	2.971191	1.596985	-1.385803
-0.042114	2.968750	1.684875	-1.473999
0.010376	2.899780	1.729736	-1.546021
0.048828	2.781372	1.688232	-1.583862
0.095520	2.591248	1.559448	-1.595764
0.088806	2.344055	1.382141	-1.588135
0.057983	2.097473	1.156006	-1.587830
0.039673	1.834717	0.875854	-1.585388
0.022583	1.593018	0.521851	-1.604004
0.007629	1.402893	0.102234	-1.674500
0.000305	1.184387	-0.337524	-1.765747
0.028687	0.960693	-0.761719	-1.855469
0.045776	0.775452	-1.161194	-1.903992
0.008850	0.649719	-1.542358	-1.928711
-0.031128	0.594482	-1.884460	-1.925659
-0.052795	0.590210	-2.167358	-1.836853
-0.032349	0.625610	-2.398987	-1.627197
0.009155	0.653381	-2.539978	-1.361389
0.048828	0.659485	-2.621765	-1.077271
0.074768	0.691223	-2.702637	-0.736084
0.071411	0.765686	-2.724304	-0.345764
0.048828	0.871277	-2.691345	0.046082
0.021667	0.992432	-2.620850	0.411987
-0.015564	1.136169	-2.488403	0.746765
-0.039673	1.311646	-2.319641	1.053772
-0.078735	1.514282	-2.113953	1.316223
-0.142212	1.694946	-1.911011	1.499634
-0.208435	1.846313	-1.719055	1.626587
-0.270691	1.936951	-1.531677	1.733704
-0.340881	1.949463	-1.311340	1.791382
-0.405579	1.912537	-1.094971	1.804810
-0.450439	1.832581	-0.904541	1.784058
-0.450745	1.716919	-0.720520	1.691284
-0.417786	1.591187	-0.547485	1.586304
-0.333252	1.457825	-0.369873	1.492004
-0.206909	1.312866	-0.184021	1.375122
-0.067444	1.134033	-0.005188	1.274109
0.050049	0.935059	0.143127	1.181641
0.149231	0.743408	0.289307	1.072693
0.254822	0.561829	0.442505	0.964050
0.361633	0.388489	0.614014	0.861206
0.457458	0.176697	0.829468	0.748291
0.530701	-0.088196	1.052246	0.629272
0.570068	-0.399780	1.239624	0.533142
0.571289	-0.752563	1.391907	0.468140
0.531311	-1.145935	1.494141	0.405884
0.464783	-1.564636	1.560364	0.311584
0.382080	-1.996155	1.620178	0.191650
0.307617	-2.442017	1.651001	0.085449
0.237732	-2.887268	1.657410	0.014038
0.150757	-3.296509	1.636963	-0.040588
0.053406	-3.673096	1.572266	-0.086060
-0.047607	-3.993225	1.480103	-0.104370
-0.132141	-4.217529	1.369934	-0.111694
-0.212097	-4.374390	1.238098	-0.113220
-0.299683	-4.484253	1.099854	-0.082703
-0.375366	-4.512329	0.989685	-0.029907
-0.434570	-4.450684	0.922241	0.052185
-0.472412	-4.305725	0.897827	0.131836
-0.492859	-4.093018	0.897827	0.179749
-0.488892	-3.818359	0.885315	0.223999
-0.488586	-3.465881	0.835876	0.243225
-0.484619	-3.059692	0.784302	0.220032
-0.492859	-2.612305	0.733948	0.157166
-0.520325	-2.112732	0.683594	0.028687
-0.553284	-1.592102	0.675354	-0.153809
-0.570374	-1.066895	0.701904	-0.355835
-0.572510	-0.537720	0.736694	-0.583801
-0.576477	-0.018005	0.767212	-0.834351
-0.573425	0.477295	0.776672	-1.070862
-0.564880	0.950317	0.790100	-1.278992
-0.542603	1.369324	0.831909	-1.456299
-0.494995	1.735535	0.892944	-1.609192
-0.433350	2.052002	0.992126	-1.711731
-0.356445	2.300415	1.101990	-1.755676
-0.267029	2.507935	1.185913	-1.732178
-0.171814	2.693481	1.253662	-1.623535
-0.050659	2.821655	1.301575	-1.443176
0.089722	2.864685	1.311340	-1.207275
0.228577	2.854614	1.288757	-0.939026
0.360718	2.812500	1.235962	-0.656433
0.485840	2.736206	1.156616	-0.361023
0.608521	2.627258	1.043091	-0.087585
0.718079	2.466736	0.904236	0.144348
0.794983	2.259216	0.744629	0.336914
0.833740	2.020874	0.535583	0.501099
0.841675	1.763306	0.248718	0.644836
0.830383	1.484070	-0.108948	0.743408
0.798340	1.192932	-0.496216	0.777283
0.764160	0.885315	-0.871582	0.773926
0.734558	0.583801	-1.246033	0.736084
0.691223	0.338440	-1.639099	0.665894
0.631409	0.150146	-2.042236	0.589600
0.568542	0.007629	-2.450562	0.523071
0.508118	-0.104370	-2.846680	0.477295
0.450745	-0.198364	-3.205261	0.433960
0.386963	-0.276184	-3.507690	0.386353
0.305481	-0.342407	-3.757019	0.361328
0.224609	-0.398560	-3.944702	0.341492
0.144043	-0.415039	-4.050903	0.327454
0.056458	-0.405273	-4.059448	0.319519
-0.027161	-0.373840	-3.989868	0.310974
-0.116272	-0.323181	-3.846741	0.307312
-0.213318	-0.244446	-3.634033	0.297852
-0.310059	-0.139160	-3.358459	0.268250
-0.390320	-0.017090	-3.030701	0.223389
-0.467834	0.126343	-2.677307	0.165405
-0.548706	0.284424	-2.291565	0.071106
-0.617676	0.440674	-1.864014	-0.061035
-0.661011	0.602722	-1.423035	-0.229492
-0.678406	0.772400	-0.986023	-0.414124
-0.682678	0.946960	-0.555420	-0.610657
-0.654297	1.118774	-0.123596	-0.802612
-0.582275	1.278381	0.305786	-0.972290
-0.491943	1.432495	0.748901	-1.134338
-0.393066	1.567078	1.203003	-1.290894
-0.284119	1.686096	1.645203	-1.418152
-0.174255	1.792297	2.048645	-1.493530
-0.058594	1.867371	2.417603	-1.514893
0.064392	1.895447	2.748108	-1.510925
0.181274	1.866760	3.021240	-1.484070
0.289001	1.790771	3.229065	-1.423035
0.374756	1.672058	3.366699	-1.335144
0.422058	1.506958	3.437500	-1.228638
0.433350	1.307068	3.436279	-1.098328
0.424805	1.071472	3.377075	-0.949707
0.386047	0.798645	3.277893	-0.790710
0.313721	0.498962	3.133240	-0.614014
0.217590	0.164490	2.930908	-0.423279
0.104065	-0.199280	2.688293	-0.231323
-0.012817	-0.566406	2.410278	-0.046082
-0.122070	-0.937805	2.103577	0.135498
-0.216370	-1.307373	1.791077	0.304871
-0.290222	-1.655273	1.479797	0.457764
-0.361938	-1.970825	1.175537	0.610046
-0.415955	-2.236023	0.878601	0.747681
-0.436401	-2.442322	0.582275	0.866699
-0.435181	-2.613220	0.276489	0.979309
-0.412598	-2.752686	-0.015869	1.086121
-0.378723	-2.850037	-0.292664	1.175232
-0.342102	-2.923279	-0.557251	1.237183
-0.304260	-2.976379	-0.794678	1.264038
-0.280762	-2.984619	-0.991211	1.254578
-0.262451	-2.945251	-1.153259	1.206055
-0.249023	-2.869263	-1.273193	1.124878
-0.230103	-2.741394	-1.362610	1.022034
-0.214233	-2.543030	-1.425171	0.892944
-0.209656	-2.281189	-1.452332	0.732727
-0.199585	-1.981506	-1.457520	0.555725
-0.185852	-1.671753	-1.450806	0.381470
-0.167847	-1.368713	-1.415100	0.212402
-0.138245	-1.069336	-1.350098	0.059204
-0.107727	-0.776978	-1.256104	-0.065613
-0.074158	-0.502930	-1.143188	-0.171204
-0.034790	-0.245667	-1.020508	-0.264893
0.025024	-0.017395	-0.881958	-0.318298
0.106812	0.178528	-0.727539	-0.319214
0.189819	0.340576	-0.563965	-0.278015
0.270691	0.484314	-0.393982	-0.215759
0.352173	0.627747	-0.223694	-0.135193
0.429688	0.758057	-0.073242	-0.035400
0.506287	0.869751	0.044250	0.052795
0.569763	0.963745	0.124207	0.125122
0.609131	1.023560	0.167542	0.199890
0.625610	1.070251	0.166931	0.266418
0.625610	1.114807	0.126343	0.307922
0.611267	1.153259	0.048523	0.315247
0.585938	1.195068	-0.061340	0.295715
0.559998	1.234436	-0.189514	0.245056
0.519104	1.276550	-0.322571	0.172729
0.455322	1.335449	-0.455933	0.085144
0.385742	1.407776	-0.593872	-0.010071
0.313110	1.494446	-0.739136	-0.111084
0.237122	1.606445	-0.881958	-0.223999
0.159912	1.725464	-1.012268	-0.352478
0.090942	1.842651	-1.119690	-0.487976
0.021057	1.956482	-1.201172	-0.619507
-0.061035	2.062988	-1.258850	-0.737915
-0.144958	2.156677	-1.302490	-0.838623
-0.217896	2.230835	-1.322632	-0.928040
-0.271606	2.274170	-1.318970	-1.001587
-0.307922	2.276001	-1.291809	-1.060791
-0.337830	2.232666	-1.245117	-1.117859
-0.357971	2.140503	-1.183167	-1.165771
-0.382080	2.021179	-1.096497	-1.202087
-0.409546	1.888733	-0.984192	-1.248474
-0.427551	1.729126	-0.843506	-1.314392
-0.435791	1.558838	-0.671082	-1.394653
-0.428772	1.398926	-0.482483	-1.480103
-0.408020	1.240845	-0.274353	-1.569824
-0.369873	1.083069	-0.057983	-1.658020
-0.321655	0.924988	0.156860	-1.735840
-0.263367	0.758057	0.383606	-1.785278
-0.193481	0.594482	0.612488	-1.801453
-0.123291	0.432739	0.831299	-1.774597
-0.054016	0.258179	1.027222	-1.700134
0.023804	0.073242	1.197205	-1.592102
0.103149	-0.115356	1.332092	-1.440735
0.192871	-0.313110	1.425476	-1.229553
0.289917	-0.523376	1.481934	-0.964966
0.384521	-0.740662	1.499329	-0.659790
0.472717	-0.969238	1.481934	-0.308838
0.541687	-1.202393	1.439819	0.078125
0.599060	-1.427002	1.375732	0.476379
0.640869	-1.637878	1.288147	0.862122
0.659485	-1.846619	1.188660	1.229858
0.660400	-2.050781	1.076355	1.584778
0.641174	-2.247620	0.948181	1.928711
0.598450	-2.434082	0.804749	2.245789
0.533752	-2.598877	0.653687	2.515259
0.462646	-2.730713	0.506897	2.724609
0.386353	-2.827454	0.372009	2.880554
0.301514	-2.882080	0.247192	2.991638
0.216064	-2.891541	0.133057	3.059998
0.129089	-2.863159	0.022583	3.082275
0.037537	-2.804871	-0.092773	3.052368
-0.051575	-2.729797	-0.195923	2.972412
-0.139771	-2.638245	-0.283813	2.844849
-0.235291	-2.527161	-0.365906	2.671814
-0.334778	-2.395020	-0.439148	2.455750
-0.436401	-2.248535	-0.499573	2.196350
-0.534973	-2.097778	-0.535278	1.919861
-0.627747	-1.938477	-0.545959	1.621399
-0.710449	-1.774902	-0.534973	1.307678
-0.777893	-1.602783	-0.509338	0.981445
-0.827332	-1.419983	-0.475159	0.642090
-0.854797	-1.229248	-0.420837	0.301819
-0.868225	-1.028442	-0.345154	-0.035706
-0.878601	-0.820923	-0.249023	-0.374756
-0.887756	-0.614624	-0.128174	-0.697937
-0.885010	-0.406799	0.010681	-0.994263
-0.863037	-0.198669	0.155334	-1.261597
-0.825500	0.007629	0.303650	-1.498108
-0.768127	0.214233	0.450134	-1.697388
-0.687256	0.414124	0.592041	-1.852417
-0.589905	0.613708	0.732727	-1.964722
-0.487061	0.815430	0.860596	-2.033386
-0.382690	1.008301	0.970459	-2.051392
-0.273132	1.188354	1.057434	-2.023315
-0.154724	1.352844	1.119385	-1.942749
-0.028076	1.505127	1.150208	-1.812134
0.108948	1.637573	1.142578	-1.642151
0.245361	1.739807	1.089478	-1.428833
0.366516	1.811523	0.994263	-1.174622
0.466614	1.859436	0.872498	-0.892944
0.553284	1.891785	0.727844	-0.591125
0.632935	1.915588	0.560913	-0.291748
0.700989	1.929626	0.385437	-0.010681
0.749207	1.927795	0.209045	0.245056
0.768738	1.907043	0.031433	0.478210
0.757141	1.866760	-0.148315	0.688477
0.718994	1.805725	-0.333252	0.866699
0.666504	1.732178	-0.518494	1.007080
0.607605	1.652832	-0.696411	1.109924
0.543823	1.570435	-0.863953	1.177063
0.473022	1.488647	-1.017456	1.209412
0.397644	1.396484	-1.159363	1.206055
0.330811	1.282654	-1.292114	1.170044
0.273743	1.140747	-1.406860	1.105652
0.226746	0.966797	-1.503906	1.020508
0.184937	0.766296	-1.585388	0.912781
0.146179	0.554810	-1.652222	0.782776
0.114441	0.333252	-1.703796	0.617065
0.086975	0.112305	-1.731567	0.415039
0.065002	-0.097046	-1.730347	0.187073
0.043640	-0.305176	-1.699219	-0.062561
0.018921	-0.507202	-1.638184	-0.315857
-0.006409	-0.693054	-1.545105	-0.566711
-0.025330	-0.864868	-1.418762	-0.805054
-0.037842	-1.019897	-1.264954	-1.026306
-0.045471	-1.150818	-1.088562	-1.228027
-0.050049	-1.265259	-0.888062	-1.399536
-0.052185	-1.363525	-0.666809	-1.532593
-0.049438	-1.439819	-0.437927	-1.625366
-0.045471	-1.504822	-0.205078	-1.673889
-0.046082	-1.559448	0.027161	-1.670227
-0.044556	-1.596375	0.255127	-1.611023
-0.036316	-1.616516	0.476379	-1.500244
-0.023499	-1.618652	0.692444	-1.346436
-0.009155	-1.596985	0.897217	-1.152954
0.008545	-1.546326	1.080627	-0.926819
0.027161	-1.466064	1.243896	-0.673218
0.045776	-1.369324	1.385803	-0.402832
0.064392	-1.265564	1.494446	-0.129089
0.081177	-1.157227	1.563110	0.140076
0.092773	-1.042480	1.593323	0.402222
0.092163	-0.918884	1.589661	0.654602
0.078430	-0.790100	1.562195	0.890808
0.056763	-0.652161	1.513977	1.096497
0.028992	-0.502930	1.451721	1.271362
-0.008240	-0.339966	1.378174	1.413879
-0.058289	-0.161133	1.293335	1.517944
-0.120850	0.025024	1.203003	1.578979
-0.192871	0.208740	1.117554	1.599121
-0.271912	0.386658	1.041870	1.582642
-0.350647	0.558777	0.980225	1.530457
-0.427856	0.717773	0.933533	1.447449
-0.504150	0.851440	0.896606	1.343689
-0.574951	0.956421	0.866394	1.223450
-0.632324	1.036377	0.840759	1.088257
-0.675049	1.093445	0.814819	0.945740
-0.702515	1.122131	0.782471	0.805969
-0.714111	1.117554	0.743408	0.671387
-0.714111	1.081238	0.698547	0.543823
-0.704956	1.024170	0.648804	0.423889
-0.685120	0.946045	0.596313	0.305786
-0.658569	0.844727	0.536499	0.180054
-0.627441	0.732727	0.468140	0.045166
-0.592346	0.620728	0.393982	-0.092773
-0.547180	0.506592	0.310669	-0.223694
-0.489197	0.393372	0.216370	-0.345459
-0.424805	0.286865	0.119019	-0.457153
-0.355835	0.186462	0.021667	-0.552673
-0.281677	0.093689	-0.073547	-0.625305
-0.199890	0.007935	-0.172729	-0.666199
-0.111084	-0.073547	-0.275269	-0.674438
-0.018005	-0.157166	-0.377197	-0.657349
0.073547	-0.241089	-0.478516	-0.612183
0.162659	-0.323792	-0.580139	-0.538635
0.251770	-0.408325	-0.684509	-0.443115
0.340576	-0.496521	-0.794067	-0.319519
0.423584	-0.585632	-0.905457	-0.163269
0.497437	-0.664673	-1.011353	0.021973
0.561829	-0.723877	-1.109009	0.225220
0.617065	-0.759583	-1.197815	0.436401
0.659180	-0.776672	-1.276550	0.641174
0.684204	-0.779114	-1.350098	0.838928
0.690308	-0.760498	-1.417236	1.027832
0.683899	-0.716858	-1.471863	1.196594
0.668030	-0.648193	-1.517029	1.336975
0.642090	-0.557251	-1.552124	1.435547
0.607605	-0.445557	-1.569214	1.482849
0.567322	-0.316162	-1.561584	1.480103
0.522156	-0.168762	-1.526489	1.431580
0.466003	-0.010071	-1.457825	1.336670
0.404053	0.156860	-1.355591	1.196899
0.345459	0.335388	-1.226807	1.015015
0.291138	0.521851	-1.073914	0.794983
0.242004	0.708923	-0.897217	0.538635
0.195313	0.885315	-0.696716	0.244446
0.151672	1.043091	-0.477600	-0.079041
0.111084	1.177979	-0.251770	-0.418091
0.068054	1.296692	-0.024109	-0.767212
0.025024	1.393433	0.184631	-1.099548
-0.016174	1.464539	0.384521	-1.423950
-0.052795	1.503601	0.574951	-1.723938
-0.084534	1.496277	0.748291	-1.991272
-0.117188	1.450195	0.898132	-2.225647
-0.152893	1.381836	1.021118	-2.424622
-0.186768	1.294861	1.121521	-2.586670
-0.219421	1.184998	1.202698	-2.714539
-0.254211	1.058655	1.264343	-2.811584
-0.287170	0.930176	1.301575	-2.880859
-0.315552	0.801086	1.318970	-2.921753
-0.332642	0.665894	1.314392	-2.925415
-0.337524	0.524597	1.288757	-2.881165
-0.332336	0.380249	1.255493	-2.789612
-0.322266	0.238647	1.220093	-2.647705
-0.306091	0.102539	1.176147	-2.450867
-0.278015	-0.029907	1.110229	-2.210388
-0.239258	-0.158997	1.020203	-1.929321
-0.193176	-0.280151	0.908508	-1.600647
-0.139160	-0.390320	0.775757	-1.230469
-0.080872	-0.493774	0.628052	-0.836487
-0.018311	-0.589294	0.471191	-0.433044
0.044861	-0.675354	0.306396	-0.026245
0.104980	-0.753784	0.134888	0.376892
0.160828	-0.817871	-0.039063	0.760498
0.206909	-0.862427	-0.206909	1.119080
0.243835	-0.890808	-0.361023	1.455383
0.274048	-0.894775	-0.494690	1.761780
0.294495	-0.878906	-0.601196	2.036743
0.297546	-0.853882	-0.677490	2.280273
0.284424	-0.821838	-0.728149	2.486572
0.261536	-0.782166	-0.752563	2.650452
0.222778	-0.728455	-0.746460	2.766724
0.173645	-0.661926	-0.715332	2.832642
0.123291	-0.590210	-0.668030	2.852783
0.072937	-0.516968	-0.608215	2.827454
0.024109	-0.441895	-0.533752	2.760315
-0.018921	-0.372620	-0.446167	2.652893
-0.057068	-0.315247	-0.354309	2.510986
-0.094910	-0.268250	-0.265808	2.337341
-0.137329	-0.231934	-0.183105	2.132568
-0.180054	-0.207825	-0.107117	1.897278
-0.218201	-0.208130	-0.041504	1.644897
-0.252075	-0.234680	0.013123	1.382141
-0.278931	-0.281067	0.060120	1.105957
-0.295105	-0.343628	0.093994	0.820313
-0.298767	-0.415649	0.107117	0.540771
-0.294800	-0.487976	0.102539	0.266724
-0.289612	-0.556946	0.084839	0.000305
-0.281982	-0.622864	0.059814	-0.246277
-0.274048	-0.678711	0.030823	-0.473328
-0.265808	-0.720520	0.001831	-0.672913
-0.256042	-0.745544	-0.029297	-0.842590
-0.242310	-0.746460	-0.063477	-0.983887
-0.226746	-0.723267	-0.094910	-1.092529
-0.212708	-0.676575	-0.119324	-1.161804
-0.196228	-0.607605	-0.137939	-1.192627
-0.179443	-0.521851	-0.151367	-1.184692
-0.163879	-0.423279	-0.157166	-1.139221
-0.143433	-0.313110	-0.148315	-1.063843
-0.113220	-0.194397	-0.129395	-0.962524
-0.072937	-0.073242	-0.108337	-0.841370
-0.026550	0.050354	-0.089111	-0.705872
0.024414	0.176392	-0.076599	-0.561829
0.078735	0.307312	-0.072937	-0.415649
0.130615	0.443726	-0.076904	-0.278931
0.177917	0.583801	-0.082703	-0.158386
0.221863	0.726013	-0.079651	-0.063477
0.263672	0.870361	-0.060730	0.002747
0.302429	1.012573	-0.026245	0.038757
0.332336	1.148071	0.026550	0.040894
0.350037	1.274109	0.097351	0.010071
0.354614	1.389160	0.179138	-0.048828
0.351868	1.492615	0.268860	-0.127869
0.345154	1.579895	0.362854	-0.227661
0.334473	1.645203	0.456238	-0.346985
0.319214	1.681519	0.546570	-0.483398
0.298767	1.684570	0.628052	-0.628967
0.274658	1.656189	0.693054	-0.772400
0.252380	1.600647	0.739441	-0.907288
0.233154	1.514587	0.770264	-1.030884
0.218506	1.398926	0.779724	-1.139526
0.204773	1.260071	0.768738	-1.229553
0.188904	1.104126	0.741577	-1.299438
0.176086	0.930786	0.697937	-1.347046
0.167236	0.740662	0.638123	-1.372375
0.157776	0.534973	0.560608	-1.372986
0.148621	0.316772	0.464783	-1.346741
0.140076	0.094299	0.353088	-1.292114
0.131531	-0.134888	0.223694	-1.214600
0.123901	-0.363770	0.073853	-1.117249
0.119934	-0.583496	-0.090332	-1.001892
0.121460	-0.784912	-0.260620	-0.863953
0.126648	-0.965271	-0.430908	-0.709229
0.133057	-1.119385	-0.597534	-0.548096
0.138245	-1.250000	-0.752258	-0.379944
0.137024	-1.362610	-0.892334	-0.202332
0.132446	-1.462708	-1.015625	-0.017090
0.124207	-1.546326	-1.119690	0.176697
0.115967	-1.614380	-1.200562	0.373230
0.105591	-1.659241	-1.260071	0.565186
0.093079	-1.675720	-1.295166	0.749512
0.079956	-1.662903	-1.306152	0.923767
0.065308	-1.621094	-1.298218	1.086731
0.051880	-1.548767	-1.276245	1.235352
0.034790	-1.448975	-1.238403	1.367798
0.013733	-1.328430	-1.186523	1.474915
-0.011597	-1.191101	-1.127014	1.553955
-0.043945	-1.032715	-1.054993	1.604004
-0.079651	-0.852356	-0.961914	1.618042
-0.117798	-0.661926	-0.845642	1.590576
-0.159302	-0.460205	-0.701904	1.520996
-0.207520	-0.245667	-0.534668	1.411743
-0.263367	-0.024414	-0.354309	1.276855
-0.320740	0.205078	-0.157166	1.121826
-0.371399	0.433960	0.060425	0.945129
-0.409241	0.652466	0.296021	0.744019
-0.437317	0.857544	0.542297	0.524902
-0.458679	1.046448	0.788269	0.298462
-0.472412	1.218262	1.020203	0.068970
-0.480042	1.370239	1.233215	-0.155640
-0.479431	1.494751	1.427002	-0.368958
-0.468750	1.587524	1.586914	-0.553284
-0.453796	1.658020	1.718750	-0.715027
-0.433655	1.702271	1.815796	-0.846558
-0.409851	1.705933	1.878357	-0.942078
-0.383911	1.674194	1.904297	-1.002502
-0.360107	1.624756	1.894836	-1.033020
-0.336304	1.561584	1.848145	-1.037292
-0.312805	1.481323	1.765442	-1.018982
-0.289917	1.386414	1.647644	-0.982361
-0.263977	1.284485	1.499329	-0.931396
-0.235596	1.171265	1.329651	-0.867920
-0.205994	1.040344	1.130981	-0.789490
-0.175781	0.895691	0.907593	-0.694885
-0.145874	0.740356	0.678101	-0.588684
-0.114441	0.576782	0.452576	-0.470581
-0.081177	0.406799	0.230713	-0.341797
-0.043030	0.238037	0.010681	-0.215149
0.000000	0.078125	-0.205688	-0.090637
0.047302	-0.074768	-0.418396	0.039063
0.097656	-0.222778	-0.620422	0.169678
0.148926	-0.369873	-0.799866	0.290527
0.198059	-0.514221	-0.954590	0.397644
0.242310	-0.655823	-1.086121	0.493469
0.280762	-0.792236	-1.195068	0.575256
0.318298	-0.912781	-1.279297	0.637817
0.357971	-1.017761	-1.333923	0.680237
0.398865	-1.109314	-1.360779	0.706482
0.434875	-1.178894	-1.360474	0.715942
0.457458	-1.225281	-1.331482	0.709229
0.467529	-1.253357	-1.279297	0.687866
0.472107	-1.260986	-1.205444	0.653381
0.472107	-1.241455	-1.107788	0.600891
0.460815	-1.190186	-0.981750	0.529175
0.438538	-1.107178	-0.828552	0.437012
0.409546	-0.997314	-0.654602	0.327759
0.376587	-0.862427	-0.466309	0.203247
0.343933	-0.707397	-0.267639	0.069580
0.312195	-0.543213	-0.067749	-0.066833
0.281067	-0.374451	0.124817	-0.198059
0.247498	-0.200806	0.307617	-0.324707
0.207825	-0.024109	0.478821	-0.450134
0.168457	0.148315	0.632019	-0.569763
0.131531	0.307922	0.760193	-0.675659
0.098267	0.448914	0.857239	-0.761719
0.068359	0.567017	0.919189	-0.832520
0.038757	0.661011	0.941162	-0.892639
0.010071	0.735779	0.927734	-0.941162
-0.016785	0.792847	0.887146	-0.975647
-0.044556	0.827026	0.824890	-0.993652
-0.072632	0.840759	0.750427	-0.994263
-0.104675	0.839844	0.665894	-0.976563
-0.140686	0.825195	0.567017	-0.940552
-0.181274	0.796814	0.460205	-0.891724
-0.226746	0.760803	0.342712	-0.831909
-0.276184	0.723877	0.220337	-0.763855
-0.321655	0.689392	0.100098	-0.689392
-0.362549	0.657349	-0.016785	-0.608215
-0.401001	0.626221	-0.125732	-0.519409
-0.436401	0.600586	-0.220642	-0.422058
-0.463257	0.578918	-0.297546	-0.318909
-0.475464	0.560913	-0.360413	-0.209351
-0.473328	0.544128	-0.408936	-0.097351
-0.458069	0.520325	-0.442505	0.012207
-0.432434	0.487671	-0.461731	0.122986
-0.403748	0.455322	-0.465393	0.229797
-0.369873	0.429077	-0.454407	0.324097
-0.330811	0.407410	-0.427551	0.401917
-0.289001	0.386658	-0.383911	0.465088
-0.243225	0.365906	-0.324707	0.515442
-0.191956	0.348816	-0.255737	0.555420
-0.142517	0.336914	-0.180664	0.586548
-0.098572	0.326843	-0.098877	0.612183
-0.061035	0.317078	-0.010376	0.627747
-0.028076	0.309753	0.086975	0.630188
0.002136	0.306091	0.187988	0.620728
0.028381	0.301819	0.289917	0.603333
0.047302	0.294800	0.391541	0.583496
0.054932	0.281372	0.488281	0.564270
0.054626	0.256958	0.574646	0.552979
0.049133	0.219727	0.647583	0.551758
0.044250	0.170593	0.701599	0.560608
0.036926	0.109863	0.733337	0.578308
0.028992	0.036926	0.744629	0.605774
0.020752	-0.047607	0.733948	0.640259
0.012512	-0.143738	0.695801	0.674133
0.007019	-0.252686	0.631104	0.708313
0.004272	-0.379028	0.540161	0.746460
0.004578	-0.522156	0.424500	0.791321
0.006104	-0.677185	0.284119	0.839844
0.006714	-0.837708	0.125732	0.889893
0.007324	-0.992126	-0.045471	0.934753
0.011292	-1.135864	-0.222168	0.970154
0.019836	-1.268005	-0.392456	0.995483
0.032349	-1.386719	-0.548706	1.004333
0.046387	-1.490173	-0.691833	0.992737
0.059814	-1.574402	-0.817871	0.961304
0.071411	-1.632996	-0.923767	0.912781
0.081787	-1.666565	-1.002808	0.846863
0.092163	-1.674194	-1.048584	0.766296
0.100098	-1.654053	-1.061707	0.670166
0.104980	-1.608582	-1.044006	0.562439
0.107422	-1.544495	-0.999146	0.447388
0.105286	-1.465759	-0.928345	0.328674
0.099182	-1.374512	-0.836792	0.208435
0.094299	-1.270752	-0.730286	0.086670
0.090942	-1.157227	-0.606995	-0.034180
0.089417	-1.036377	-0.469360	-0.151978
0.086670	-0.909729	-0.317383	-0.270691
0.083313	-0.775757	-0.153198	-0.393066
0.077209	-0.636902	0.018921	-0.519714
0.069885	-0.494690	0.193176	-0.647278
0.060730	-0.346985	0.369873	-0.779419
0.049133	-0.192871	0.541687	-0.908813
0.033569	-0.032043	0.703735	-1.028748
0.018616	0.137329	0.858765	-1.141357
0.004578	0.311584	1.005249	-1.244507
-0.007629	0.483398	1.138306	-1.337891
-0.016785	0.653076	1.257324	-1.421509
-0.022583	0.818787	1.357422	-1.486206
-0.025635	0.969849	1.427002	-1.532593
-0.025635	1.106873	1.463623	-1.561584
-0.021973	1.228638	1.461792	-1.568298
-0.013123	1.327515	1.422729	-1.551514
-0.003052	1.407776	1.347961	-1.509399
0.008240	1.469116	1.240845	-1.438904
0.019226	1.508789	1.107483	-1.336670
0.030518	1.520996	0.950012	-1.203308
0.042114	1.499023	0.769348	-1.041870
0.055542	1.444397	0.570984	-0.856018
0.066223	1.366577	0.356140	-0.648193
0.077515	1.270752	0.128479	-0.422058
0.091248	1.154480	-0.103149	-0.182800
0.107117	1.022339	-0.329895	0.063477
0.122681	0.881348	-0.547791	0.310669
0.135498	0.736389	-0.750427	0.547180
0.144958	0.588379	-0.937805	0.770264
0.148010	0.439148	-1.114807	0.975037
0.144043	0.289917	-1.274414	1.158447
0.135193	0.144043	-1.403809	1.318970
0.125122	0.001221	-1.502991	1.454163
0.114441	-0.139771	-1.573792	1.553650
0.102844	-0.274658	-1.617126	1.616211
0.088196	-0.402832	-1.636353	1.645203
0.073853	-0.524292	-1.636963	1.642761
0.061340	-0.640869	-1.620789	1.608887
0.052185	-0.754700	-1.581421	1.543884
0.045471	-0.861816	-1.524963	1.452332
0.036621	-0.960693	-1.453247	1.342163
0.030518	-1.047974	-1.368713	1.222534
0.025635	-1.121521	-1.269836	1.097412
0.019836	-1.176453	-1.155701	0.969849
0.012207	-1.203918	-1.025391	0.841980
0.001831	-1.206055	-0.877380	0.713501
-0.013733	-1.190186	-0.716553	0.586853
-0.035095	-1.155396	-0.545959	0.465393
-0.062866	-1.100769	-0.365601	0.349426
-0.097351	-1.025085	-0.176697	0.238953
-0.133362	-0.926514	0.016479	0.138245
-0.164795	-0.806885	0.208740	0.046387
-0.190125	-0.665283	0.396118	-0.036621
-0.210876	-0.506897	0.575256	-0.109253
-0.230103	-0.342712	0.743713	-0.167236
-0.246582	-0.180664	0.890503	-0.214233
-0.259399	-0.025330	1.012268	-0.252075
-0.269470	0.122986	1.111755	-0.276489
-0.270996	0.260315	1.190796	-0.284729
-0.261841	0.382996	1.249084	-0.275879
-0.247192	0.490417	1.285400	-0.255432
-0.226746	0.581665	1.300049	-0.228882
-0.203247	0.652771	1.288452	-0.201721
-0.176392	0.703125	1.254272	-0.173645
-0.147705	0.729675	1.202698	-0.143433
-0.118103	0.734863	1.135864	-0.115051
-0.089722	0.721436	1.060181	-0.093994
-0.061951	0.693665	0.978088	-0.082703
-0.035095	0.647583	0.891418	-0.081177
-0.015564	0.582886	0.803528	-0.090637
-0.002136	0.508423	0.715027	-0.110779
0.007629	0.425720	0.628052	-0.143433
0.014343	0.331726	0.544434	-0.189209
0.015259	0.231628	0.463257	-0.246582
0.012817	0.127563	0.379028	-0.315552
0.006714	0.024109	0.294495	-0.397644
0.004272	-0.077820	0.214844	-0.486450
0.007019	-0.177917	0.140076	-0.575562
0.011902	-0.271606	0.076904	-0.661926
0.018921	-0.362244	0.021973	-0.745850
0.030212	-0.451660	-0.030518	-0.822449
0.050659	-0.539246	-0.083313	-0.891724
0.078125	-0.621948	-0.135803	-0.952148
0.109253	-0.695496	-0.186157	-0.998840
0.142517	-0.754395	-0.225830	-1.025391
0.179749	-0.798035	-0.252686	-1.028748
0.222168	-0.829163	-0.269775	-1.009521
0.265503	-0.843811	-0.280457	-0.970459
0.300598	-0.838318	-0.286865	-0.917053
0.324097	-0.811157	-0.293274	-0.848389
0.336914	-0.758362	-0.298767	-0.766602
0.344849	-0.681763	-0.305176	-0.672913
0.346375	-0.581055	-0.313721	-0.573730
0.340881	-0.462646	-0.324402	-0.466919
0.329895	-0.333557	-0.340271	-0.350342
0.311890	-0.196228	-0.363770	-0.223694
0.291443	-0.054321	-0.395203	-0.091858
0.268555	0.084839	-0.434875	0.041809
0.244751	0.218201	-0.482788	0.171814
0.220032	0.341492	-0.539551	0.295410
0.194397	0.453186	-0.603943	0.411987
0.169067	0.552063	-0.674438	0.521240
0.147400	0.634766	-0.748291	0.620422
0.127563	0.702209	-0.821533	0.707397
0.108643	0.755310	-0.890198	0.783081
0.087891	0.795288	-0.950928	0.844116
0.063171	0.818787	-1.005249	0.884705
0.035095	0.826721	-1.051331	0.899963
0.005798	0.823059	-1.084595	0.893250
-0.023499	0.812073	-1.100769	0.865173
-0.054016	0.796204	-1.094055	0.811768
-0.087280	0.775146	-1.064453	0.732727
-0.122681	0.749512	-1.012878	0.630798
-0.158997	0.724182	-0.940857	0.508728
-0.197144	0.694885	-0.850830	0.368347
-0.235596	0.663147	-0.743103	0.214844
-0.274048	0.629272	-0.618286	0.047913
-0.309143	0.596924	-0.477600	-0.125122
-0.339355	0.568237	-0.325623	-0.295410
-0.361938	0.544739	-0.164795	-0.456848
-0.376587	0.526428	-0.002441	-0.603943
-0.382996	0.511475	0.159607	-0.734863
-0.383911	0.498352	0.321655	-0.848694
-0.383301	0.484924	0.482788	-0.936279
-0.379333	0.471802	0.640564	-0.996399
-0.371704	0.460205	0.787964	-1.030273
-0.358887	0.451355	0.917969	-1.038513
-0.340271	0.445251	1.026917	-1.023865
-0.319824	0.441284	1.115417	-0.986023
-0.296936	0.438843	1.186523	-0.921631
-0.272827	0.437317	1.241150	-0.836487
-0.248108	0.433655	1.280518	-0.738220
-0.223389	0.424805	1.304016	-0.632629
