2020/1/9 9:22:31 40us
CH1			CH2			CH3			CH4
-0.007019	0.000610	0.009766	-0.006409
-0.006714	0.000610	0.010071	-0.006409
-0.007019	0.000305	0.009766	-0.006714
-0.006714	0.000305	0.009766	-0.006409
-0.006409	0.000916	0.009766	-0.006409
-0.006409	0.000916	0.009766	-0.006409
-0.006714	0.000610	0.009766	-0.006714
-0.006409	0.000916	0.010071	-0.007019
-0.006714	0.000610	0.009766	-0.007019
-0.006409	0.000916	0.010071	-0.006409
-0.006409	0.000916	0.010071	-0.007019
-0.006714	0.000916	0.010071	-0.006409
-0.006409	0.001221	0.010071	-0.006409
-0.006409	0.001221	0.010376	-0.006409
-0.006409	0.000916	0.009766	-0.006409
-0.006409	0.001831	0.010376	-0.006104
-0.006714	0.001221	0.010376	-0.006409
-0.006714	0.001221	0.009766	-0.006409
-0.006714	0.001221	0.010071	-0.006104
-0.006714	0.001526	0.009766	-0.006409
-0.006409	0.001526	0.009766	-0.006409
-0.007019	0.001526	0.010071	-0.006104
-0.006714	0.001221	0.009766	-0.006104
-0.006409	0.001526	0.009766	-0.005798
-0.006714	0.001526	0.010071	-0.006409
-0.006409	0.001526	0.010071	-0.006104
-0.006714	0.001831	0.010376	-0.006104
-0.006714	0.001221	0.009766	-0.006104
-0.006409	0.001526	0.009766	-0.006104
-0.006714	0.001526	0.010071	-0.006104
-0.006714	0.001526	0.010376	-0.006104
-0.006714	0.001831	0.010376	-0.006409
-0.006409	0.001831	0.009766	-0.005798
-0.006409	0.001831	0.010071	-0.006409
-0.006409	0.001526	0.010071	-0.006104
-0.006409	0.001526	0.010071	-0.006409
-0.006714	0.002136	0.010071	-0.006104
-0.006409	0.001526	0.010376	-0.006104
-0.006104	0.001831	0.009766	-0.006104
-0.006714	0.002136	0.010071	-0.006714
-0.008240	0.003052	0.010071	-0.006714
-0.034790	0.022888	0.010681	-0.007324
-0.075684	-0.018311	0.009766	-0.007935
-0.049438	-0.165405	0.010071	-0.007629
0.162354	-0.161743	0.009460	-0.004883
0.390625	-0.006714	0.000305	-0.008850
0.570679	0.230103	0.035706	0.016174
0.559998	0.536499	0.003357	-0.037231
0.521240	0.721130	-0.022278	-0.025940
0.536194	0.877075	-0.017090	-0.022888
0.546265	1.037292	0.021362	0.042725
0.493774	1.252747	0.057373	0.126343
0.382996	1.402588	0.200806	0.227966
0.192566	1.516113	0.264282	0.185242
0.005493	1.598206	0.173950	0.040588
-0.187988	1.546326	-0.023499	-0.160522
-0.383301	1.445618	-0.189819	-0.395203
-0.583191	1.258545	-0.366821	-0.539856
-0.763550	1.036377	-0.435181	-0.609741
-0.894165	0.830994	-0.428162	-0.578308
-0.980225	0.619202	-0.450745	-0.463867
-1.010437	0.362549	-0.530701	-0.313110
-1.054382	0.008240	-0.562439	-0.182800
-1.088257	-0.358276	-0.524597	-0.068665
-1.084595	-0.731506	-0.388794	0.051575
-1.072388	-1.046753	-0.181580	0.119629
-1.020508	-1.331787	-0.031738	0.187073
-0.921631	-1.608582	0.105591	0.248718
-0.838623	-1.838989	0.242920	0.288086
-0.743103	-2.077026	0.391541	0.330505
-0.627136	-2.340088	0.536804	0.352478
-0.526428	-2.555847	0.690002	0.426025
-0.422058	-2.678833	0.769958	0.564575
-0.312805	-2.777710	0.799866	0.676270
-0.168762	-2.811584	0.778503	0.709229
-0.036316	-2.738953	0.628967	0.664063
0.128784	-2.584229	0.452271	0.547791
0.221252	-2.398071	0.366516	0.548401
0.314026	-2.179871	0.373535	0.633545
0.413513	-1.941833	0.486755	0.720215
0.492554	-1.683655	0.693359	0.768433
0.561829	-1.437073	0.950317	0.819092
0.607605	-1.162415	1.232605	0.879517
0.630188	-0.856018	1.524353	0.956726
0.690308	-0.519714	1.741943	1.069641
0.746155	-0.189209	1.958923	1.194763
0.762634	0.097656	2.120361	1.298218
0.764465	0.309448	2.204285	1.426086
0.740967	0.453186	2.158508	1.466675
0.713806	0.502930	1.941528	1.415710
0.650330	0.496826	1.635437	1.296692
0.588684	0.503540	1.320496	1.116943
0.487061	0.517273	1.045532	0.958557
0.357361	0.530701	0.735779	0.839539
0.188904	0.470276	0.384216	0.684814
0.009460	0.357971	0.007019	0.471191
-0.180969	0.221863	-0.393677	0.224609
-0.357666	0.119019	-0.758057	-0.160522
-0.498962	0.029602	-1.091309	-0.597229
-0.599060	-0.073547	-1.472473	-1.066284
-0.645752	-0.147095	-1.857910	-1.524963
-0.614929	-0.243225	-2.217102	-1.933899
-0.589905	-0.335999	-2.550354	-2.296143
-0.561523	-0.439758	-2.805786	-2.635803
-0.469971	-0.578308	-2.970886	-2.933044
-0.350952	-0.680237	-3.092041	-3.112793
-0.237732	-0.744019	-3.143921	-3.193665
-0.128174	-0.794983	-3.157043	-3.146667
-0.101013	-0.830688	-3.078613	-3.030701
-0.102539	-0.856018	-2.885437	-2.898560
-0.043640	-0.845337	-2.596130	-2.756653
0.066528	-0.758362	-2.221680	-2.546387
0.194092	-0.625610	-1.845703	-2.260132
0.335083	-0.452271	-1.481323	-1.948242
0.469971	-0.216980	-1.107178	-1.620789
0.599365	0.049744	-0.679321	-1.288757
0.740051	0.300293	-0.246887	-0.935059
0.849304	0.527344	0.187073	-0.548401
0.956726	0.758057	0.591736	-0.170898
1.049805	1.032715	0.946655	0.199890
1.114807	1.373291	1.246338	0.522156
1.135559	1.732178	1.526184	0.789490
1.096497	2.035522	1.774902	1.013794
0.997925	2.317505	1.968994	1.183167
0.886841	2.574158	2.125854	1.323547
0.756226	2.825928	2.248230	1.425781
0.595398	3.071289	2.305908	1.503601
0.433960	3.270569	2.331848	1.540833
0.276184	3.413086	2.237854	1.553345
0.100708	3.475647	2.041321	1.562195
-0.096436	3.413391	1.764832	1.531982
-0.303650	3.247681	1.443176	1.457825
-0.513611	2.984619	1.097107	1.367493
-0.698853	2.635193	0.741272	1.261597
-0.827942	2.194519	0.393677	1.139221
-0.937500	1.666260	0.072632	1.021729
-1.051636	1.078796	-0.179443	0.867004
-1.170349	0.451355	-0.367126	0.700684
-1.254578	-0.158081	-0.501709	0.532532
-1.302795	-0.751343	-0.601501	0.365295
-1.328430	-1.306152	-0.682983	0.190735
-1.330872	-1.774292	-0.759888	0.006409
-1.296692	-2.131958	-0.833740	-0.174866
-1.228638	-2.399292	-0.906677	-0.322571
-1.129761	-2.593689	-1.005859	-0.413208
-0.997620	-2.757568	-1.129150	-0.452271
-0.836792	-2.897949	-1.225281	-0.406799
-0.655823	-2.986450	-1.267395	-0.271301
-0.465393	-3.008118	-1.242676	-0.091858
-0.269165	-2.968140	-1.175842	0.082703
-0.075989	-2.936096	-1.110535	0.233459
0.116882	-2.962646	-1.020203	0.387878
0.290833	-2.970581	-0.860596	0.529785
0.410461	-2.909241	-0.639648	0.642090
0.478821	-2.816467	-0.367126	0.739746
0.525513	-2.730103	-0.068665	0.816345
0.557556	-2.613831	0.258789	0.897522
0.585632	-2.456970	0.603027	0.972290
0.612488	-2.262573	0.922852	1.018066
0.606689	-2.025452	1.182861	1.051025
0.574951	-1.788330	1.399841	1.101685
0.524597	-1.548157	1.608276	1.186523
0.484619	-1.309509	1.773071	1.328125
0.453491	-1.076355	1.839905	1.460266
0.403442	-0.835266	1.800842	1.481323
0.323792	-0.545959	1.667175	1.417542
0.249329	-0.221252	1.456909	1.316223
0.191345	0.100403	1.223145	1.177673
0.146484	0.421143	0.947876	0.968628
0.120544	0.709534	0.673523	0.704651
0.094604	0.950623	0.404663	0.409241
0.051575	1.174011	0.141907	0.077515
0.011597	1.386414	-0.098267	-0.254211
-0.009766	1.569214	-0.340881	-0.594788
-0.019226	1.711121	-0.577698	-0.912170
-0.022888	1.819458	-0.783997	-1.188965
-0.021667	1.899109	-0.942383	-1.473999
-0.039978	1.957703	-1.067505	-1.732483
-0.047913	1.997070	-1.174927	-1.938782
-0.051880	2.016602	-1.240234	-2.091064
-0.058289	2.030640	-1.264343	-2.186890
-0.072937	2.036438	-1.243591	-2.243652
-0.097046	2.012939	-1.185608	-2.275391
-0.119019	1.967163	-1.095886	-2.295227
-0.144348	1.884766	-0.980835	-2.325134
-0.154724	1.733398	-0.853271	-2.354736
-0.144043	1.539917	-0.749512	-2.378540
-0.133667	1.314697	-0.692749	-2.416687
-0.104065	1.066895	-0.672913	-2.465515
-0.041809	0.810852	-0.686340	-2.470398
0.040588	0.549316	-0.748596	-2.420959
0.138550	0.277405	-0.846558	-2.331543
0.242004	0.014954	-0.955505	-2.233276
0.351563	-0.194397	-1.077576	-2.126465
0.481567	-0.351563	-1.188965	-1.996155
0.599365	-0.465393	-1.280823	-1.835632
0.679016	-0.540466	-1.368408	-1.647034
0.710754	-0.568237	-1.431274	-1.440430
0.696716	-0.531006	-1.457520	-1.217957
0.646973	-0.441895	-1.417847	-0.981750
0.584412	-0.323181	-1.325378	-0.744324
0.516663	-0.191956	-1.208801	-0.512695
0.452271	-0.025024	-1.074219	-0.264282
0.393677	0.185852	-0.934753	0.003357
0.325928	0.422974	-0.775146	0.269775
0.256958	0.646057	-0.599976	0.542297
0.198364	0.809631	-0.405579	0.808716
0.141602	0.919495	-0.212097	1.075745
0.099487	1.006775	-0.021057	1.340027
0.068665	1.081543	0.175476	1.583862
0.019836	1.144104	0.363770	1.805115
-0.042114	1.207886	0.545654	2.000122
-0.092468	1.281738	0.717773	2.180176
-0.123291	1.379700	0.879517	2.352905
-0.148010	1.497803	1.020508	2.503967
-0.170593	1.604004	1.139832	2.601013
-0.191650	1.693420	1.236267	2.641602
-0.205994	1.774902	1.298828	2.637939
-0.189209	1.827087	1.314087	2.576294
-0.169067	1.830444	1.269226	2.461243
-0.169373	1.774902	1.168518	2.288208
-0.190735	1.662903	1.037292	2.061462
-0.226440	1.494446	0.903625	1.802063
-0.267944	1.260071	0.773315	1.528625
-0.310669	0.943909	0.644531	1.237183
-0.349426	0.561829	0.518188	0.917358
-0.391235	0.149841	0.405273	0.586853
-0.439758	-0.270996	0.325623	0.256653
-0.486450	-0.686035	0.267639	-0.079041
-0.532837	-1.092834	0.226746	-0.394287
-0.561218	-1.505432	0.201111	-0.655212
-0.574646	-1.895752	0.189819	-0.849304
-0.578003	-2.239685	0.201111	-0.991516
-0.566711	-2.535706	0.235291	-1.099243
-0.532837	-2.786560	0.299683	-1.147461
-0.489502	-3.013306	0.380249	-1.115723
-0.428772	-3.235779	0.474548	-1.015625
-0.362244	-3.395996	0.587158	-0.852661
-0.302429	-3.431396	0.703430	-0.644531
-0.233154	-3.356628	0.827637	-0.427246
-0.152283	-3.194275	0.956116	-0.219116
-0.067749	-2.929993	1.072083	-0.038452
0.011597	-2.565613	1.170044	0.105896
0.090942	-2.125244	1.251221	0.221558
0.156860	-1.630859	1.300659	0.329285
0.214233	-1.091003	1.330566	0.430908
0.286255	-0.527039	1.348877	0.517578
0.357971	0.046997	1.345215	0.594177
0.424805	0.605774	1.324768	0.664368
0.484009	1.130676	1.282043	0.719604
0.528870	1.621399	1.216736	0.786743
0.562134	2.051697	1.121521	0.892944
0.576172	2.401733	0.997620	1.012573
0.569153	2.665405	0.852966	1.078796
0.548096	2.851257	0.718689	1.082153
0.504456	2.952881	0.583496	1.045837
0.438232	2.955627	0.437012	0.957031
0.365601	2.877808	0.280151	0.813293
0.280151	2.724915	0.136414	0.653076
0.195618	2.524109	0.022888	0.505981
0.114136	2.261353	-0.075378	0.335999
0.028687	1.939087	-0.177612	0.121460
-0.050964	1.588745	-0.302734	-0.116882
-0.108032	1.215820	-0.454712	-0.367126
-0.134277	0.823975	-0.624084	-0.615234
-0.153503	0.445557	-0.814514	-0.847473
-0.164185	0.093689	-1.012573	-1.074219
-0.154114	-0.231018	-1.217651	-1.293640
-0.123291	-0.494690	-1.448669	-1.499023
-0.061035	-0.722961	-1.705017	-1.695251
0.023499	-0.927734	-1.968994	-1.894531
0.117493	-1.086121	-2.224121	-2.071533
0.196838	-1.180115	-2.448425	-2.196655
0.265808	-1.213074	-2.603455	-2.274170
0.328674	-1.199951	-2.679443	-2.302856
0.386353	-1.144714	-2.694397	-2.259521
0.437317	-1.100159	-2.662964	-2.135010
0.470886	-1.099243	-2.575073	-1.960144
0.484924	-1.069946	-2.430115	-1.746826
0.496521	-0.978088	-2.211914	-1.490173
0.510864	-0.861511	-1.932678	-1.191101
0.513000	-0.730286	-1.621399	-0.870972
0.490723	-0.538330	-1.279297	-0.549927
0.437622	-0.277100	-0.897522	-0.230713
0.380249	0.022583	-0.503845	0.078430
0.296631	0.350342	-0.143433	0.367432
0.185242	0.704651	0.183105	0.626221
0.073853	1.054077	0.491943	0.856018
-0.041504	1.371765	0.786133	1.057129
-0.162964	1.646423	1.040955	1.202393
-0.274963	1.868286	1.235352	1.257629
-0.357971	2.045593	1.355286	1.264343
-0.405273	2.185364	1.387329	1.286316
-0.427856	2.261047	1.359863	1.310425
-0.418701	2.281189	1.298218	1.255188
-0.388184	2.279358	1.215820	1.143188
-0.350952	2.227478	1.102600	1.024475
-0.319519	2.120667	0.973206	0.877075
-0.301514	1.989136	0.840149	0.699158
-0.292053	1.826782	0.727844	0.536804
-0.285950	1.649780	0.667419	0.374756
-0.281982	1.443481	0.648193	0.218811
-0.288086	1.183472	0.663757	0.063171
-0.307312	0.861816	0.708923	-0.070801
-0.321045	0.498047	0.782776	-0.149841
-0.347290	0.119934	0.885315	-0.172424
-0.383301	-0.233765	0.997009	-0.177917
-0.406494	-0.570068	1.087341	-0.177307
-0.408936	-0.907593	1.123657	-0.140686
-0.397949	-1.225281	1.116943	-0.078430
-0.381165	-1.540527	1.076050	-0.006409
-0.357971	-1.867371	1.021423	0.087891
-0.321960	-2.194519	0.960083	0.220337
-0.300598	-2.492065	0.878906	0.378418
-0.266724	-2.726135	0.778809	0.535583
-0.219727	-2.907410	0.680847	0.700378
-0.161133	-3.068848	0.581055	0.874329
-0.101624	-3.185730	0.488586	1.043701
-0.048828	-3.218079	0.415955	1.170349
0.019226	-3.175659	0.338745	1.281128
0.103149	-3.075867	0.257568	1.396790
0.181580	-2.925415	0.184021	1.488037
0.232239	-2.713928	0.124207	1.542053
0.254211	-2.448120	0.081787	1.551819
0.268555	-2.142029	0.022278	1.541138
0.267944	-1.812439	-0.042725	1.514893
0.256653	-1.464233	-0.091553	1.461182
0.234680	-1.127625	-0.101624	1.375122
0.195923	-0.814514	-0.084839	1.275940
0.146790	-0.510559	-0.057373	1.139221
0.085754	-0.216675	-0.023804	0.964050
0.023804	0.048218	-0.000305	0.807190
-0.023193	0.281677	0.032349	0.683594
-0.061035	0.495300	0.088806	0.564575
-0.079041	0.719910	0.175171	0.437317
-0.079041	0.938416	0.269775	0.316162
-0.065918	1.116638	0.345459	0.220947
-0.028076	1.263733	0.405579	0.154724
0.017395	1.392212	0.462036	0.112000
0.072632	1.514587	0.522156	0.083618
0.137024	1.643677	0.577087	0.049133
0.197754	1.785278	0.646973	-0.010071
0.252686	1.910400	0.726013	-0.086365
0.296936	1.972351	0.787659	-0.167847
0.322571	1.968689	0.823059	-0.265808
0.307617	1.948547	0.829468	-0.379944
0.274048	1.943054	0.805664	-0.520020
0.238342	1.933594	0.740356	-0.675964
0.215149	1.909485	0.633240	-0.841980
0.205994	1.856079	0.506287	-1.013489
0.196228	1.763306	0.376892	-1.195984
0.197144	1.629639	0.225525	-1.370850
0.185242	1.457214	0.035095	-1.521912
0.151367	1.258240	-0.189209	-1.651306
0.112915	1.044312	-0.438538	-1.748962
0.079346	0.812988	-0.694580	-1.797791
0.043945	0.578613	-0.946350	-1.805725
-0.003052	0.356750	-1.171570	-1.801147
-0.047302	0.156250	-1.366882	-1.771545
-0.091858	-0.015869	-1.528625	-1.693726
-0.131836	-0.165100	-1.645508	-1.572571
-0.163879	-0.274048	-1.723633	-1.433716
-0.191345	-0.340576	-1.755371	-1.291809
-0.232239	-0.376892	-1.747131	-1.147156
-0.274353	-0.376587	-1.709595	-1.003723
-0.309448	-0.346680	-1.640625	-0.844116
-0.330505	-0.292358	-1.537476	-0.670776
-0.341187	-0.205994	-1.417542	-0.495605
-0.346069	-0.092773	-1.281738	-0.327759
-0.335999	0.035706	-1.140747	-0.170593
-0.316467	0.168152	-1.014404	-0.002747
-0.284424	0.299988	-0.888367	0.174255
-0.237122	0.430908	-0.741272	0.343018
-0.184326	0.569153	-0.574036	0.497131
-0.114136	0.703430	-0.385742	0.626221
-0.019836	0.825806	-0.183716	0.734863
0.078125	0.930786	0.021973	0.838013
0.162659	0.997925	0.231018	0.943298
0.239868	1.026306	0.438232	1.038513
0.301819	1.017761	0.640869	1.121826
0.338135	0.983887	0.840149	1.190796
0.362244	0.925598	1.039124	1.255493
0.379333	0.839844	1.222534	1.323242
0.382690	0.715942	1.375122	1.383667
0.363159	0.561829	1.490479	1.407166
0.315247	0.387268	1.566162	1.377869
0.239258	0.198059	1.598206	1.300964
0.151672	-0.019226	1.585083	1.194458
0.055237	-0.290222	1.529846	1.060486
-0.052185	-0.597839	1.453247	0.893860
-0.173340	-0.920105	1.362000	0.696411
-0.294495	-1.246948	1.250610	0.477600
-0.403442	-1.565552	1.118469	0.263672
-0.492554	-1.863403	0.957336	0.063477
-0.557861	-2.131042	0.764771	-0.119324
-0.596619	-2.368469	0.550537	-0.268250
-0.619202	-2.571411	0.331116	-0.390930
-0.625916	-2.744446	0.121460	-0.491638
-0.612793	-2.901306	-0.063782	-0.570068
-0.578003	-3.058472	-0.222473	-0.622253
-0.535278	-3.171997	-0.353699	-0.637207
-0.493774	-3.205566	-0.448914	-0.618896
-0.465393	-3.176270	-0.490417	-0.573425
-0.453186	-3.085327	-0.492249	-0.500183
-0.442505	-2.910767	-0.460815	-0.404968
-0.424500	-2.654419	-0.373230	-0.292969
-0.397339	-2.329712	-0.246582	-0.181580
-0.368652	-1.955566	-0.115662	-0.085754
-0.332031	-1.550293	0.031738	-0.008545
-0.279236	-1.129456	0.202637	0.049133
-0.216370	-0.714722	0.379944	0.103760
-0.149841	-0.314941	0.543823	0.149536
-0.085754	0.075684	0.681152	0.165710
-0.021057	0.456543	0.791321	0.173950
0.055542	0.822449	0.871582	0.192871
0.147095	1.164856	0.935059	0.226135
0.234375	1.455688	0.991211	0.253296
0.312805	1.710205	1.040039	0.277710
0.374756	1.914063	1.070251	0.308228
0.424500	2.073669	1.076355	0.331116
0.464478	2.201538	1.058350	0.329895
0.502014	2.270813	1.019592	0.306091
0.539246	2.281189	0.956116	0.265503
0.557556	2.252197	0.875854	0.201111
0.549316	2.192688	0.784302	0.114746
0.524597	2.084961	0.675354	0.019836
0.497437	1.921692	0.534363	-0.076599
0.462036	1.715698	0.372620	-0.173035
0.410767	1.488647	0.214844	-0.269470
0.359192	1.238708	0.046997	-0.367432
0.305481	0.976868	-0.156860	-0.472107
0.255432	0.715942	-0.381165	-0.582886
0.219116	0.469055	-0.597229	-0.691833
0.194397	0.240479	-0.810242	-0.779724
0.183411	0.037231	-1.034241	-0.850830
0.173950	-0.124512	-1.250916	-0.918884
0.159912	-0.234985	-1.461182	-0.963745
0.148926	-0.301514	-1.670227	-0.945129
0.157776	-0.337830	-1.862488	-0.859070
0.177307	-0.343018	-2.023010	-0.733643
0.190125	-0.314026	-2.151184	-0.590820
0.200195	-0.261536	-2.255859	-0.439148
0.208435	-0.191040	-2.321472	-0.288391
0.202332	-0.097351	-2.340088	-0.141602
0.185547	-0.006409	-2.307434	-0.021973
0.169983	0.078125	-2.214966	0.055847
0.147095	0.160522	-2.066345	0.101624
0.107422	0.249329	-1.856689	0.121460
0.065613	0.345459	-1.598511	0.122070
0.030212	0.443726	-1.316223	0.101929
-0.021973	0.535583	-1.007996	0.070801
-0.078430	0.625000	-0.692139	0.032043
-0.124207	0.712280	-0.377502	-0.015259
-0.172119	0.786133	-0.092773	-0.067444
-0.215149	0.827026	0.151672	-0.122986
-0.243530	0.828857	0.375671	-0.179138
-0.249634	0.797119	0.573425	-0.233765
-0.241394	0.747986	0.734863	-0.280151
-0.223694	0.691528	0.866394	-0.311584
-0.199585	0.621338	0.959778	-0.327759
-0.171814	0.547180	1.014709	-0.324097
-0.137329	0.480957	1.035156	-0.299377
-0.103455	0.424194	1.036987	-0.263062
-0.079956	0.366821	1.030579	-0.235291
-0.062561	0.305176	1.015320	-0.211487
-0.041199	0.231018	1.009216	-0.181885
-0.024719	0.142212	1.021729	-0.145264
-0.027771	0.049744	1.035156	-0.110779
-0.039978	-0.048218	1.038513	-0.080261
-0.058289	-0.149536	1.032104	-0.047913
-0.080566	-0.254517	1.020203	-0.001221
-0.103455	-0.363464	1.001282	0.065308
-0.129395	-0.476379	0.976868	0.147400
-0.159912	-0.582581	0.936890	0.249939
-0.191345	-0.679626	0.878601	0.361328
-0.218811	-0.768433	0.804749	0.469971
-0.247192	-0.856628	0.709839	0.578308
-0.270081	-0.954895	0.606384	0.683594
-0.284424	-1.050720	0.494995	0.780029
-0.290527	-1.144409	0.377197	0.856323
-0.288086	-1.233521	0.254822	0.899353
-0.275574	-1.327515	0.130920	0.917358
-0.263367	-1.434631	0.007324	0.918274
-0.249329	-1.544495	-0.118408	0.891724
-0.234070	-1.643372	-0.248108	0.837402
-0.222778	-1.720581	-0.386658	0.754089
-0.216980	-1.766663	-0.524597	0.633240
-0.210571	-1.778564	-0.656433	0.476685
-0.206909	-1.762085	-0.782166	0.305481
-0.211182	-1.704712	-0.895691	0.124817
-0.217590	-1.608582	-0.997925	-0.068970
-0.222473	-1.482544	-1.088867	-0.271912
-0.224915	-1.332703	-1.151733	-0.465393
-0.216064	-1.178284	-1.170959	-0.632629
-0.189514	-1.029053	-1.143494	-0.762024
-0.152283	-0.890198	-1.072693	-0.858459
-0.104065	-0.768738	-0.976868	-0.936584
-0.041199	-0.655212	-0.863342	-0.991821
0.031738	-0.538025	-0.740967	-1.005859
0.114441	-0.420837	-0.616455	-0.976563
0.210876	-0.310059	-0.481262	-0.914612
0.313110	-0.193787	-0.340576	-0.821838
0.411377	-0.062561	-0.194702	-0.701599
0.499573	0.078735	-0.039673	-0.565186
0.570068	0.224609	0.123291	-0.423889
0.628052	0.369263	0.281982	-0.271301
0.668335	0.512390	0.424500	-0.119934
0.689697	0.666504	0.547791	0.015869
0.686035	0.834961	0.647583	0.134277
0.655823	1.013489	0.711060	0.224304
0.610962	1.193848	0.732727	0.277710
0.554504	1.365967	0.714111	0.292053
0.490723	1.528320	0.658569	0.264893
0.427551	1.670227	0.572510	0.195923
0.366211	1.787415	0.450439	0.089722
0.308533	1.873474	0.295410	-0.041199
0.254211	1.928711	0.112000	-0.190430
0.203857	1.936951	-0.090942	-0.351257
0.154724	1.900635	-0.299988	-0.511169
0.101318	1.817932	-0.509033	-0.671082
0.043945	1.697998	-0.705261	-0.826721
-0.020142	1.553650	-0.881653	-0.964355
-0.086975	1.399841	-1.035767	-1.082458
-0.151672	1.235962	-1.172180	-1.189270
-0.216064	1.067505	-1.282959	-1.286316
-0.277710	0.891724	-1.363831	-1.370850
-0.330505	0.715942	-1.408386	-1.436157
-0.368652	0.556946	-1.412659	-1.478271
-0.399170	0.416260	-1.380615	-1.498718
-0.422363	0.291443	-1.309204	-1.495056
-0.437927	0.181274	-1.198730	-1.461792
-0.442505	0.085754	-1.056213	-1.397400
-0.428772	0.007019	-0.895996	-1.307678
-0.396118	-0.049744	-0.716553	-1.199951
-0.343933	-0.081482	-0.514526	-1.068115
-0.272522	-0.084839	-0.295715	-0.909729
-0.184937	-0.057678	-0.067444	-0.731506
-0.086060	-0.007324	0.169983	-0.532227
0.011292	0.060730	0.395508	-0.321045
0.113831	0.144348	0.608826	-0.093079
0.216064	0.238953	0.804138	0.152283
0.308533	0.337219	0.977783	0.411377
0.387878	0.419312	1.123962	0.667114
0.456543	0.475159	1.233826	0.911560
0.510559	0.514221	1.305847	1.141357
0.536499	0.541687	1.344299	1.351013
0.530396	0.555115	1.349182	1.540527
0.496826	0.545044	1.333618	1.701050
0.441895	0.508118	1.301575	1.828613
0.368652	0.448608	1.252136	1.916199
0.277405	0.364990	1.190796	1.961670
0.166626	0.250549	1.119385	1.968994
0.043335	0.102844	1.034546	1.936035
-0.083618	-0.078430	0.941467	1.861877
-0.200195	-0.277710	0.844116	1.753540
-0.307617	-0.479736	0.735168	1.628723
-0.408020	-0.683594	0.615234	1.498413
-0.494995	-0.886230	0.482178	1.368713
-0.563354	-1.081848	0.335083	1.241760
-0.611572	-1.261597	0.179138	1.124878
-0.639954	-1.428223	0.022888	1.021423
-0.649414	-1.573486	-0.135803	0.927734
-0.646057	-1.694031	-0.292053	0.839844
-0.631714	-1.793213	-0.429077	0.757446
-0.609436	-1.863403	-0.540161	0.671997
-0.579834	-1.902771	-0.629578	0.577393
-0.552368	-1.911011	-0.690308	0.473328
-0.524292	-1.882019	-0.709229	0.359802
-0.494080	-1.812744	-0.684509	0.235901
-0.460205	-1.708374	-0.623474	0.104065
-0.422058	-1.576538	-0.529785	-0.037231
-0.383911	-1.422729	-0.405579	-0.186462
-0.346375	-1.250305	-0.249023	-0.338440
-0.305786	-1.069946	-0.067139	-0.482178
-0.252991	-0.887756	0.130615	-0.611267
-0.187988	-0.702820	0.325623	-0.721741
-0.121460	-0.517883	0.503235	-0.811768
-0.056152	-0.338440	0.667419	-0.880737
0.010376	-0.169983	0.818481	-0.924683
0.071716	-0.020752	0.933838	-0.942383
0.126648	0.116882	1.009827	-0.937805
0.177307	0.243530	1.047363	-0.908813
0.221252	0.357971	1.045837	-0.854492
0.258179	0.451355	1.009521	-0.783691
0.288696	0.518799	0.935364	-0.704346
0.312500	0.566711	0.826721	-0.615540
0.326538	0.600281	0.686340	-0.527344
0.333557	0.619812	0.518494	-0.447998
0.333252	0.623779	0.334167	-0.378418
0.324402	0.615234	0.146484	-0.324402
0.314636	0.604248	-0.035706	-0.291138
0.308228	0.589600	-0.212402	-0.277100
0.298157	0.570679	-0.376587	-0.270386
0.278931	0.549927	-0.518494	-0.257568
0.255127	0.530396	-0.635681	-0.241089
0.231628	0.517578	-0.727234	-0.220947
0.209045	0.513611	-0.793762	-0.191345
0.185547	0.516968	-0.837708	-0.161133
0.166321	0.527344	-0.863342	-0.132446
0.153198	0.535889	-0.874329	-0.107727
0.145264	0.532227	-0.874939	-0.084839
0.146484	0.519409	-0.870667	-0.060425
0.151367	0.498657	-0.862732	-0.036011
0.159302	0.472717	-0.854797	-0.014038
0.172424	0.440674	-0.846863	0.003357
0.190735	0.400696	-0.839539	0.014648
0.205688	0.349731	-0.833435	0.018616
0.207825	0.284729	-0.824890	0.007935
0.195007	0.205994	-0.809631	-0.024414
0.174255	0.116882	-0.783386	-0.079651
0.147705	0.019226	-0.748901	-0.155029
0.114441	-0.082092	-0.708008	-0.245667
0.072021	-0.188599	-0.658569	-0.351563
0.022583	-0.295105	-0.600891	-0.464478
-0.026855	-0.393982	-0.538025	-0.573120
-0.075684	-0.484619	-0.470886	-0.668335
-0.123291	-0.564270	-0.399170	-0.740356
-0.168152	-0.636902	-0.327148	-0.784912
-0.207520	-0.711670	-0.259705	-0.796814
-0.235291	-0.786133	-0.198059	-0.773926
-0.246582	-0.856628	-0.136108	-0.717163
-0.244751	-0.927734	-0.066833	-0.629272
-0.236511	-1.001587	0.007019	-0.510254
-0.220337	-1.073303	0.082703	-0.359497
-0.195007	-1.131897	0.159607	-0.187988
-0.163574	-1.167603	0.237732	-0.000305
-0.132141	-1.178284	0.317078	0.195618
-0.102234	-1.162109	0.398865	0.393372
-0.074158	-1.111450	0.479126	0.589294
-0.048218	-1.013489	0.555725	0.778809
-0.028992	-0.870972	0.633545	0.960388
-0.017395	-0.697327	0.708618	1.130981
-0.014038	-0.501099	0.776978	1.284180
-0.013123	-0.290833	0.838013	1.416626
-0.013428	-0.070496	0.896606	1.530762
-0.017700	0.155334	0.951843	1.627808
-0.025330	0.381165	0.998535	1.706543
-0.034485	0.592041	1.036682	1.763916
-0.043945	0.776367	1.067505	1.796875
-0.054626	0.932617	1.090088	1.804810
-0.068970	1.051025	1.099548	1.785278
-0.086670	1.123047	1.097717	1.737671
-0.109558	1.150208	1.082153	1.659241
-0.136108	1.131897	1.048584	1.551208
-0.164490	1.062317	0.996704	1.414795
-0.196533	0.938721	0.924988	1.255798
-0.231934	0.768433	0.838623	1.080627
-0.266113	0.555115	0.744019	0.887451
-0.298462	0.315857	0.643311	0.687256
-0.330200	0.063782	0.530396	0.481262
-0.361938	-0.192871	0.404663	0.271301
-0.395508	-0.442200	0.274048	0.061646
-0.429077	-0.677490	0.145264	-0.144958
-0.457458	-0.892334	0.019226	-0.339661
-0.475464	-1.076355	-0.105896	-0.519714
-0.477600	-1.223755	-0.229797	-0.679016
-0.459290	-1.334839	-0.346680	-0.811768
-0.423279	-1.410217	-0.446167	-0.912476
-0.368958	-1.453552	-0.525208	-0.979004
-0.295410	-1.467285	-0.586548	-1.012573
-0.205688	-1.452637	-0.631104	-1.013794
-0.102234	-1.406555	-0.658875	-0.972290
0.014038	-1.326599	-0.664063	-0.885010
0.137024	-1.218262	-0.652771	-0.754700
0.257874	-1.085815	-0.636902	-0.588989
0.372009	-0.930786	-0.621948	-0.397339
0.475159	-0.756836	-0.606689	-0.191650
0.560303	-0.569458	-0.588989	0.017395
0.624084	-0.376587	-0.565186	0.223083
0.665894	-0.178223	-0.531311	0.410767
0.682678	0.021973	-0.485840	0.573120
0.678711	0.224915	-0.433044	0.707092
0.660706	0.425110	-0.375671	0.806274
0.627136	0.616150	-0.310974	0.865784
0.578918	0.793152	-0.242310	0.883789
0.519409	0.951233	-0.174561	0.861511
0.453796	1.088867	-0.115051	0.801392
0.383301	1.206055	-0.068359	0.703125
0.311890	1.296387	-0.039368	0.568237
0.242310	1.351318	-0.025635	0.401611
0.177002	1.372681	-0.026245	0.213928
0.118408	1.363220	-0.043640	0.013123
0.068359	1.327820	-0.076904	-0.197144
0.025940	1.270447	-0.129700	-0.412598
-0.009155	1.192627	-0.201416	-0.627441
-0.039368	1.094360	-0.290527	-0.835876
-0.069885	0.976563	-0.390625	-1.038208
-0.102234	0.848694	-0.495300	-1.230469
-0.132141	0.716553	-0.597839	-1.410522
-0.159302	0.577393	-0.690002	-1.572571
-0.180054	0.437317	-0.765991	-1.710205
-0.192871	0.307007	-0.818176	-1.819153
-0.199585	0.191345	-0.843811	-1.903687
-0.202637	0.094910	-0.842285	-1.961365
-0.201721	0.021362	-0.811768	-1.987915
-0.194702	-0.031128	-0.747986	-1.984253
-0.184937	-0.069885	-0.649719	-1.947021
-0.170898	-0.093994	-0.526733	-1.870422
-0.151062	-0.104675	-0.384216	-1.755676
-0.128784	-0.102234	-0.226746	-1.612244
-0.107422	-0.091553	-0.059509	-1.439514
-0.084534	-0.079346	0.105591	-1.238098
-0.061340	-0.067139	0.254822	-1.013489
-0.035095	-0.045776	0.378723	-0.767212
-0.005798	-0.014038	0.475464	-0.504456
0.022888	0.022583	0.546570	-0.232849
0.047913	0.058289	0.589294	0.045776
0.070496	0.091858	0.602417	0.313416
0.089417	0.123596	0.588989	0.568237
0.102539	0.148315	0.546570	0.801697
0.103455	0.163574	0.479736	0.999146
0.093689	0.168457	0.396423	1.163025
0.073242	0.162964	0.307007	1.287537
0.044250	0.149231	0.219116	1.370850
0.010986	0.133057	0.140991	1.411743
-0.027161	0.110474	0.076904	1.414795
-0.066223	0.079346	0.029297	1.391907
-0.105286	0.040283	0.000610	1.351624
-0.141907	-0.006104	-0.007629	1.296387
-0.176392	-0.060425	0.003967	1.221313
-0.208130	-0.124512	0.030823	1.133423
-0.232544	-0.197449	0.070496	1.040649
-0.248413	-0.271301	0.122375	0.949097
-0.251770	-0.345764	0.180969	0.863037
-0.241089	-0.422668	0.241394	0.786743
-0.222168	-0.497131	0.305481	0.722351
-0.201416	-0.564575	0.376282	0.667114
-0.179749	-0.622864	0.445862	0.617981
-0.155640	-0.672607	0.507813	0.572510
-0.129089	-0.714722	0.564880	0.531311
-0.102234	-0.745544	0.617065	0.488281
-0.079041	-0.758667	0.660706	0.439148
-0.057068	-0.750732	0.693359	0.386963
-0.037231	-0.725403	0.711060	0.332642
-0.019836	-0.680847	0.715942	0.268250
-0.005188	-0.625305	0.710144	0.192871
0.007629	-0.560913	0.695190	0.109863
0.015869	-0.485840	0.672607	0.018311
0.017395	-0.403748	0.639648	-0.079346
0.014648	-0.320129	0.592041	-0.177307
0.011902	-0.245361	0.533142	-0.268860
0.008850	-0.180054	0.462952	-0.345459
0.005493	-0.122681	0.382080	-0.407410
0.001221	-0.076599	0.290833	-0.454102
-0.005493	-0.041504	0.191650	-0.481567
-0.010376	-0.010681	0.091553	-0.490112
-0.010071	0.018921	-0.005798	-0.486145
-0.003357	0.045166	-0.099182	-0.473022
0.004883	0.071411	-0.190430	-0.447388
0.018005	0.102844	-0.278015	-0.407410
0.034790	0.143127	-0.355835	-0.358582
0.052490	0.197754	-0.420837	-0.305786
0.071411	0.268555	-0.470581	-0.257263
0.087891	0.353699	-0.502930	-0.219116
0.097961	0.451965	-0.511780	-0.193481
0.102844	0.561218	-0.499878	-0.179443
0.106812	0.679321	-0.466003	-0.179138
0.112915	0.810242	-0.414734	-0.193176
0.124207	0.955200	-0.350647	-0.213013
0.140076	1.114502	-0.272827	-0.234070
0.161438	1.279297	-0.183105	-0.255127
0.189514	1.441345	-0.085449	-0.271606
0.220642	1.594849	0.013428	-0.284729
0.249939	1.732178	0.111389	-0.293579
0.277405	1.846008	0.202332	-0.299683
0.303345	1.932068	0.281372	-0.303345
0.325928	1.974182	0.346375	-0.302734
0.345154	1.967468	0.395203	-0.300598
0.357971	1.916809	0.424805	-0.300903
0.361023	1.831055	0.428772	-0.306396
0.351868	1.711426	0.410156	-0.316772
0.331421	1.565857	0.373230	-0.335388
0.298157	1.397705	0.318604	-0.364990
0.251465	1.208496	0.245056	-0.406189
0.193787	1.005859	0.155029	-0.451965
0.128784	0.787964	0.045776	-0.504456
0.057068	0.561829	-0.082703	-0.560913
-0.018616	0.335693	-0.217590	-0.617371
-0.093994	0.116577	-0.354004	-0.668030
-0.163879	-0.086975	-0.491943	-0.711365
-0.227051	-0.271912	-0.631409	-0.745544
-0.279541	-0.437622	-0.768127	-0.762024
-0.317993	-0.580750	-0.894470	-0.752258
-0.341187	-0.704041	-1.002808	-0.715027
-0.346680	-0.810547	-1.087952	-0.654297
-0.334778	-0.900269	-1.149292	-0.573120
-0.311890	-0.977783	-1.186829	-0.474854
-0.279846	-1.040344	-1.195984	-0.361023
-0.239868	-1.086121	-1.175232	-0.234985
-0.194092	-1.112366	-1.126099	-0.099182
-0.145874	-1.116638	-1.048889	0.041809
-0.093079	-1.098022	-0.946045	0.184631
-0.041809	-1.059570	-0.821228	0.326538
0.005798	-0.999756	-0.675354	0.467224
0.048218	-0.917053	-0.510559	0.599060
0.082092	-0.806885	-0.331421	0.716553
0.105896	-0.668030	-0.142212	0.811157
0.120544	-0.502014	0.051575	0.879517
0.126038	-0.319519	0.247192	0.917358
0.119934	-0.132141	0.438843	0.926208
0.105896	0.049438	0.621948	0.908813
0.089111	0.219421	0.795288	0.867310
0.071106	0.372620	0.955200	0.806274
0.050659	0.503845	1.096497	0.733643
0.025635	0.607910	1.218262	0.648804
0.000305	0.682068	1.315002	0.552368
-0.023804	0.726929	1.383972	0.449219
-0.045166	0.737610	1.420898	0.338440
-0.065308	0.707397	1.425476	0.220032
-0.085754	0.641479	1.396484	0.102539
-0.106812	0.544128	1.332703	-0.009155
-0.130310	0.416870	1.237488	-0.115662
-0.158081	0.266113	1.115417	-0.220032
-0.190125	0.102539	0.978088	-0.320740
-0.221863	-0.065918	0.834961	-0.411682
-0.252686	-0.234680	0.688171	-0.489197
-0.281677	-0.391235	0.538940	-0.553284
-0.305786	-0.528564	0.395813	-0.603027
-0.322266	-0.644226	0.263672	-0.640259
-0.329285	-0.737610	0.143127	-0.661316
-0.327148	-0.808716	0.032349	-0.664368
-0.314331	-0.853882	-0.064087	-0.653687
-0.288696	-0.873718	-0.143738	-0.631104
-0.250549	-0.870056	-0.207825	-0.594177
-0.199890	-0.848694	-0.257874	-0.543823
-0.140076	-0.813904	-0.300903	-0.479431
-0.072632	-0.768738	-0.338440	-0.395203
-0.001526	-0.706177	-0.372009	-0.289917
0.071716	-0.626221	-0.397644	-0.170288
0.143738	-0.527649	-0.414734	-0.045166
0.208740	-0.413208	-0.421753	0.086670
0.263977	-0.289917	-0.422058	0.219421
0.310974	-0.162964	-0.417175	0.342102
0.350342	-0.039673	-0.410767	0.448303
0.380554	0.082703	-0.401001	0.536499
0.400085	0.197754	-0.386658	0.598450
0.406189	0.305481	-0.363159	0.631104
0.401001	0.403748	-0.329285	0.635681
0.387878	0.484619	-0.288086	0.611267
0.366211	0.547791	-0.237427	0.560303
0.335693	0.594177	-0.176697	0.491028
0.296021	0.623169	-0.111084	0.409851
0.251770	0.635986	-0.046692	0.317078
0.209656	0.636902	0.015259	0.211487
0.169067	0.628967	0.070801	0.099182
0.130920	0.611267	0.118103	-0.012512
0.097046	0.587463	0.154114	-0.121155
0.067139	0.563965	0.175171	-0.220032
0.042725	0.546265	0.182800	-0.303650
0.025330	0.531311	0.179138	-0.371094
0.015564	0.517578	0.162964	-0.418396
0.011902	0.505676	0.132751	-0.441895
0.013123	0.492859	0.090942	-0.447083
0.017395	0.475464	0.040588	-0.436401
0.019836	0.458679	-0.014954	-0.412292
0.019226	0.447083	-0.066528	-0.381165
0.015564	0.442810	-0.113525	-0.346375
0.010376	0.447388	-0.152893	-0.313416
0.003052	0.461121	-0.185242	-0.283508
-0.005798	0.478210	-0.207214	-0.254822
-0.016479	0.498657	-0.216675	-0.224609
-0.029907	0.522156	-0.215149	-0.188599
-0.048218	0.548401	-0.201721	-0.147400
-0.069580	0.571594	-0.179443	-0.097656
-0.089722	0.588074	-0.151062	-0.041809
-0.107422	0.592346	-0.120239	0.024719
-0.126953	0.580139	-0.089722	0.096741
-0.147400	0.550537	-0.061646	0.170593
-0.166321	0.501709	-0.041504	0.247498
-0.181885	0.435181	-0.024719	0.322266
-0.192261	0.350342	-0.010071	0.389709
-0.196838	0.248108	0.003357	0.446167
-0.198364	0.134277	0.013428	0.490417
-0.197449	0.014343	0.020752	0.517578
-0.196228	-0.107727	0.026245	0.524597
-0.195618	-0.227051	0.032043	0.510254
-0.196228	-0.339661	0.040283	0.479126
-0.199280	-0.441895	0.052490	0.435486
-0.206604	-0.529785	0.068970	0.382996
-0.218201	-0.598450	0.092163	0.322266
-0.226440	-0.646057	0.123901	0.252991
-0.229187	-0.672607	0.162048	0.179138
-0.227356	-0.677490	0.205383	0.105286
-0.218811	-0.664063	0.252075	0.040588
-0.204773	-0.636597	0.300598	-0.010071
-0.185242	-0.596924	0.348816	-0.044250
-0.161133	-0.549622	0.395203	-0.063477
-0.135803	-0.500183	0.441284	-0.064087
-0.107117	-0.451355	0.484009	-0.044861
-0.075684	-0.408936	0.526428	-0.006409
-0.044250	-0.377808	0.566406	0.051880
-0.014648	-0.361633	0.602112	0.129700
0.012207	-0.361023	0.629272	0.224304
0.035400	-0.373230	0.643921	0.329590
0.054321	-0.390930	0.642700	0.438232
0.068970	-0.411987	0.625305	0.543518
0.078735	-0.434265	0.589600	0.637817
0.081482	-0.458069	0.538940	0.716858
0.072937	-0.483704	0.473022	0.779419
0.055237	-0.508118	0.392761	0.818787
0.029907	-0.533142	0.296631	0.833130
0.002136	-0.557861	0.186157	0.817871
-0.024719	-0.578918	0.068054	0.774536
-0.049438	-0.598755	-0.057678	0.704041
-0.070496	-0.615540	-0.185547	0.611267
-0.089417	-0.630188	-0.309448	0.502014
-0.107422	-0.642090	-0.422974	0.377808
-0.120544	-0.655518	-0.524902	0.244141
-0.128174	-0.670166	-0.618896	0.105896
-0.127869	-0.686340	-0.701904	-0.030823
-0.121155	-0.700684	-0.772400	-0.163269
-0.109253	-0.712891	-0.827637	-0.290527
-0.093994	-0.721130	-0.867004	-0.405273
-0.076599	-0.722046	-0.884399	-0.505371
-0.057068	-0.712891	-0.880127	-0.588989
-0.035095	-0.693054	-0.853271	-0.653381
-0.010986	-0.661011	-0.802917	-0.699158
0.014648	-0.612488	-0.726624	-0.727539
0.039063	-0.545959	-0.622559	-0.742188
0.061646	-0.462036	-0.493164	-0.744324
0.082092	-0.361938	-0.345459	-0.738525
0.100098	-0.244446	-0.185852	-0.727844
0.118103	-0.110168	-0.018616	-0.713501
0.137634	0.040588	0.149841	-0.695190
0.157166	0.205078	0.313110	-0.670471
0.173950	0.377502	0.464478	-0.637512
0.189819	0.551758	0.596619	-0.594177
0.206909	0.720520	0.704651	-0.539246
0.223083	0.877686	0.787354	-0.473938
0.236816	1.018372	0.843201	-0.400696
0.248108	1.141968	0.871582	-0.323792
0.256348	1.243591	0.872498	-0.245056
0.257874	1.319275	0.845947	-0.167847
0.254517	1.364746	0.791321	-0.094299
0.242310	1.380310	0.708618	-0.026245
0.222473	1.365051	0.602722	0.036011
0.196533	1.319275	0.477600	0.089111
0.164795	1.245728	0.341797	0.133667
0.126648	1.140137	0.199585	0.166931
0.083008	1.008911	0.054016	0.187073
0.035400	0.862122	-0.093689	0.194397
-0.014038	0.705261	-0.237122	0.190125
-0.063782	0.540466	-0.373535	0.177612
-0.111694	0.371704	-0.498962	0.160522
-0.156860	0.205383	-0.609131	0.142212
-0.196838	0.047302	-0.700378	0.124512
-0.228882	-0.101013	-0.774231	0.112000
-0.250244	-0.236816	-0.834656	0.108643
-0.257874	-0.355530	-0.877686	0.112000
-0.253296	-0.453796	-0.900269	0.123291
-0.237427	-0.531616	-0.902100	0.144958
-0.211182	-0.591125	-0.885010	0.174561
-0.178223	-0.633240	-0.852051	0.212402
-0.138855	-0.661926	-0.802917	0.261230
-0.094299	-0.680847	-0.736084	0.320435
-0.049133	-0.692444	-0.653381	0.382385
-0.005798	-0.696411	-0.555115	0.443115
0.032349	-0.695190	-0.444031	0.502319
0.063477	-0.686646	-0.323792	0.557556
0.088806	-0.663147	-0.195313	0.606384
0.107422	-0.624390	-0.061340	0.648193
0.119019	-0.569458	0.075073	0.679626
0.122986	-0.495300	0.214233	0.699768
0.118103	-0.406799	0.351563	0.706787
0.102539	-0.308533	0.486450	0.700989
0.081177	-0.208740	0.611267	0.685120
0.057678	-0.119324	0.718994	0.660706
0.028687	-0.038757	0.810242	0.630493
-0.001526	0.029907	0.881348	0.594788
-0.031433	0.085144	0.927429	0.553894
-0.058289	0.129700	0.943909	0.505981
-0.081482	0.164185	0.929871	0.453491
-0.101318	0.182495	0.890198	0.401001
-0.116272	0.184021	0.826416	0.350647
-0.129395	0.172424	0.739746	0.300293
-0.141907	0.149841	0.636902	0.247803
-0.152893	0.117188	0.520325	0.192871
-0.160217	0.075378	0.401611	0.140686
-0.164490	0.026550	0.278320	0.089722
-0.166016	-0.027771	0.158691	0.037842
-0.166321	-0.083008	0.048828	-0.011597
-0.166321	-0.133362	-0.050964	-0.061035
-0.165710	-0.179443	-0.135498	-0.110779
-0.163269	-0.219421	-0.200195	-0.157776
-0.157471	-0.250549	-0.244446	-0.202637
-0.147095	-0.271301	-0.271301	-0.245361
-0.131836	-0.279541	-0.283508	-0.286255
-0.111389	-0.275574	-0.282288	-0.323486
-0.086060	-0.262451	-0.271912	-0.359192
-0.058594	-0.243225	-0.253601	-0.393066
-0.028687	-0.221252	-0.229492	-0.425720
0.003357	-0.203247	-0.202637	-0.454407
0.036011	-0.189514	-0.177002	-0.476685
0.067444	-0.178528	-0.155640	-0.493469
0.098572	-0.170288	-0.140076	-0.506287
0.128784	-0.166016	-0.132446	-0.513611
0.158691	-0.166626	-0.131226	-0.517273
0.187073	-0.171204	-0.139465	-0.518188
0.211487	-0.179443	-0.158081	-0.519714
0.228882	-0.191040	-0.187073	-0.525818
0.239258	-0.202026	-0.222778	-0.538025
0.243835	-0.206909	-0.263367	-0.556946
0.242615	-0.205383	-0.302429	-0.582275
0.235901	-0.195313	-0.335999	-0.612488
0.225220	-0.177002	-0.367737	-0.644226
0.210266	-0.152283	-0.393982	-0.672913
0.191345	-0.122070	-0.415344	-0.694580
0.166931	-0.086365	-0.437317	-0.707092
0.141296	-0.045776	-0.457764	-0.712280
0.118713	-0.005493	-0.473328	-0.708618
0.101624	0.032654	-0.488892	-0.693359
0.086975	0.068665	-0.504761	-0.662537
0.075684	0.102539	-0.520020	-0.615845
0.068359	0.134277	-0.535278	-0.554504
0.066833	0.161133	-0.549011	-0.479736
0.071106	0.186462	-0.561829	-0.392151
0.079346	0.208740	-0.571289	-0.293579
0.089722	0.229797	-0.576782	-0.186157
0.100403	0.252075	-0.578003	-0.072021
0.109863	0.274048	-0.568237	0.041199
0.117798	0.296021	-0.547485	0.149536
0.120544	0.320435	-0.518799	0.249939
0.119934	0.342712	-0.482178	0.337830
0.117798	0.364380	-0.438843	0.405273
0.113525	0.387573	-0.391235	0.449524
0.103455	0.408020	-0.338745	0.469666
0.086365	0.424194	-0.279846	0.465088
0.065613	0.432739	-0.220947	0.437317
0.042725	0.433350	-0.162964	0.387268
0.021057	0.425720	-0.104675	0.321045
0.001526	0.405273	-0.047913	0.242310
-0.023804	0.369568	0.006409	0.154114
-0.051880	0.316162	0.054016	0.064697
-0.080261	0.243530	0.093994	-0.028076
-0.109558	0.156555	0.127869	-0.118408
-0.139465	0.055542	0.157471	-0.206604
-0.167542	-0.057983	0.184937	-0.287170
-0.193176	-0.178528	0.212097	-0.352173
-0.217590	-0.297241	0.236511	-0.405884
-0.236816	-0.411072	0.261230	-0.448914
-0.253906	-0.521240	0.285339	-0.480042
-0.269165	-0.620422	0.310974	-0.497131
-0.281982	-0.702820	0.336304	-0.498657
-0.293274	-0.766296	0.363464	-0.486145
-0.302429	-0.804443	0.392151	-0.460815
-0.305176	-0.818176	0.419617	-0.422974
-0.299988	-0.806885	0.447083	-0.372009
-0.287170	-0.767822	0.476074	-0.307617
-0.266418	-0.704041	0.505981	-0.226135
-0.237427	-0.623169	0.533447	-0.133667
