2020/1/9 9:22:34 40us
CH1			CH2			CH3			CH4
-0.007629	-0.005798	0.007629	-0.007935
-0.007629	-0.005493	0.007324	-0.007324
-0.007629	-0.005188	0.007324	-0.007935
-0.007324	-0.005188	0.007629	-0.007324
-0.007324	-0.005493	0.007629	-0.007019
-0.007324	-0.005188	0.007324	-0.007324
-0.007324	-0.005188	0.007019	-0.007629
-0.007324	-0.005493	0.007324	-0.007629
-0.007629	-0.005493	0.007629	-0.007324
-0.007629	-0.005188	0.007629	-0.007019
-0.007324	-0.005188	0.007629	-0.007629
-0.007629	-0.005188	0.007629	-0.007324
-0.007324	-0.005798	0.007629	-0.007629
-0.007629	-0.005188	0.007629	-0.007629
-0.007629	-0.005188	0.007629	-0.007324
-0.007324	-0.005493	0.007935	-0.007019
-0.007324	-0.005188	0.007324	-0.007629
-0.007629	-0.004883	0.007629	-0.007629
-0.007935	-0.005188	0.007629	-0.007935
-0.007629	-0.005188	0.007629	-0.007324
-0.007935	-0.004883	0.007324	-0.007324
-0.007629	-0.005188	0.007324	-0.007324
-0.007324	-0.004883	0.007324	-0.007629
-0.007629	-0.005188	0.007629	-0.007629
-0.007629	-0.005188	0.007935	-0.007629
-0.007629	-0.005188	0.007324	-0.007629
-0.007629	-0.005188	0.007324	-0.007324
-0.007324	-0.005188	0.007629	-0.007629
-0.007629	-0.004883	0.007935	-0.007019
-0.007324	-0.004883	0.007629	-0.007324
-0.007629	-0.004883	0.007324	-0.007629
-0.007629	-0.004883	0.007629	-0.007629
-0.007324	-0.004883	0.007629	-0.007629
-0.007324	-0.004883	0.007629	-0.007324
-0.007324	-0.004578	0.007935	-0.007324
-0.007324	-0.004883	0.007935	-0.007629
-0.007324	-0.004883	0.007935	-0.007324
-0.007629	-0.004578	0.007935	-0.007629
-0.007935	-0.004272	0.007935	-0.007629
-0.015869	-0.003357	0.007935	-0.007019
0.011292	-0.002441	0.008545	-0.007629
0.305786	0.009155	0.010071	-0.006409
0.678101	-0.018921	0.009155	-0.007324
0.872192	0.111694	0.009460	-0.006714
0.815735	-0.006104	0.007629	-0.021667
0.578613	-0.245056	0.018311	0.026550
0.418396	-0.386353	-0.015869	-0.008850
0.165405	-0.492249	0.044861	-0.102844
-0.200195	-0.340881	0.036011	-0.015869
-0.629883	-0.078125	-0.028992	0.053101
-1.079102	0.144348	-0.051880	0.168762
-1.480713	0.422363	-0.079651	0.296326
-1.859436	0.691528	-0.060120	0.263367
-2.141724	0.949097	0.140686	0.083923
-2.361450	1.281433	0.335083	-0.200500
-2.572021	1.622009	0.480347	-0.588684
-2.616577	1.935730	0.483398	-0.786743
-2.588806	2.250977	0.283203	-0.840149
-2.534485	2.400818	-0.047913	-0.726318
-2.389526	2.406616	-0.345459	-0.440369
-2.211914	2.411804	-0.577698	-0.178528
-2.056580	2.330933	-0.726013	0.032349
-1.736145	2.219238	-0.807495	0.120239
-1.441345	2.012634	-0.867920	0.067139
-1.079407	1.771851	-0.950623	-0.088196
-0.769958	1.484070	-1.008301	-0.272827
-0.423584	1.236572	-0.897522	-0.496521
-0.018616	0.970764	-0.739746	-0.625305
0.409546	0.622253	-0.590210	-0.683899
0.758972	0.334473	-0.414429	-0.664978
0.953369	0.114746	-0.372009	-0.483093
1.098938	-0.183716	-0.316772	-0.294189
1.189575	-0.493164	-0.267639	-0.137939
1.245117	-0.739136	-0.294189	0.260925
1.337280	-1.006775	-0.087585	0.905151
1.440430	-1.311646	0.286865	1.666870
1.603088	-1.624451	0.719910	2.366638
1.701660	-1.876526	1.298828	2.907410
1.722717	-2.071838	1.884460	3.143311
1.648560	-2.195129	2.407837	3.376160
1.542969	-2.251282	2.980347	3.440552
1.426697	-2.306824	3.472900	3.401794
1.327820	-2.339478	3.896790	3.395081
1.240845	-2.442627	4.192810	3.285217
1.217346	-2.608337	4.361267	3.253174
1.235657	-2.717896	4.247437	3.211670
1.214600	-2.868652	3.883362	3.084412
1.169739	-3.025208	3.437500	2.901917
1.099854	-3.090210	2.822571	2.559204
0.992126	-3.097229	2.135925	2.142334
0.823975	-3.020020	1.345825	1.772766
0.618591	-2.825928	0.333862	1.334229
0.374756	-2.504883	-0.690613	0.824280
0.129089	-2.041626	-1.658936	0.265198
-0.098877	-1.456604	-2.510986	-0.354919
-0.333862	-0.779724	-3.206177	-1.044922
-0.592957	-0.158997	-3.790588	-1.717834
-0.797119	0.367432	-4.266052	-2.315063
-0.942078	0.744324	-4.559326	-2.918701
-1.076355	0.935364	-4.669800	-3.509521
-1.113586	0.946045	-4.626160	-4.040527
-1.054993	0.754089	-4.437561	-4.508057
-0.928345	0.398865	-4.127197	-4.842834
-0.791321	0.007019	-3.767395	-5.013733
-0.740662	-0.431213	-3.330994	-5.094604
-0.731812	-0.872498	-2.828979	-5.085144
-0.699463	-1.306458	-2.329712	-5.057068
-0.567932	-1.719055	-1.787720	-5.010376
-0.307312	-2.023010	-1.225586	-4.860229
0.008850	-2.175598	-0.698242	-4.578247
0.349731	-2.186279	-0.170593	-4.217834
0.624084	-2.108459	0.422974	-3.822937
0.867615	-1.944580	1.003113	-3.375244
1.106873	-1.661987	1.581726	-2.884827
1.373291	-1.382446	2.082825	-2.387390
1.608887	-1.204529	2.418518	-1.894226
1.835327	-1.051331	2.676086	-1.383972
2.070313	-0.824890	2.890320	-0.907593
2.230225	-0.481567	3.031616	-0.455933
2.298889	-0.152588	3.142700	-0.054016
2.271423	0.244751	3.182678	0.235291
2.109375	0.884705	3.123779	0.494385
1.820984	1.683350	3.062744	0.622253
1.467285	2.531433	2.986145	0.660095
1.012878	3.367004	2.766724	0.706177
0.518494	4.152222	2.496033	0.765686
0.037537	4.835815	2.236328	0.917053
-0.473022	5.376892	1.966553	1.245117
-0.942993	5.797729	1.704712	1.559143
-1.358337	6.010437	1.404114	1.857300
-1.733704	6.109924	1.015320	2.200012
-2.045898	6.109009	0.586548	2.585449
-2.281189	5.837402	0.136414	2.903137
-2.451172	5.478821	-0.255127	3.076172
-2.528687	5.066223	-0.579224	3.141785
-2.549438	4.469910	-0.891724	3.140259
-2.500916	3.809509	-1.171265	3.031006
-2.420654	3.076172	-1.460571	2.852783
-2.373352	2.284241	-1.697083	2.592468
-2.291870	1.523438	-1.892700	2.243347
-2.141418	0.748596	-2.102966	1.854248
-1.924744	-0.050964	-2.307739	1.469116
-1.643982	-0.859680	-2.521973	1.185608
-1.299744	-1.618958	-2.735901	1.016846
-0.929871	-2.275696	-2.888794	0.935059
-0.551758	-2.778320	-3.042297	0.903320
-0.149841	-3.169556	-3.245544	0.901489
0.259399	-3.495789	-3.502808	0.900269
0.619812	-3.778381	-3.748474	0.872803
0.940857	-4.104004	-3.866577	0.816956
1.202393	-4.428711	-3.731384	0.785828
1.393738	-4.674988	-3.421021	0.792542
1.508789	-5.045471	-3.000793	0.809021
1.584778	-5.505371	-2.438965	0.820313
1.621094	-5.894165	-1.726074	0.863647
1.647644	-6.109314	-0.940247	0.904846
1.627808	-6.318359	-0.089722	0.901184
1.527405	-6.506042	0.737915	0.898132
1.381531	-6.502380	1.488342	1.010437
1.246948	-6.326294	2.194824	1.218567
1.165161	-6.040955	2.749634	1.508484
1.020813	-5.643311	3.089905	1.779480
0.844727	-5.069885	3.311462	2.014160
0.686340	-4.349365	3.474731	2.173157
0.515747	-3.494568	3.570557	2.342529
0.368958	-2.575073	3.520203	2.345581
0.201721	-1.609497	3.332825	2.078247
0.038452	-0.635681	3.000183	1.745300
-0.089722	0.398865	2.613831	1.417847
-0.194702	1.416016	2.221375	0.995178
-0.281067	2.382202	1.806946	0.386047
-0.334473	3.226318	1.405945	-0.278015
-0.423584	3.873596	0.972290	-0.893250
-0.499268	4.418335	0.539246	-1.569519
-0.575256	4.896545	0.147095	-2.296448
-0.625610	5.181580	-0.188293	-2.921753
-0.628357	5.382996	-0.476074	-3.469849
-0.635071	5.532837	-0.672607	-3.990479
-0.671692	5.618591	-0.777283	-4.461975
-0.742493	5.574036	-0.844116	-4.814148
-0.790405	5.362244	-0.837708	-5.072937
-0.864563	5.043945	-0.729370	-5.223999
-0.927429	4.657593	-0.554199	-5.303955
-0.918274	4.174805	-0.419922	-5.322266
-0.867310	3.627014	-0.334167	-5.318909
-0.760803	3.077087	-0.262146	-5.305481
-0.587769	2.419434	-0.175171	-5.249939
-0.332031	1.652222	-0.113525	-5.068359
-0.018921	0.828857	-0.106201	-4.743042
0.255432	0.013428	-0.142212	-4.405212
0.544128	-0.751648	-0.242004	-4.092712
0.859070	-1.476440	-0.417786	-3.724670
1.180115	-2.120972	-0.695190	-3.287659
1.465149	-2.660522	-1.037292	-2.818298
1.672363	-3.119812	-1.457825	-2.340088
1.832886	-3.433533	-1.895752	-1.775513
1.934204	-3.527222	-2.215881	-1.148682
1.985168	-3.618469	-2.421265	-0.513916
1.999512	-3.739014	-2.575989	0.125732
1.903687	-3.648987	-2.678833	0.789490
1.769714	-3.274231	-2.764282	1.463318
1.597595	-2.806396	-2.727356	2.139587
1.379089	-2.225647	-2.615967	2.773132
1.137695	-1.462097	-2.454224	3.328552
0.853882	-0.614319	-2.178345	3.826294
0.571899	0.238647	-1.894836	4.247742
0.254822	1.039124	-1.692200	4.594421
-0.077515	1.753540	-1.482849	4.862671
-0.383606	2.367554	-1.192627	4.991760
-0.716858	2.902832	-0.871887	5.122986
-0.966797	3.320618	-0.603638	5.151062
-1.152344	3.714600	-0.394897	4.968567
-1.317444	4.050903	-0.280151	4.741516
-1.418457	4.259033	-0.245972	4.550781
-1.466064	4.297180	-0.209656	4.295959
-1.468506	4.283142	-0.156555	3.921204
-1.445618	4.263000	-0.112915	3.534546
-1.419983	4.100342	-0.103149	3.153687
-1.346741	3.873291	-0.120239	2.733154
-1.232605	3.596802	-0.150452	2.307434
-1.093750	3.236084	-0.120239	1.914673
-0.941162	2.854919	-0.071411	1.468201
-0.784912	2.478638	-0.032959	0.940552
-0.632324	2.054749	0.046082	0.311584
-0.488892	1.558228	0.162048	-0.301514
-0.331116	0.942383	0.336609	-0.857849
-0.253601	0.225220	0.604553	-1.376953
-0.227051	-0.506592	0.926514	-1.894531
-0.184937	-1.265869	1.238098	-2.373047
-0.133362	-1.953430	1.490479	-2.766724
-0.092468	-2.506104	1.735229	-3.061523
-0.067444	-3.088074	2.004395	-3.250122
-0.028381	-3.709106	2.302246	-3.350525
-0.003052	-4.230957	2.564392	-3.319092
-0.028992	-4.656372	2.764282	-3.208313
-0.054626	-5.107117	2.912292	-3.061829
-0.051880	-5.460510	3.027649	-2.761536
0.028687	-5.549011	3.085938	-2.323303
0.168152	-5.477600	3.137207	-1.840210
0.273132	-5.303955	3.144226	-1.371765
0.334778	-4.927979	3.059998	-0.885620
0.361938	-4.349670	3.012390	-0.319519
0.386963	-3.639832	3.000183	0.278931
0.437622	-2.852783	2.922058	0.819092
0.484924	-2.007446	2.825012	1.251831
0.587158	-1.103516	2.699280	1.572266
0.671082	-0.174866	2.590942	1.791382
0.693665	0.693970	2.474976	1.949158
0.671997	1.469116	2.240906	1.876831
0.598145	2.182617	1.872864	1.691589
0.508728	2.788086	1.416321	1.507568
0.418701	3.287048	0.917664	1.374207
0.262146	3.679199	0.418091	1.213074
0.120239	3.972778	-0.003967	1.011658
-0.035095	4.100037	-0.366516	0.905762
-0.155029	4.048767	-0.692139	0.803223
-0.251770	3.944397	-0.981445	0.644531
-0.328674	3.741150	-1.174011	0.548096
-0.327148	3.451538	-1.259155	0.476074
-0.289307	3.073120	-1.294861	0.361023
-0.219116	2.646179	-1.239319	0.161438
-0.130310	2.212524	-1.153870	-0.087280
-0.005493	1.726990	-1.041565	-0.339355
0.122375	1.173706	-0.945435	-0.537109
0.219421	0.596619	-0.860901	-0.736694
0.332947	0.007324	-0.806580	-0.976257
0.435791	-0.592957	-0.867920	-1.240845
0.494080	-1.068115	-1.053467	-1.549683
0.568542	-1.514282	-1.318970	-1.867981
0.655518	-2.027893	-1.652832	-2.192993
0.778809	-2.543640	-2.037964	-2.404480
0.872498	-2.969971	-2.418213	-2.507935
0.891418	-3.286438	-2.856750	-2.590027
0.853882	-3.499451	-3.298950	-2.588501
0.844421	-3.526306	-3.713379	-2.461243
0.870056	-3.437805	-4.064331	-2.217102
0.876465	-3.443298	-4.287415	-1.918030
0.825195	-3.368225	-4.399109	-1.531677
0.747986	-3.031006	-4.344788	-1.041565
0.670776	-2.607727	-4.053650	-0.522766
0.577698	-2.181091	-3.594971	-0.054932
0.461121	-1.566772	-3.019104	0.393677
0.272522	-0.761414	-2.362061	0.791321
0.062866	0.098267	-1.643982	1.105042
-0.209961	1.011963	-0.998230	1.421814
-0.507813	2.003479	-0.425110	1.666565
-0.760803	2.960205	0.176086	1.839600
-1.027222	3.895874	0.777588	2.013550
-1.293640	4.768372	1.277771	2.144775
-1.523743	5.519409	1.617737	2.101440
-1.699524	6.148987	1.762695	1.951294
-1.802979	6.579590	1.737366	1.851807
-1.811829	6.807251	1.688843	1.773987
-1.749878	6.896057	1.639709	1.489868
-1.601563	6.907959	1.650696	1.119690
-1.376038	6.753235	1.644592	0.818787
-1.130676	6.453857	1.579895	0.491333
-0.861511	6.211243	1.497803	0.161133
-0.590820	5.903931	1.479187	-0.073853
-0.334167	5.524902	1.525574	-0.240479
-0.095215	5.047607	1.625671	-0.413208
0.133972	4.436340	1.812744	-0.603333
0.313416	3.747864	2.044983	-0.713196
0.495300	3.003235	2.266235	-0.762939
0.605774	2.148743	2.453003	-0.831604
0.566711	1.246033	2.624207	-0.911865
0.480347	0.318909	2.709656	-0.971985
0.397949	-0.661011	2.661743	-0.948486
0.286865	-1.601257	2.521973	-0.908813
0.175476	-2.546997	2.326965	-0.889282
0.072021	-3.570251	2.083740	-0.854187
0.032349	-4.621887	1.813354	-0.772095
-0.001526	-5.532532	1.479492	-0.608521
-0.032043	-6.343689	1.088257	-0.376587
-0.008850	-7.023926	0.711670	-0.048828
0.064087	-7.575684	0.366821	0.388489
0.200500	-8.213806	0.076904	0.890503
0.344238	-8.765259	-0.117493	1.306458
0.508728	-9.022827	-0.301208	1.704102
0.693665	-9.033508	-0.473633	2.159119
0.816956	-8.895874	-0.588379	2.635193
0.895691	-8.502502	-0.697937	3.076172
0.917969	-7.781677	-0.773010	3.409729
0.874939	-6.864319	-0.806885	3.605957
0.817566	-5.873108	-0.924683	3.705139
0.712891	-4.824829	-1.095886	3.664246
0.611572	-3.779297	-1.181641	3.449402
0.485535	-2.716064	-1.160889	3.169556
0.285034	-1.680298	-1.105957	2.888794
0.064087	-0.731506	-1.041260	2.402039
-0.187378	0.114136	-0.990295	1.852722
-0.413208	0.825806	-0.914001	1.426086
-0.572205	1.450195	-0.715942	1.104126
-0.671692	1.983032	-0.443420	0.700073
-0.705261	2.509766	-0.090637	0.213318
-0.701294	2.955627	0.317383	-0.171509
-0.670776	3.212585	0.722656	-0.483093
-0.595703	3.461914	1.106873	-0.820007
-0.508423	3.700256	1.499023	-1.080017
-0.373840	3.862305	1.898193	-1.236267
-0.202332	3.993225	2.290955	-1.395569
-0.028381	4.029846	2.699585	-1.594849
0.121460	3.959961	3.045654	-1.772766
0.259399	3.800354	3.247070	-1.894226
0.317078	3.556213	3.290100	-1.993713
0.243835	3.291626	3.201294	-2.069702
0.150757	3.059387	3.016663	-2.171326
0.120850	2.762146	2.700806	-2.309570
0.104370	2.480774	2.232361	-2.465210
0.093384	2.224426	1.696777	-2.645874
0.081787	1.875916	1.120605	-2.887268
0.118408	1.477051	0.485229	-3.097534
0.121460	1.117554	-0.176392	-3.258667
0.096741	0.845032	-0.871277	-3.409119
0.090637	0.624084	-1.566467	-3.441772
0.090027	0.429993	-2.209167	-3.284912
0.125427	0.289001	-2.740784	-2.940063
0.177002	0.178833	-3.119507	-2.531738
0.198975	0.083923	-3.378601	-2.073975
0.203552	-0.048828	-3.537903	-1.481323
0.162964	-0.164490	-3.584290	-0.812073
0.064392	-0.162048	-3.575439	-0.167542
-0.031738	-0.064087	-3.482361	0.365601
-0.131226	0.133972	-3.331299	0.840149
-0.233765	0.410461	-3.139954	1.270447
-0.365906	0.768127	-2.896423	1.651306
-0.497131	1.153259	-2.649536	1.954956
-0.621643	1.512146	-2.448120	2.175293
-0.759888	1.831055	-2.306824	2.337341
-0.875854	2.068787	-2.154541	2.408752
-0.960083	2.183838	-1.958923	2.470398
-0.985718	2.178650	-1.751709	2.505798
-0.918274	2.131348	-1.554871	2.386475
-0.791626	2.066956	-1.310425	2.197571
-0.558167	1.970215	-1.034546	2.004700
-0.293579	1.864319	-0.762634	1.849365
-0.038147	1.711426	-0.463867	1.712341
0.236511	1.534119	-0.123291	1.536865
0.475769	1.390686	0.213623	1.369019
0.679321	1.229553	0.494995	1.210938
0.858765	1.049194	0.783081	1.038513
1.000671	0.833740	1.125183	0.921021
1.099243	0.541382	1.447449	0.865479
1.159973	0.148621	1.742249	0.812988
1.135254	-0.328369	2.010193	0.750427
1.007385	-0.844727	2.203674	0.661621
0.842590	-1.411743	2.340393	0.565186
0.671997	-2.044373	2.412415	0.419006
0.485229	-2.689819	2.474976	0.248108
0.295105	-3.337708	2.522278	0.071106
0.095215	-3.943176	2.504272	-0.156250
-0.108337	-4.452209	2.380371	-0.390625
-0.296631	-4.873962	2.206116	-0.578003
-0.446777	-5.167236	1.993713	-0.743408
-0.554810	-5.364075	1.751404	-0.870056
-0.642395	-5.552979	1.477966	-0.932617
-0.758362	-5.709839	1.195679	-0.909729
-0.809631	-5.756836	0.963440	-0.783081
-0.782166	-5.698547	0.786133	-0.594788
-0.719299	-5.576782	0.654907	-0.345154
-0.650940	-5.334167	0.515747	-0.077209
-0.597534	-4.925537	0.317383	0.147705
-0.582886	-4.384155	0.133667	0.341797
-0.605774	-3.731079	-0.028992	0.499878
-0.645752	-3.000183	-0.171204	0.549316
-0.682678	-2.222290	-0.227661	0.501404
-0.718384	-1.388855	-0.215454	0.348206
-0.751343	-0.565491	-0.124817	0.118103
-0.771790	0.207214	0.043945	-0.206909
-0.770569	0.918274	0.209961	-0.617065
-0.786743	1.553040	0.390015	-0.984192
-0.800781	2.131653	0.604553	-1.275940
-0.763245	2.642212	0.827026	-1.526184
-0.684204	3.069458	1.088867	-1.769409
-0.544128	3.403320	1.389771	-1.945496
-0.388184	3.661804	1.670532	-2.002258
-0.249023	3.867188	1.873779	-1.955261
-0.066833	4.028320	2.003784	-1.809387
0.124512	4.113159	2.111206	-1.571350
0.334473	4.122620	2.178040	-1.290283
0.554199	4.050903	2.222595	-0.993347
0.741272	3.938599	2.228394	-0.660706
0.896912	3.811340	2.149963	-0.332642
1.026306	3.601685	2.023315	-0.084229
1.110535	3.281250	1.850891	0.126343
1.139221	2.876282	1.614380	0.325317
1.118774	2.375183	1.290283	0.485535
1.086426	1.838379	0.862427	0.590820
1.035461	1.308289	0.377502	0.618591
0.974426	0.751343	-0.146790	0.581970
0.941467	0.195618	-0.726318	0.478821
0.938416	-0.304260	-1.346436	0.376587
0.912170	-0.726318	-1.971130	0.301819
0.853882	-1.061707	-2.587280	0.235901
0.776367	-1.300049	-3.169861	0.197449
0.700073	-1.437683	-3.709717	0.219421
0.596924	-1.503906	-4.226990	0.314331
0.473938	-1.588440	-4.706421	0.455322
0.370483	-1.644592	-5.097046	0.632019
0.261230	-1.589966	-5.371704	0.844727
0.155640	-1.450195	-5.536499	1.059875
0.076294	-1.268005	-5.605774	1.239929
-0.021973	-1.037292	-5.573120	1.372681
-0.133667	-0.758667	-5.414124	1.459656
-0.240479	-0.467834	-5.096130	1.476746
-0.341797	-0.184937	-4.673767	1.446228
-0.469360	0.113525	-4.214172	1.341858
-0.602417	0.400391	-3.663330	1.156311
-0.727539	0.672302	-2.993164	0.892639
-0.832214	0.907593	-2.291260	0.577698
-0.934753	1.105957	-1.598816	0.184937
-1.002808	1.313477	-0.936890	-0.283813
-1.035156	1.509399	-0.321960	-0.714111
-1.018982	1.693115	0.269775	-1.080627
-0.943604	1.869507	0.896912	-1.466370
-0.792542	2.017822	1.562195	-1.846619
-0.606079	2.126160	2.169800	-2.156982
-0.416565	2.214355	2.672119	-2.376709
-0.218506	2.304993	3.088379	-2.493896
-0.007935	2.361755	3.433533	-2.513428
0.215759	2.347107	3.710022	-2.453918
0.419617	2.268982	3.929443	-2.344360
0.580139	2.142639	4.103394	-2.216492
0.666809	1.962891	4.205627	-2.077637
0.709839	1.723022	4.237366	-1.900024
0.726624	1.409607	4.230652	-1.717834
0.664978	1.073608	4.178772	-1.545715
0.555725	0.729980	4.044495	-1.376343
0.426025	0.345459	3.845825	-1.177979
0.260620	-0.037842	3.586426	-0.986328
0.080261	-0.428162	3.267212	-0.786743
-0.100098	-0.864563	2.917175	-0.547180
-0.255737	-1.304016	2.540588	-0.281067
-0.399780	-1.695862	2.130432	0.021973
-0.539856	-2.033691	1.715088	0.349731
-0.626221	-2.297363	1.306458	0.695190
-0.652161	-2.501526	0.869141	1.079712
-0.634460	-2.679443	0.411072	1.487427
-0.573120	-2.842102	-0.025024	1.848145
-0.486450	-2.974548	-0.446777	2.133484
-0.376282	-3.064575	-0.858459	2.346497
-0.273132	-3.167725	-1.206360	2.480774
-0.195618	-3.297119	-1.513672	2.548218
-0.153503	-3.395691	-1.807251	2.521973
-0.149231	-3.401794	-2.064209	2.401123
-0.129089	-3.352661	-2.292175	2.191162
-0.108948	-3.245850	-2.463989	1.888733
-0.114441	-3.052979	-2.580872	1.524658
-0.142822	-2.767944	-2.641296	1.139526
-0.176392	-2.417297	-2.658691	0.758667
-0.226135	-2.052002	-2.658997	0.378723
-0.278625	-1.698303	-2.632751	0.000610
-0.308533	-1.355896	-2.534180	-0.372314
-0.326233	-1.038208	-2.357483	-0.700073
-0.323792	-0.718689	-2.127075	-0.974121
-0.264587	-0.398865	-1.833801	-1.229248
-0.162048	-0.119324	-1.491394	-1.417542
-0.037537	0.109253	-1.117249	-1.460571
0.109558	0.287476	-0.731201	-1.377869
0.265808	0.444336	-0.336304	-1.246338
0.445557	0.604248	0.052490	-1.055908
0.634460	0.724792	0.417480	-0.823975
0.823059	0.784607	0.754089	-0.593567
0.980835	0.794983	1.018677	-0.362854
1.075745	0.755920	1.192017	-0.131531
1.109619	0.724182	1.266174	0.097351
1.091309	0.720825	1.230774	0.274963
1.034241	0.779419	1.109924	0.373535
0.956421	0.894470	0.924072	0.428467
0.881958	1.041260	0.682678	0.456238
0.787659	1.206970	0.430298	0.451050
0.655823	1.398621	0.181885	0.400391
0.508728	1.631470	-0.091553	0.301208
0.363159	1.908264	-0.386353	0.178223
0.230713	2.226563	-0.705261	0.026855
0.118103	2.542419	-1.004333	-0.156250
0.022888	2.810669	-1.245117	-0.349426
-0.051880	3.028870	-1.429749	-0.526428
-0.145874	3.219299	-1.581421	-0.678101
-0.259094	3.366394	-1.712646	-0.827026
-0.355530	3.435364	-1.815796	-0.953369
-0.430298	3.435364	-1.875610	-1.032715
-0.488892	3.384399	-1.895447	-1.108093
-0.556030	3.249512	-1.875305	-1.213074
-0.640869	3.023376	-1.815186	-1.332703
-0.749512	2.752686	-1.708374	-1.456299
-0.838013	2.452393	-1.541748	-1.578979
-0.903625	2.119141	-1.325989	-1.720276
-0.942993	1.781006	-1.068115	-1.882629
-0.940857	1.478882	-0.798340	-2.043762
-0.897522	1.217957	-0.519104	-2.194519
-0.812683	1.000061	-0.219727	-2.310181
-0.691833	0.811462	0.099487	-2.403870
-0.552979	0.643311	0.437317	-2.459106
-0.383606	0.498047	0.804138	-2.463684
-0.189209	0.361633	1.165771	-2.418823
-0.002136	0.234680	1.477051	-2.313232
0.184631	0.107117	1.763611	-2.151794
0.377502	-0.038757	2.001953	-1.913147
0.570068	-0.195618	2.166748	-1.581116
0.750732	-0.371704	2.278137	-1.194458
0.918884	-0.572510	2.344971	-0.764465
1.069336	-0.796509	2.358704	-0.260010
1.164551	-1.046753	2.311096	0.295715
1.211548	-1.297913	2.205811	0.848694
1.206970	-1.538086	2.042236	1.390686
1.154785	-1.781006	1.831055	1.918030
1.071777	-2.019043	1.581421	2.418823
0.955505	-2.265320	1.311646	2.882080
0.799866	-2.518616	1.051025	3.276672
0.620117	-2.762451	0.801392	3.597107
0.442810	-2.977600	0.566406	3.829956
0.260620	-3.137207	0.366516	3.977661
0.081482	-3.245544	0.192261	4.067078
-0.071716	-3.305664	0.027161	4.102173
-0.212708	-3.316345	-0.127563	4.082642
-0.343933	-3.283691	-0.286560	4.003296
-0.449219	-3.228760	-0.437012	3.870850
-0.526428	-3.164978	-0.581665	3.686829
-0.581665	-3.068542	-0.741882	3.450012
-0.639954	-2.931824	-0.928345	3.166504
-0.705872	-2.774048	-1.131897	2.845154
-0.772705	-2.613525	-1.319580	2.491760
-0.838623	-2.445679	-1.463013	2.117615
-0.893555	-2.258911	-1.546631	1.703186
-0.942993	-2.058716	-1.572571	1.255798
-0.981140	-1.816101	-1.550903	0.797119
-1.004639	-1.530457	-1.471558	0.321960
-1.038208	-1.236267	-1.316833	-0.171204
-1.076050	-0.932007	-1.067505	-0.682983
-1.101074	-0.618896	-0.747070	-1.184998
-1.106567	-0.309448	-0.370178	-1.653442
-1.085815	0.009460	0.061951	-2.084961
-1.009521	0.325623	0.518799	-2.491455
-0.888672	0.612183	0.977173	-2.843628
-0.761719	0.883789	1.440125	-3.116150
-0.628357	1.133728	1.884155	-3.308411
-0.495300	1.353455	2.259521	-3.408813
-0.370178	1.546936	2.554321	-3.400269
-0.240173	1.701660	2.757263	-3.294983
-0.094910	1.823425	2.861938	-3.106995
0.053101	1.919250	2.854004	-2.847290
0.211792	1.979980	2.730713	-2.530518
0.374451	2.007141	2.501526	-2.158508
0.508423	2.003479	2.181396	-1.741028
0.612488	1.969910	1.782227	-1.289673
0.705566	1.924744	1.334534	-0.827332
0.806580	1.881104	0.876770	-0.394287
0.910645	1.835327	0.427551	0.001221
0.996399	1.770325	0.003662	0.356750
1.030273	1.690369	-0.395813	0.679626
1.008301	1.619263	-0.768433	0.968933
0.939331	1.570129	-1.116638	1.212158
0.845337	1.530151	-1.427612	1.395569
0.741577	1.489563	-1.688538	1.529846
0.623474	1.453247	-1.892395	1.621399
0.494385	1.422729	-2.041016	1.667480
0.361328	1.385803	-2.150879	1.687012
0.245972	1.312256	-2.222900	1.677856
0.155945	1.189270	-2.264099	1.641235
0.086975	1.015320	-2.288818	1.595764
0.036011	0.799561	-2.302246	1.540833
-0.000916	0.555420	-2.303772	1.460266
-0.026855	0.299377	-2.284851	1.333618
-0.036621	0.028687	-2.241211	1.155090
-0.029602	-0.249634	-2.171936	0.925598
-0.012207	-0.528870	-2.085266	0.654602
0.011597	-0.808716	-1.966248	0.341187
0.037537	-1.074829	-1.806335	-0.008240
0.065613	-1.306458	-1.614380	-0.382080
0.086365	-1.516418	-1.386719	-0.768127
0.095520	-1.687927	-1.130981	-1.152344
0.086975	-1.820984	-0.856628	-1.512756
0.069275	-1.923523	-0.570068	-1.829834
0.039368	-1.992798	-0.279236	-2.089233
0.003357	-2.025757	0.004883	-2.277222
-0.027771	-2.047119	0.274658	-2.387085
-0.050659	-2.076416	0.514221	-2.422791
-0.068359	-2.099609	0.724182	-2.375183
-0.072632	-2.109985	0.911255	-2.254639
-0.066833	-2.118225	1.081848	-2.063293
-0.048523	-2.113647	1.247253	-1.795349
-0.026855	-2.072144	1.397400	-1.456299
-0.011597	-2.008362	1.533508	-1.060486
0.011597	-1.930847	1.650696	-0.620728
0.036621	-1.838989	1.728516	-0.163879
0.049744	-1.720886	1.767578	0.301208
0.051270	-1.578369	1.779480	0.761414
0.036621	-1.404114	1.781006	1.200562
0.017090	-1.177063	1.776733	1.596069
-0.012817	-0.906982	1.755676	1.917114
-0.060425	-0.593262	1.716003	2.188110
-0.120544	-0.242920	1.651306	2.429504
-0.190430	0.126038	1.564331	2.619324
-0.263062	0.513611	1.469421	2.727356
-0.332642	0.904541	1.377869	2.757263
-0.413818	1.269836	1.281128	2.720032
-0.499268	1.600037	1.184387	2.615967
-0.580750	1.885986	1.081238	2.450867
-0.640564	2.111511	0.979614	2.254333
-0.675354	2.284241	0.895996	2.035217
-0.687256	2.395325	0.827332	1.789856
-0.687866	2.436218	0.765076	1.525879
-0.685120	2.388611	0.708923	1.257019
-0.663452	2.248230	0.661621	0.988159
-0.640564	2.048035	0.618591	0.726013
-0.627747	1.805115	0.588684	0.466614
-0.610962	1.529236	0.558167	0.208740
-0.593567	1.243896	0.512390	-0.054321
-0.579529	0.968628	0.457153	-0.323486
-0.559998	0.689392	0.408020	-0.589294
-0.534058	0.405273	0.336914	-0.846863
-0.514526	0.115662	0.239868	-1.090393
-0.508118	-0.169067	0.146484	-1.305847
-0.500488	-0.432739	0.060730	-1.484375
-0.476379	-0.668030	-0.014954	-1.607666
-0.415039	-0.877380	-0.104370	-1.669617
-0.320435	-1.055908	-0.213928	-1.662292
-0.198975	-1.207886	-0.341492	-1.571655
-0.045166	-1.338806	-0.487061	-1.399231
0.128174	-1.454468	-0.643005	-1.160889
0.311584	-1.568298	-0.803223	-0.881653
0.495911	-1.675110	-0.974426	-0.557556
0.671082	-1.733093	-1.161804	-0.191345
0.847168	-1.734619	-1.358032	0.201111
1.005859	-1.704407	-1.544800	0.612793
1.139221	-1.641846	-1.714478	1.019897
1.241455	-1.542358	-1.859436	1.408997
1.293030	-1.404419	-1.980591	1.778870
1.278076	-1.220703	-2.094116	2.110596
1.207581	-0.996094	-2.193604	2.374573
1.105347	-0.754089	-2.257080	2.553406
0.974731	-0.493469	-2.264099	2.645264
0.830994	-0.205688	-2.216797	2.646179
0.687561	0.101624	-2.127075	2.557068
0.546875	0.423889	-2.007141	2.384338
0.404358	0.743103	-1.858826	2.146606
0.269470	1.031494	-1.666260	1.846924
0.145874	1.289368	-1.425171	1.464844
0.035095	1.503906	-1.154785	1.030884
-0.065002	1.675110	-0.854492	0.541992
-0.147095	1.802673	-0.536499	0.018921
-0.205994	1.900635	-0.213318	-0.514526
-0.243225	1.957397	0.095215	-1.024170
-0.259705	1.971741	0.378113	-1.510010
-0.261230	1.932373	0.614014	-1.979980
-0.256958	1.829834	0.808105	-2.421265
-0.261230	1.701965	0.973816	-2.817688
-0.267334	1.579895	1.104126	-3.164978
-0.269775	1.444397	1.208801	-3.467712
-0.285034	1.300659	1.298523	-3.719177
-0.299072	1.160583	1.366272	-3.912354
-0.313416	1.031494	1.412964	-4.053955
-0.327148	0.917664	1.439819	-4.160461
-0.342712	0.817261	1.428528	-4.223938
-0.357056	0.708008	1.402588	-4.239197
-0.363159	0.587463	1.392822	-4.205933
-0.375061	0.466919	1.405029	-4.096680
-0.381775	0.344238	1.439819	-3.913269
-0.366516	0.230408	1.475525	-3.664246
-0.324097	0.128784	1.491089	-3.323975
-0.254822	0.036316	1.468506	-2.874756
-0.169983	-0.064697	1.416931	-2.350159
-0.084534	-0.188599	1.321106	-1.771545
-0.004578	-0.317078	1.177063	-1.139832
0.061035	-0.436707	0.999756	-0.485840
0.124512	-0.552368	0.779114	0.190430
0.194092	-0.639648	0.520020	0.854797
0.264893	-0.708618	0.234680	1.480408
0.333252	-0.748291	-0.077209	2.057495
0.379333	-0.754700	-0.390625	2.577820
0.390625	-0.751953	-0.688782	3.027954
0.371399	-0.753479	-0.968628	3.397217
0.338745	-0.753479	-1.205750	3.678589
0.293579	-0.748291	-1.371155	3.867798
0.236816	-0.734253	-1.462097	3.974304
0.168762	-0.711060	-1.491699	4.001770
0.101929	-0.682678	-1.471863	3.946838
0.043335	-0.644531	-1.423950	3.826294
-0.010681	-0.609131	-1.341858	3.648376
-0.055847	-0.581055	-1.215210	3.416748
-0.094299	-0.554199	-1.055603	3.140564
-0.135498	-0.516052	-0.867004	2.829590
-0.176086	-0.471497	-0.661316	2.500305
-0.204163	-0.429688	-0.441589	2.168274
-0.216675	-0.405579	-0.223083	1.849060
-0.221558	-0.416870	-0.008850	1.543274
-0.220947	-0.462952	0.197754	1.237793
-0.214233	-0.527344	0.381470	0.927124
-0.215149	-0.605164	0.535889	0.618286
-0.216370	-0.690308	0.654907	0.316772
-0.219116	-0.767212	0.741272	0.017700
-0.223389	-0.828552	0.807495	-0.280151
-0.227661	-0.872498	0.858459	-0.568542
-0.223389	-0.895386	0.877380	-0.830994
-0.213623	-0.891418	0.856323	-1.061401
-0.211182	-0.862732	0.798340	-1.266174
-0.210876	-0.816650	0.719604	-1.440125
-0.210571	-0.750427	0.631104	-1.582031
-0.213928	-0.660400	0.528259	-1.685181
-0.223999	-0.552368	0.420532	-1.733704
-0.232239	-0.420837	0.314941	-1.714783
-0.230103	-0.273132	0.210571	-1.622620
-0.206604	-0.124207	0.116577	-1.465454
-0.161133	0.018311	0.034180	-1.269531
-0.104980	0.159607	-0.058289	-1.041260
-0.044861	0.301208	-0.173950	-0.788879
0.015869	0.441589	-0.291443	-0.527039
0.069885	0.588074	-0.398560	-0.270081
0.123901	0.742798	-0.497437	-0.041504
0.181885	0.892639	-0.566711	0.140381
0.234375	1.044312	-0.596619	0.281372
0.272217	1.200562	-0.596008	0.375061
0.296021	1.356812	-0.565186	0.410461
0.301514	1.509094	-0.505066	0.378723
0.282898	1.662903	-0.408936	0.291748
0.255432	1.832275	-0.268250	0.165405
0.232239	2.000732	-0.087280	0.004272
0.211182	2.136230	0.125732	-0.181274
0.194702	2.256470	0.351868	-0.378113
0.188599	2.377014	0.570984	-0.578308
0.201416	2.475891	0.769653	-0.776672
0.220032	2.536011	0.943298	-0.960999
0.243225	2.554016	1.082764	-1.124878
0.271606	2.531738	1.195374	-1.272888
0.305481	2.463684	1.282043	-1.392517
0.337830	2.355652	1.316223	-1.472168
0.376587	2.190552	1.307373	-1.529846
0.415344	1.944275	1.272583	-1.573486
0.438232	1.630249	1.216125	-1.576233
0.445557	1.259766	1.128845	-1.538696
0.437317	0.855103	0.995483	-1.495972
0.405884	0.431824	0.823669	-1.444092
0.357056	0.000305	0.607300	-1.374512
0.303650	-0.422058	0.363159	-1.296692
0.248413	-0.819397	0.108032	-1.216125
0.195313	-1.168213	-0.152283	-1.132507
0.139771	-1.470337	-0.421143	-1.030273
0.078125	-1.728210	-0.696411	-0.902100
0.018311	-1.930237	-0.971375	-0.747375
-0.036011	-2.096252	-1.231689	-0.558167
-0.085449	-2.234497	-1.470337	-0.340271
-0.121460	-2.340088	-1.682129	-0.100098
-0.141907	-2.424622	-1.854553	0.157166
-0.149841	-2.481384	-1.982117	0.437012
-0.143433	-2.490540	-2.068481	0.740662
-0.112305	-2.464600	-2.118530	1.047058
-0.076599	-2.413025	-2.137756	1.336060
-0.043335	-2.313538	-2.138977	1.594238
-0.009155	-2.159424	-2.120361	1.820374
0.015564	-1.968689	-2.064514	2.009277
0.028687	-1.753235	-1.983948	2.157288
0.034790	-1.517334	-1.881104	2.251282
0.039673	-1.271057	-1.735840	2.282715
0.023499	-1.004639	-1.534729	2.259216
-0.026550	-0.716248	-1.282349	2.178650
-0.089722	-0.411072	-0.991211	2.024841
-0.160828	-0.092163	-0.661926	1.806030
-0.233154	0.233765	-0.299988	1.555481
-0.296326	0.559082	0.094299	1.270752
-0.355835	0.882263	0.525513	0.935059
-0.404968	1.194153	0.955811	0.580750
-0.445251	1.497803	1.390686	0.220032
-0.479431	1.769409	1.803284	-0.131836
-0.498047	2.001343	2.176514	-0.473938
-0.502319	2.181396	2.493896	-0.794373
-0.494690	2.305908	2.747498	-1.076050
-0.483704	2.379150	2.935791	-1.314697
-0.466309	2.375793	3.054504	-1.518250
-0.444336	2.300110	3.102722	-1.678467
-0.420837	2.175598	3.080750	-1.785278
-0.396423	2.015686	2.988586	-1.841431
-0.389099	1.830139	2.828369	-1.844788
-0.390015	1.624451	2.602234	-1.801758
-0.382385	1.413879	2.322388	-1.729126
-0.371094	1.207275	2.005310	-1.647644
-0.354309	1.006165	1.657410	-1.547852
-0.329895	0.797119	1.297607	-1.422424
-0.294495	0.578613	0.940552	-1.267090
-0.256958	0.366211	0.588684	-1.082764
-0.227356	0.170593	0.256348	-0.879517
-0.185547	-0.003967	-0.057068	-0.672607
-0.130310	-0.164490	-0.354004	-0.458679
-0.062561	-0.314941	-0.638123	-0.219116
0.023499	-0.455017	-0.893860	0.038147
0.120544	-0.591125	-1.126404	0.295105
0.218201	-0.708618	-1.340637	0.540161
0.307617	-0.820618	-1.521912	0.775452
0.383301	-0.941467	-1.670532	0.990906
0.451660	-1.057739	-1.794739	1.174927
0.512390	-1.162720	-1.892090	1.333313
0.573425	-1.254578	-1.952209	1.470337
0.623779	-1.323853	-1.968994	1.577148
0.646973	-1.374512	-1.947021	1.634827
0.654297	-1.408386	-1.893005	1.641846
0.653687	-1.417542	-1.814880	1.605530
0.640259	-1.391296	-1.711121	1.517029
0.599976	-1.329346	-1.568298	1.391907
0.545654	-1.238403	-1.378784	1.227722
0.487061	-1.125793	-1.142273	1.027527
0.424194	-0.983582	-0.869141	0.795898
0.373230	-0.819397	-0.570068	0.532532
0.334778	-0.657959	-0.260010	0.255432
0.302734	-0.503235	0.045166	-0.018005
0.271606	-0.351868	0.343323	-0.281677
0.231934	-0.191040	0.620422	-0.541382
0.191345	-0.027161	0.852356	-0.781250
0.157471	0.126648	1.050720	-0.984192
0.137634	0.275269	1.216125	-1.145935
0.124207	0.411987	1.330872	-1.271973
0.108948	0.523071	1.386108	-1.362915
0.090942	0.610352	1.383972	-1.411743
0.066528	0.678711	1.330261	-1.432800
0.031433	0.728149	1.229248	-1.430054
-0.006714	0.764465	1.105042	-1.401978
-0.046692	0.795593	0.973206	-1.347046
-0.093079	0.829468	0.843201	-1.263733
-0.151062	0.858459	0.715942	-1.159058
-0.215454	0.880432	0.586548	-1.042175
-0.284424	0.899658	0.456238	-0.909119
-0.358887	0.928650	0.320740	-0.756226
-0.425720	0.970459	0.180054	-0.596924
-0.485840	1.010742	0.043945	-0.433655
-0.538025	1.049194	-0.081177	-0.266418
-0.576172	1.082764	-0.191956	-0.112305
-0.604248	1.104736	-0.285034	0.029602
-0.617371	1.108093	-0.352478	0.168762
-0.605774	1.086426	-0.413208	0.309448
-0.572510	1.037292	-0.477295	0.449829
-0.534973	0.956726	-0.542603	0.588684
-0.492249	0.853577	-0.597839	0.717773
-0.443420	0.735779	-0.636902	0.820923
-0.384521	0.606384	-0.647583	0.886536
-0.316467	0.470276	-0.630798	0.914917
-0.245972	0.340576	-0.594482	0.917053
-0.180054	0.219727	-0.541077	0.900269
-0.123901	0.107727	-0.463257	0.860596
-0.080566	0.011597	-0.358887	0.787964
-0.050659	-0.058899	-0.228577	0.693359
-0.028076	-0.095825	-0.079956	0.579529
-0.008545	-0.106201	0.083008	0.446472
0.004578	-0.102234	0.261230	0.308533
0.008850	-0.086670	0.449829	0.180969
0.007629	-0.061340	0.635681	0.072021
0.000305	-0.036316	0.807800	-0.005188
-0.015259	-0.024719	0.955505	-0.044556
-0.025940	-0.035706	1.070862	-0.039978
-0.029907	-0.078735	1.155701	0.008850
-0.035095	-0.152283	1.208191	0.092773
-0.028381	-0.245361	1.223145	0.200195
-0.003052	-0.354309	1.192627	0.321350
0.030518	-0.480042	1.114502	0.462646
0.065918	-0.625916	0.982361	0.633850
0.099182	-0.791626	0.796509	0.822144
0.127258	-0.967102	0.572815	1.008301
0.145874	-1.145630	0.317688	1.183167
0.153503	-1.319580	0.053406	1.333618
0.152893	-1.480103	-0.195007	1.460876
0.151367	-1.626587	-0.441589	1.565247
0.149231	-1.746216	-0.681458	1.639709
0.143738	-1.832581	-0.907898	1.673279
0.136108	-1.884766	-1.123657	1.657410
0.125732	-1.911621	-1.322327	1.598206
0.110168	-1.915894	-1.489563	1.500854
0.089111	-1.893311	-1.617737	1.364746
0.066223	-1.840820	-1.706543	1.192627
0.045166	-1.765442	-1.749268	0.992432
0.021362	-1.670532	-1.744385	0.778198
-0.003967	-1.561890	-1.699524	0.555420
-0.023193	-1.452942	-1.621704	0.334167
-0.033264	-1.347961	-1.511841	0.127869
-0.039673	-1.247864	-1.365356	-0.066833
-0.044250	-1.149292	-1.179810	-0.256042
-0.044861	-1.044922	-0.958557	-0.441895
-0.041199	-0.932312	-0.700989	-0.622864
-0.034790	-0.807495	-0.411377	-0.798645
-0.027161	-0.665588	-0.102234	-0.971680
-0.016174	-0.505066	0.210266	-1.141052
-0.004883	-0.324097	0.519409	-1.301880
0.003052	-0.121765	0.824280	-1.456909
0.005493	0.096130	1.122131	-1.610718
0.003357	0.323181	1.406555	-1.761780
-0.001526	0.559387	1.680603	-1.909790
-0.005188	0.797424	1.926270	-2.042236
-0.006104	1.040649	2.141418	-2.154236
-0.003662	1.273193	2.306824	-2.225952
0.004883	1.486511	2.409668	-2.252808
0.022583	1.672974	2.445068	-2.242737
0.046387	1.838074	2.411194	-2.194214
0.072021	1.978760	2.306213	-2.102051
0.100098	2.091370	2.138672	-1.960144
0.122681	2.176514	1.923828	-1.768188
0.136414	2.225952	1.669006	-1.531067
0.149841	2.220764	1.376038	-1.247253
0.158691	2.159424	1.054382	-0.925598
0.162048	2.052917	0.712585	-0.576172
0.165710	1.907349	0.353699	-0.218811
0.165710	1.720276	-0.007629	0.134583
0.158997	1.506348	-0.362244	0.474548
0.137939	1.285400	-0.697937	0.793152
0.103455	1.051331	-1.006470	1.082764
0.067749	0.808105	-1.293030	1.342163
0.036011	0.563049	-1.555786	1.568909
0.004578	0.319824	-1.783142	1.762085
-0.024414	0.081787	-1.968689	1.922913
-0.049744	-0.151978	-2.110596	2.048035
-0.068665	-0.378113	-2.215576	2.127380
-0.082092	-0.590210	-2.289124	2.159119
-0.079651	-0.783081	-2.335510	2.150269
-0.061951	-0.956116	-2.348633	2.107849
-0.036621	-1.110840	-2.322998	2.033081
-0.001831	-1.242065	-2.263489	1.931152
0.045776	-1.357117	-2.174988	1.813049
0.097961	-1.466675	-2.058105	1.683960
0.145569	-1.552429	-1.918945	1.539917
0.177307	-1.622925	-1.755371	1.388550
0.193176	-1.675720	-1.562500	1.232605
0.194092	-1.691284	-1.338196	1.074524
0.186768	-1.669006	-1.087646	0.913391
0.171204	-1.615906	-0.809937	0.745850
0.145264	-1.532288	-0.516968	0.578613
0.106201	-1.420593	-0.220947	0.416260
0.046387	-1.280212	0.093689	0.256348
-0.028687	-1.114502	0.408020	0.103149
-0.109863	-0.923462	0.705261	-0.041199
-0.185852	-0.707092	0.985107	-0.175781
-0.254211	-0.473328	1.245728	-0.294800
-0.311890	-0.238647	1.476135	-0.390015
-0.353394	-0.016174	1.659851	-0.460510
-0.382996	0.188293	1.789551	-0.499573
-0.401001	0.380554	1.868591	-0.508118
-0.402527	0.556335	1.904297	-0.494080
-0.388489	0.704956	1.900635	-0.462952
-0.360413	0.827942	1.858521	-0.419312
-0.319824	0.921631	1.780090	-0.366516
-0.273132	0.982666	1.664429	-0.314026
-0.221863	1.020813	1.512451	-0.263672
-0.171509	1.036987	1.335754	-0.202942
-0.130615	1.012878	1.144714	-0.138855
-0.097961	0.958252	0.949097	-0.083618
-0.075073	0.895691	0.756226	-0.043945
-0.060425	0.829468	0.571899	-0.021362
-0.050049	0.755310	0.406189	-0.020447
-0.042725	0.679016	0.265198	-0.049133
-0.042725	0.599060	0.154114	-0.101624
-0.051880	0.520020	0.068665	-0.169983
-0.061035	0.437317	-0.001526	-0.256348
-0.070496	0.345459	-0.067139	-0.357056
-0.075684	0.246277	-0.121460	-0.469971
-0.071716	0.141296	-0.149536	-0.590515
-0.057373	0.031128	-0.149536	-0.702515
-0.036621	-0.083313	-0.132751	-0.810852
-0.005798	-0.207214	-0.113525	-0.923157
0.040894	-0.339050	-0.101929	-1.023254
0.099792	-0.480652	-0.102539	-1.098328
0.167847	-0.625916	-0.109863	-1.151123
0.240173	-0.768738	-0.120239	-1.195068
0.306396	-0.905457	-0.131531	-1.233215
0.362549	-1.029968	-0.146484	-1.254883
0.412903	-1.136780	-0.162659	-1.259766
0.454712	-1.216125	-0.180054	-1.246033
0.481262	-1.271362	-0.197144	-1.217041
0.490112	-1.289368	-0.222778	-1.177063
0.486755	-1.263123	-0.256348	-1.126099
0.472107	-1.196594	-0.292969	-1.066284
0.450439	-1.092224	-0.340271	-0.991516
0.423279	-0.951538	-0.393677	-0.901184
0.384521	-0.789185	-0.445557	-0.795898
0.338440	-0.610962	-0.496826	-0.672913
0.295715	-0.422668	-0.554199	-0.531311
0.259399	-0.230713	-0.628662	-0.371399
0.225830	-0.043030	-0.722046	-0.195923
0.192871	0.126038	-0.825806	-0.002747
0.166321	0.272827	-0.933838	0.202942
0.149536	0.405273	-1.045227	0.416870
0.133972	0.521545	-1.150818	0.634155
0.115356	0.622253	-1.247559	0.849915
0.098572	0.710144	-1.334534	1.058350
0.086975	0.779724	-1.412048	1.242371
0.075989	0.833130	-1.474304	1.392822
0.059509	0.867310	-1.521301	1.499329
0.036621	0.879822	-1.550903	1.557007
0.008545	0.878296	-1.550598	1.566772
-0.025024	0.873108	-1.514282	1.525879
-0.060120	0.868225	-1.438293	1.429138
-0.097351	0.860596	-1.323853	1.280518
-0.139160	0.842590	-1.177368	1.087646
-0.181274	0.823059	-1.004028	0.864563
-0.220032	0.808716	-0.811157	0.614624
-0.255737	0.791626	-0.605164	0.338135
-0.289001	0.769043	-0.391235	0.046692
-0.317078	0.746155	-0.169373	-0.247803
-0.342407	0.729065	0.052185	-0.530701
-0.368347	0.711670	0.265808	-0.793152
-0.392151	0.688477	0.469971	-1.022644
-0.412903	0.655823	0.666504	-1.221924
-0.426331	0.612183	0.856323	-1.389160
-0.432739	0.554504	1.035156	-1.516418
-0.434265	0.476990	1.200867	-1.600647
-0.430908	0.389099	1.343079	-1.652222
-0.427856	0.299988	1.458740	-1.672058
-0.420532	0.215759	1.553040	-1.648865
-0.411072	0.150757	1.634827	-1.587524
-0.404053	0.105896	1.698608	-1.505737
-0.392151	0.077209	1.745911	-1.399231
-0.374146	0.060425	1.770630	-1.261597
-0.351563	0.053711	1.769714	-1.106262
-0.324707	0.058899	1.741943	-0.942078
-0.294189	0.073547	1.687012	-0.763550
-0.252991	0.092163	1.606140	-0.565186
