2020/1/9 9:22:38 40us
CH1			CH2			CH3			CH4
-0.007629	-0.005188	0.007935	-0.007629
-0.007324	-0.005493	0.007629	-0.007935
-0.007629	-0.005493	0.007629	-0.007324
-0.007935	-0.005188	0.007629	-0.007324
-0.007935	-0.005188	0.007629	-0.007935
-0.007324	-0.005493	0.007629	-0.007324
-0.007324	-0.005493	0.007629	-0.007629
-0.007324	-0.005188	0.007629	-0.007629
-0.007324	-0.005493	0.007629	-0.007629
-0.007019	-0.005188	0.007629	-0.007935
-0.007324	-0.005188	0.007629	-0.007935
-0.007324	-0.005493	0.007629	-0.007629
-0.007629	-0.005188	0.007935	-0.007324
-0.007935	-0.005188	0.007629	-0.007629
-0.007629	-0.005188	0.007935	-0.007629
-0.007629	-0.005188	0.007935	-0.007629
-0.007324	-0.004883	0.007935	-0.007629
-0.007629	-0.004578	0.007629	-0.007324
-0.007629	-0.004883	0.007629	-0.007629
-0.007629	-0.004883	0.007935	-0.007324
-0.007324	-0.004883	0.007935	-0.007324
-0.007629	-0.004578	0.007629	-0.007324
-0.007629	-0.004883	0.007935	-0.007324
-0.007629	-0.005188	0.007935	-0.007629
-0.007629	-0.004578	0.007935	-0.007324
-0.007324	-0.005188	0.007935	-0.007629
-0.007629	-0.004883	0.007935	-0.007629
-0.007629	-0.004883	0.007935	-0.007324
-0.007324	-0.004578	0.007935	-0.007324
-0.007629	-0.004272	0.007935	-0.007324
-0.007629	-0.004578	0.007629	-0.007324
-0.007935	-0.004578	0.007629	-0.007324
-0.007324	-0.004272	0.007629	-0.007019
-0.007324	-0.004578	0.007935	-0.007629
-0.007324	-0.004578	0.007935	-0.007324
-0.007629	-0.004578	0.007935	-0.007019
-0.007629	-0.004272	0.007935	-0.007324
-0.007629	-0.003967	0.007935	-0.007324
-0.007324	-0.003967	0.007629	-0.007324
-0.007324	-0.003662	0.007935	-0.006714
-0.007629	-0.003967	0.007935	-0.007019
-0.007324	-0.004272	0.007629	-0.007019
-0.007629	-0.003967	0.007629	-0.007019
-0.007629	-0.003967	0.008240	-0.007019
-0.007324	-0.004272	0.010071	-0.008240
-0.007324	-0.003662	0.016785	-0.007935
-0.007629	-0.002441	-0.112915	0.014954
-0.007324	-0.002747	0.008545	-0.004272
-0.007019	-0.002441	0.284729	-0.177917
-0.005493	-0.014648	0.630493	-0.312500
-0.020752	0.027466	1.171875	-0.201721
0.020752	-0.042419	1.530457	0.005798
-0.042419	-0.036926	1.778870	0.436096
-0.052185	-0.028076	1.994019	0.730286
0.000000	0.099487	2.136230	0.913391
0.024414	0.221863	2.146912	1.212158
0.109863	0.205078	1.906433	1.487732
0.162659	0.116272	1.510620	1.782837
0.136108	-0.047302	0.905151	2.041016
-0.009155	-0.151672	0.173950	2.089539
-0.100403	-0.315247	-0.536804	1.993103
-0.187988	-0.578613	-1.329651	1.830139
-0.315857	-0.779419	-2.141113	1.544189
-0.339050	-0.916748	-2.938538	1.254883
-0.376892	-0.913696	-3.632202	0.965576
-0.451660	-0.693665	-4.217529	0.556030
-0.508728	-0.419617	-4.704895	0.057373
-0.409546	-0.233154	-5.096741	-0.499268
-0.231628	-0.102539	-5.342102	-0.956421
-0.044250	-0.007019	-5.514526	-1.382446
0.157166	0.178528	-5.608826	-1.822510
0.256348	0.355835	-5.557861	-2.220154
0.376282	0.416870	-5.381165	-2.499084
0.539856	0.443420	-5.144958	-2.734680
0.625916	0.376587	-4.756775	-2.940063
0.641479	0.467224	-4.324951	-3.098450
0.575562	0.629578	-3.892822	-3.114014
0.439453	0.820007	-3.388062	-3.067627
0.354309	0.887756	-2.728271	-2.978516
0.245361	0.899658	-2.029724	-2.858276
0.148621	1.012878	-1.368713	-2.673035
0.078430	1.108398	-0.714722	-2.427063
0.015564	1.320190	-0.086975	-2.131348
0.121765	1.573792	0.500793	-1.824036
0.355530	1.689758	1.080017	-1.517639
0.668030	1.779175	1.627197	-1.235352
0.946655	1.984253	2.110901	-0.920410
1.138306	2.215271	2.510986	-0.545959
1.250916	2.524414	2.878113	-0.230408
1.253967	2.822266	3.193359	0.075378
1.253357	3.078918	3.506165	0.290222
1.167297	3.414001	3.795166	0.414734
0.953064	3.710327	3.976746	0.453491
0.634155	3.983459	4.110413	0.451965
0.291748	4.120789	4.185486	0.435486
-0.009155	4.071350	4.109192	0.425110
-0.239258	3.876953	3.894653	0.466003
-0.475464	3.539124	3.580933	0.491638
-0.719604	3.149719	3.175659	0.469360
-0.930176	2.640076	2.635193	0.485840
-1.181335	2.084961	1.997986	0.560303
-1.370239	1.384888	1.286621	0.610657
-1.479797	0.496216	0.534973	0.619812
-1.567383	-0.527649	-0.125427	0.592041
-1.609497	-1.598816	-0.662231	0.545044
-1.669006	-2.659302	-1.027527	0.447693
-1.700745	-3.708801	-1.228943	0.339661
-1.643372	-4.685974	-1.336975	0.218506
-1.551514	-5.611267	-1.338806	0.073547
-1.470947	-6.378174	-1.192322	-0.096436
-1.383972	-6.951599	-0.950623	-0.270691
-1.213989	-7.326355	-0.691833	-0.343933
-1.015320	-7.464600	-0.459900	-0.308838
-0.788269	-7.481079	-0.292664	-0.255432
-0.460205	-7.453918	-0.160522	-0.179138
-0.152893	-7.371826	-0.006409	-0.124817
0.090332	-7.175293	0.231018	-0.070801
0.321655	-6.837769	0.534058	0.011597
0.484619	-6.372070	0.848083	0.137634
0.650635	-5.802002	1.246643	0.348511
0.825500	-5.197144	1.747742	0.524292
0.928955	-4.543457	2.307129	0.632629
1.010132	-3.810425	2.826843	0.775757
1.056213	-3.020020	3.293457	0.969238
1.072083	-2.219238	3.718567	1.224976
1.073303	-1.394043	4.066162	1.553955
1.099548	-0.665588	4.298096	1.877747
1.133423	-0.004272	4.411316	2.188416
1.108093	0.634460	4.352417	2.546692
1.077881	1.199646	4.065857	2.999878
1.035767	1.672974	3.625488	3.480225
0.937805	2.028809	3.130798	3.877869
0.800781	2.286377	2.610168	4.172668
0.611572	2.460327	2.032166	4.331665
0.345459	2.571411	1.354675	4.371338
0.059509	2.658081	0.601196	4.256287
-0.231323	2.707214	-0.163879	3.993225
-0.494385	2.759399	-0.921021	3.626099
-0.701294	2.757874	-1.677551	3.094788
-0.848389	2.715454	-2.388611	2.418823
-0.927124	2.681274	-3.060913	1.690979
-0.910339	2.634277	-3.703613	0.914307
-0.851135	2.554626	-4.287415	0.152588
-0.807495	2.496643	-4.777222	-0.628967
-0.748901	2.435913	-5.138550	-1.398621
-0.629272	2.341309	-5.386353	-2.094421
-0.486145	2.255859	-5.584412	-2.686157
-0.386047	2.171936	-5.670166	-3.160095
-0.342407	2.100525	-5.619812	-3.539429
-0.353699	2.066345	-5.408630	-3.834229
-0.392151	2.087708	-4.989319	-4.075623
-0.382996	2.101440	-4.418335	-4.320374
-0.331421	2.115173	-3.739319	-4.517822
-0.263672	2.171021	-3.021240	-4.584961
-0.173950	2.252808	-2.262878	-4.517517
-0.082703	2.298584	-1.460876	-4.417725
0.052490	2.290344	-0.657349	-4.322205
0.268860	2.204895	0.093079	-4.163513
0.502930	2.067261	0.714111	-3.919067
0.682678	1.941223	1.197815	-3.649902
0.790405	1.870422	1.603699	-3.354492
0.877380	1.816711	1.958923	-3.023682
0.963745	1.765442	2.280273	-2.724609
1.062927	1.723633	2.528076	-2.439575
1.123962	1.713867	2.662048	-2.128296
1.131897	1.747437	2.698059	-1.790161
1.084290	1.825867	2.672729	-1.444092
0.965271	1.938171	2.599792	-1.137695
0.814819	2.070923	2.475586	-0.847473
0.657654	2.126465	2.277527	-0.529480
0.482483	2.115479	1.963806	-0.173340
0.297546	2.081604	1.611938	0.209961
0.123596	1.947021	1.238403	0.592957
-0.017090	1.707458	0.840759	0.993958
-0.137024	1.359863	0.475769	1.391907
-0.276184	0.872803	0.119934	1.748352
-0.405273	0.274353	-0.165710	2.067871
-0.513916	-0.382385	-0.372925	2.330017
-0.605469	-1.032715	-0.517883	2.526855
-0.693359	-1.659546	-0.582581	2.669373
-0.749207	-2.275391	-0.605469	2.718811
-0.755615	-2.862244	-0.600586	2.728577
-0.758362	-3.362427	-0.571594	2.742310
-0.775452	-3.749695	-0.526733	2.705078
-0.769653	-4.015808	-0.490723	2.671814
-0.729675	-4.178772	-0.487061	2.648315
-0.640564	-4.293518	-0.498352	2.613525
-0.517273	-4.375000	-0.475464	2.560730
-0.374451	-4.430847	-0.471802	2.461243
-0.250854	-4.488220	-0.496521	2.333679
-0.148010	-4.533386	-0.521240	2.163696
-0.087891	-4.629517	-0.518188	1.896667
-0.057373	-4.878845	-0.453796	1.534119
-0.075378	-5.152283	-0.292053	1.087952
-0.143127	-5.299072	-0.014038	0.595703
-0.258179	-5.354004	0.358887	0.118103
-0.384827	-5.332947	0.779724	-0.337219
-0.467224	-5.187378	1.229553	-0.720215
-0.534363	-4.929199	1.731567	-1.037903
-0.570679	-4.610596	2.236023	-1.303101
-0.610657	-4.226074	2.615356	-1.451111
-0.655823	-3.770752	2.859192	-1.473999
-0.658875	-3.258972	3.047180	-1.416321
-0.647888	-2.716064	3.202820	-1.242065
-0.610962	-2.192078	3.271484	-0.989990
-0.549927	-1.631470	3.224487	-0.753479
-0.505066	-1.018982	3.062744	-0.455017
-0.464172	-0.365906	2.779236	-0.019836
-0.401001	0.292664	2.462769	0.484619
-0.325012	0.966797	2.150269	0.882263
-0.230103	1.677551	1.900940	1.162720
-0.153198	2.349548	1.711426	1.367493
-0.076294	2.991333	1.528625	1.467590
-0.004272	3.641052	1.318970	1.508789
0.074768	4.213257	1.110535	1.574402
0.183716	4.713135	0.879822	1.658630
0.300598	5.147705	0.622864	1.719055
0.410767	5.492859	0.393982	1.701965
0.483093	5.762329	0.180054	1.659851
0.544434	5.937195	-0.031738	1.647949
0.581360	5.998535	-0.232849	1.654358
0.550842	5.975647	-0.377502	1.640930
0.499268	5.875854	-0.471497	1.582336
0.438843	5.677795	-0.542908	1.451721
0.357971	5.425720	-0.616455	1.237488
0.294189	5.096130	-0.705566	0.955505
0.240784	4.650574	-0.809326	0.586853
0.216675	4.089966	-0.940247	0.164490
0.186157	3.473816	-1.086731	-0.316162
0.153809	2.799072	-1.236267	-0.853882
0.144653	2.092285	-1.396484	-1.381226
0.175781	1.369629	-1.615601	-1.826477
0.268860	0.612488	-1.886902	-2.191772
0.372925	-0.167542	-2.175293	-2.543640
0.457458	-0.922546	-2.490845	-2.854309
0.523071	-1.593933	-2.764282	-3.099670
0.569458	-2.179565	-2.969360	-3.276672
0.596619	-2.671204	-3.117065	-3.403320
0.617065	-3.013000	-3.173218	-3.464661
0.643616	-3.181458	-3.143005	-3.446960
0.688171	-3.176270	-3.041382	-3.374634
0.737915	-3.002014	-2.857971	-3.235474
0.778809	-2.764587	-2.600098	-3.023071
0.796814	-2.516479	-2.298584	-2.702637
0.801697	-2.200928	-1.970215	-2.305298
0.788879	-1.820374	-1.620483	-1.872253
0.764160	-1.471558	-1.265869	-1.370544
0.758667	-1.163025	-0.924988	-0.834656
0.744324	-0.844116	-0.574951	-0.255737
0.707703	-0.482483	-0.191956	0.369873
0.673218	-0.083923	0.177917	0.982056
0.618286	0.325623	0.488892	1.576233
0.553284	0.740051	0.769958	2.138672
0.462952	1.167603	1.072693	2.598877
0.358887	1.651917	1.389160	2.975159
0.252075	2.181396	1.673889	3.253784
0.125732	2.699585	1.909180	3.374939
-0.012207	3.161316	2.076416	3.390198
-0.111694	3.462219	2.169800	3.387451
-0.161438	3.540344	2.207031	3.339539
-0.225830	3.470764	2.186279	3.159180
-0.315247	3.334351	2.117004	2.868042
-0.401306	3.091736	2.014465	2.489929
-0.469971	2.738342	1.872559	2.026367
-0.514526	2.305603	1.705933	1.534424
-0.549622	1.777039	1.580200	1.015930
-0.606384	1.190186	1.477051	0.458374
-0.700989	0.603638	1.361694	-0.096741
-0.807495	0.021057	1.268311	-0.661011
-0.914307	-0.544739	1.200562	-1.242676
-1.009521	-1.116333	1.163330	-1.786804
-1.101074	-1.719055	1.169434	-2.269287
-1.213074	-2.285156	1.225281	-2.703247
-1.339111	-2.783508	1.293640	-3.025513
-1.444397	-3.227844	1.345520	-3.190918
-1.472168	-3.619995	1.394958	-3.208313
-1.442871	-3.946838	1.425171	-3.112793
-1.353455	-4.247437	1.434937	-2.931824
-1.239929	-4.607849	1.417236	-2.673035
-1.159973	-4.903259	1.354065	-2.365417
-1.103516	-4.988708	1.242065	-2.006836
-1.011047	-4.918823	1.127930	-1.583252
-0.847778	-4.753418	0.991516	-1.098633
-0.642090	-4.452209	0.837097	-0.590515
-0.426331	-3.973083	0.676880	-0.101624
-0.209351	-3.368225	0.512695	0.398560
0.002747	-2.732544	0.305481	0.953979
0.180664	-2.091064	0.059204	1.546631
0.360718	-1.455078	-0.185852	2.077332
0.545349	-0.848694	-0.393982	2.546692
0.699158	-0.293274	-0.616150	3.003845
0.820618	0.219421	-0.899353	3.368225
0.909119	0.687256	-1.234131	3.615723
0.972595	1.074219	-1.599731	3.828125
1.007690	1.394043	-1.948242	4.044800
0.990601	1.629333	-2.203369	4.144287
0.925598	1.808472	-2.326050	4.086304
0.827332	1.957703	-2.359009	3.970642
0.706177	2.039490	-2.324524	3.781738
0.577698	2.096252	-2.210999	3.469238
0.442200	2.093201	-2.021790	3.091431
0.324707	2.004089	-1.769104	2.699890
0.237732	1.854553	-1.487427	2.283936
0.169983	1.666870	-1.201172	1.824646
0.121765	1.454773	-0.956116	1.318359
0.123901	1.217346	-0.767822	0.802307
0.186768	0.971069	-0.625610	0.268250
0.263367	0.755920	-0.486450	-0.296021
0.356140	0.575867	-0.360718	-0.867920
0.480957	0.414429	-0.307312	-1.410217
0.604858	0.307312	-0.331421	-1.935425
0.691528	0.248413	-0.377502	-2.462463
0.717468	0.179749	-0.419617	-2.980652
0.729370	0.121765	-0.448608	-3.467102
0.732117	0.121155	-0.467529	-3.908386
0.674133	0.190430	-0.484924	-4.288635
0.578918	0.306702	-0.474548	-4.583435
0.485229	0.436096	-0.440979	-4.774170
0.412903	0.550537	-0.400696	-4.823608
0.346375	0.625305	-0.331421	-4.785767
0.295715	0.675049	-0.263367	-4.693604
0.252380	0.729675	-0.212402	-4.477844
0.201111	0.790405	-0.133972	-4.145813
0.130005	0.830994	-0.006104	-3.766479
0.041809	0.890198	0.182190	-3.363647
-0.057068	0.978394	0.392761	-2.939453
-0.150146	1.079102	0.601501	-2.468567
-0.245972	1.217957	0.777283	-1.967468
-0.343323	1.392822	0.904541	-1.470032
-0.435181	1.584473	1.016846	-0.995483
-0.511475	1.773071	1.108093	-0.528259
-0.563049	1.943665	1.177063	-0.103149
-0.594482	2.048950	1.193237	0.288391
-0.590210	2.067261	1.137390	0.671082
-0.547791	2.054749	1.016846	1.023560
-0.462646	2.042236	0.845337	1.327209
-0.326233	2.025146	0.647583	1.556702
-0.174255	1.985474	0.455627	1.730042
-0.026550	1.933594	0.278015	1.900024
0.082092	1.885071	0.123596	2.021790
0.177612	1.852417	0.028381	2.099915
0.273132	1.833496	-0.004272	2.144775
0.356445	1.807861	0.054626	2.145386
0.430298	1.737366	0.224609	2.094116
0.484314	1.581421	0.476685	2.038269
0.510864	1.337280	0.747070	1.990662
0.502930	1.020813	0.996704	1.931763
0.446167	0.662537	1.223755	1.879272
0.368347	0.285034	1.430359	1.870728
0.300293	-0.120544	1.602173	1.887207
0.244141	-0.550842	1.734619	1.915283
0.179749	-0.981140	1.812439	1.980896
0.083618	-1.407776	1.808167	2.070313
-0.021667	-1.859436	1.716919	2.157898
-0.133972	-2.296753	1.575928	2.232971
-0.251160	-2.697144	1.401672	2.274780
-0.361938	-3.063049	1.200867	2.250366
-0.470581	-3.370972	0.973816	2.165222
-0.594177	-3.593445	0.729675	2.048340
-0.717773	-3.751526	0.472412	1.889954
-0.812378	-3.887024	0.191040	1.687622
-0.872498	-3.987122	-0.100098	1.483765
-0.899658	-4.008789	-0.405273	1.275940
-0.892639	-3.953552	-0.742188	1.069641
-0.853882	-3.829956	-1.102905	0.874023
-0.791016	-3.625793	-1.462708	0.696716
-0.724792	-3.348694	-1.777344	0.528564
-0.653381	-3.016052	-2.038879	0.368347
-0.575562	-2.638245	-2.268982	0.233765
-0.520630	-2.216492	-2.462769	0.132446
-0.485229	-1.750183	-2.571411	0.048218
-0.447388	-1.269531	-2.570496	-0.008850
-0.405884	-0.810242	-2.458496	-0.036011
-0.366211	-0.369873	-2.246704	-0.063171
-0.327454	0.067749	-1.954041	-0.106201
-0.295105	0.494690	-1.590271	-0.131531
-0.243225	0.889587	-1.167603	-0.124512
-0.188599	1.252441	-0.690613	-0.114746
-0.135498	1.595764	-0.166016	-0.115051
-0.068054	1.915283	0.353088	-0.127258
0.014343	2.208252	0.835571	-0.163879
0.116272	2.479553	1.274414	-0.223389
0.232544	2.725830	1.667786	-0.305176
0.359192	2.942810	2.010498	-0.408325
0.485840	3.117676	2.295532	-0.531311
0.587158	3.261108	2.540894	-0.705566
0.660400	3.369446	2.738342	-0.926514
0.702209	3.414307	2.869873	-1.163025
0.709839	3.395996	2.908325	-1.412048
0.695801	3.351746	2.843628	-1.663818
0.676575	3.265381	2.709961	-1.937866
0.668030	3.099365	2.510071	-2.231445
0.665894	2.870483	2.209473	-2.529602
0.656128	2.583008	1.812439	-2.806396
0.647278	2.242432	1.345520	-3.052368
0.635071	1.857910	0.823059	-3.255615
0.615540	1.442566	0.252075	-3.430176
0.578918	0.992737	-0.333557	-3.586731
0.519409	0.535278	-0.908508	-3.674622
0.437927	0.102844	-1.464844	-3.639221
0.340881	-0.298767	-1.969604	-3.501282
0.226135	-0.665588	-2.408447	-3.329773
0.093689	-0.979614	-2.789917	-3.123474
-0.050659	-1.234436	-3.112183	-2.855530
-0.173035	-1.431274	-3.374023	-2.528687
-0.266418	-1.566772	-3.569336	-2.130432
-0.322266	-1.662598	-3.688049	-1.672974
-0.321655	-1.726990	-3.732910	-1.174927
-0.267639	-1.729431	-3.720398	-0.650635
-0.180969	-1.651001	-3.667908	-0.119324
-0.064697	-1.527710	-3.577271	0.390625
0.072937	-1.381836	-3.447876	0.859680
0.184937	-1.202087	-3.261108	1.303711
0.274048	-0.983582	-2.997131	1.706238
0.372314	-0.755920	-2.672424	2.062073
0.473022	-0.525818	-2.318420	2.351379
0.563049	-0.288391	-1.917419	2.560120
0.643921	-0.051270	-1.448975	2.681274
0.709534	0.182800	-0.954285	2.711487
0.740967	0.413818	-0.456848	2.673645
0.726929	0.622559	0.035706	2.560425
0.681763	0.806885	0.513306	2.389526
0.624695	0.971985	0.959167	2.200623
0.562439	1.126404	1.361694	2.012024
0.486755	1.274414	1.723633	1.808167
0.399170	1.397095	2.031860	1.585693
0.301208	1.466064	2.271118	1.374207
0.191345	1.467285	2.471924	1.174927
0.050964	1.410828	2.633972	0.963745
-0.123596	1.300049	2.764893	0.729370
-0.317383	1.150513	2.871399	0.489197
-0.502014	0.958862	2.956848	0.267029
-0.670166	0.734558	3.019104	0.071411
-0.815735	0.505066	3.048401	-0.090332
-0.937195	0.271606	3.014221	-0.216064
-1.062317	0.033875	2.905579	-0.289307
-1.192322	-0.183105	2.732239	-0.327759
-1.297607	-0.358582	2.495117	-0.321960
-1.363831	-0.499878	2.194519	-0.274963
-1.388855	-0.620422	1.849670	-0.205383
-1.368103	-0.721130	1.497803	-0.107117
-1.319275	-0.794067	1.164551	0.026245
-1.258240	-0.838623	0.849915	0.189209
-1.181641	-0.859985	0.549316	0.362244
-1.098938	-0.856018	0.264282	0.537109
-1.024170	-0.828857	0.020752	0.707092
-0.944824	-0.778809	-0.175781	0.866089
-0.855103	-0.700684	-0.333252	0.993347
-0.756836	-0.599365	-0.443115	1.074219
-0.634155	-0.491333	-0.514221	1.132813
-0.479431	-0.387268	-0.548706	1.178894
-0.310059	-0.298767	-0.552063	1.219482
-0.140991	-0.231018	-0.539856	1.240845
0.023499	-0.173035	-0.520020	1.237488
0.186157	-0.112915	-0.489807	1.213684
0.336609	-0.057373	-0.460205	1.171875
0.460205	-0.011902	-0.425110	1.107178
0.558472	0.001221	-0.370789	1.021729
0.623779	-0.037842	-0.301514	0.929565
0.662842	-0.100098	-0.227966	0.830688
0.684814	-0.168152	-0.154419	0.715332
0.691223	-0.244141	-0.082703	0.577393
0.687256	-0.333862	-0.007935	0.394897
0.685120	-0.431519	0.080261	0.164185
0.685425	-0.525513	0.185547	-0.088501
0.689392	-0.610657	0.295410	-0.339966
0.698853	-0.697632	0.403748	-0.571594
0.717468	-0.792847	0.497437	-0.762329
0.752869	-0.882263	0.554199	-0.909424
0.808716	-0.960083	0.565491	-1.018982
0.863647	-1.035767	0.538940	-1.094360
0.889587	-1.117554	0.483704	-1.155090
0.885620	-1.190491	0.392151	-1.196289
0.860901	-1.235657	0.276489	-1.207581
0.825500	-1.242676	0.147400	-1.193848
0.777283	-1.202698	0.003662	-1.166687
0.716248	-1.106567	-0.162964	-1.138306
0.644531	-0.958557	-0.349121	-1.108093
0.552979	-0.770569	-0.557861	-1.070862
0.435791	-0.545654	-0.795288	-1.024475
0.302429	-0.299683	-1.045532	-0.986023
0.165405	-0.049744	-1.295776	-0.969849
0.034790	0.201416	-1.540527	-0.966492
-0.088501	0.443115	-1.766357	-0.973206
-0.199280	0.664673	-1.976013	-1.005249
-0.302734	0.856628	-2.170715	-1.057739
-0.401001	0.999451	-2.328186	-1.126404
-0.486755	1.077881	-2.415466	-1.217957
-0.562744	1.099548	-2.421570	-1.340332
-0.628357	1.073608	-2.362671	-1.488953
-0.681763	0.991821	-2.248535	-1.648560
-0.722961	0.875549	-2.088013	-1.818542
-0.751648	0.751343	-1.880798	-1.989746
-0.767517	0.625000	-1.645203	-2.128601
-0.765076	0.494690	-1.395264	-2.224121
-0.748291	0.372925	-1.139526	-2.276306
-0.722351	0.271606	-0.876160	-2.286377
-0.674133	0.186157	-0.609131	-2.272339
-0.602722	0.114441	-0.352173	-2.233887
-0.519714	0.050049	-0.109863	-2.166138
-0.427246	-0.007935	0.131531	-2.055359
-0.322266	-0.046997	0.373230	-1.892090
-0.216370	-0.061035	0.601501	-1.694336
-0.120850	-0.042725	0.812988	-1.484985
-0.038147	-0.001221	1.025696	-1.266785
0.040588	0.066833	1.246948	-1.026611
0.107727	0.176392	1.469421	-0.765991
0.153503	0.332336	1.685791	-0.487671
0.186768	0.525818	1.880188	-0.187683
0.214844	0.734558	2.033997	0.149841
0.239868	0.941162	2.142639	0.525208
0.261536	1.132813	2.213440	0.933228
0.278015	1.273499	2.239380	1.349792
0.285034	1.351929	2.202759	1.757813
0.271606	1.370544	2.100830	2.157288
0.231323	1.318359	1.958313	2.521973
0.166931	1.187134	1.770935	2.856445
0.096130	0.982666	1.550903	3.143616
0.017700	0.723267	1.308899	3.386230
-0.065308	0.436401	1.058960	3.574829
-0.144958	0.128784	0.795898	3.697815
-0.223083	-0.190735	0.521545	3.741760
-0.300598	-0.522156	0.240784	3.697815
-0.385132	-0.864258	-0.051270	3.570251
-0.470886	-1.210327	-0.352783	3.375244
-0.547791	-1.560059	-0.659485	3.128662
-0.608521	-1.901550	-0.965271	2.850647
-0.652161	-2.223206	-1.261292	2.547607
-0.667419	-2.516174	-1.542358	2.229614
-0.661926	-2.770081	-1.798706	1.902771
-0.644226	-2.991333	-2.008972	1.569824
-0.616150	-3.210144	-2.166748	1.233215
-0.581665	-3.406067	-2.261658	0.895691
-0.545044	-3.536072	-2.283020	0.567932
-0.494385	-3.605652	-2.213440	0.254517
-0.418396	-3.622437	-2.047424	-0.046997
-0.319824	-3.571167	-1.787720	-0.331421
-0.204468	-3.445129	-1.434021	-0.585632
-0.079346	-3.252869	-1.003113	-0.806274
0.053406	-3.009949	-0.530396	-0.982361
0.184937	-2.729492	-0.036621	-1.112671
0.306396	-2.418213	0.483398	-1.209106
0.420227	-2.078552	1.019592	-1.268616
0.534973	-1.706848	1.537476	-1.268311
0.637207	-1.305847	2.010803	-1.235657
0.711365	-0.895081	2.414856	-1.195679
0.752258	-0.480957	2.741089	-1.134033
0.769043	-0.057068	2.984619	-1.050415
0.765076	0.375977	3.153381	-0.982056
0.737305	0.812378	3.248291	-0.950928
0.695190	1.243286	3.268127	-0.934143
0.640869	1.651001	3.205261	-0.927429
0.581665	2.046509	3.060608	-0.929565
0.513916	2.423401	2.846680	-0.932617
0.450134	2.766113	2.581787	-0.930786
0.392761	3.063049	2.266235	-0.923157
0.334473	3.294678	1.898499	-0.920715
0.271912	3.458557	1.479187	-0.920410
0.201111	3.548279	1.009216	-0.912170
0.124817	3.565369	0.513916	-0.902710
0.041504	3.495789	0.024109	-0.896912
-0.033875	3.344421	-0.439758	-0.899658
-0.102234	3.147583	-0.876465	-0.907593
-0.165100	2.946167	-1.289673	-0.922241
-0.226440	2.723999	-1.667786	-0.952454
-0.287476	2.462769	-1.996765	-1.002197
-0.335083	2.183533	-2.274780	-1.065979
-0.373230	1.909485	-2.501221	-1.132813
-0.393982	1.643677	-2.675171	-1.198425
-0.390930	1.379700	-2.814636	-1.244812
-0.358887	1.112366	-2.917786	-1.252747
-0.293274	0.844727	-2.967529	-1.223450
-0.202637	0.583191	-2.957764	-1.157227
-0.096130	0.338745	-2.905273	-1.073914
0.020447	0.109253	-2.817078	-0.984802
0.146790	-0.109253	-2.688904	-0.874023
0.275574	-0.306396	-2.532959	-0.726624
0.396729	-0.474854	-2.331238	-0.556946
0.502625	-0.606079	-2.084656	-0.392151
0.582886	-0.700073	-1.813660	-0.233154
0.634460	-0.769958	-1.526794	-0.067444
0.664673	-0.809937	-1.257019	0.085144
0.664368	-0.819397	-1.015015	0.220337
0.625610	-0.845032	-0.793457	0.346985
0.565796	-0.910339	-0.586548	0.465393
0.489197	-0.995178	-0.406189	0.574646
0.393066	-1.069031	-0.262146	0.673523
0.285645	-1.133728	-0.148010	0.777283
0.179138	-1.192627	-0.067749	0.887451
0.063477	-1.231384	-0.017700	0.996704
-0.059204	-1.232300	0.008545	1.100769
-0.177917	-1.200867	0.011292	1.198730
-0.301208	-1.138916	-0.024414	1.290588
-0.418091	-1.044617	-0.077209	1.372986
-0.506287	-0.932617	-0.108643	1.433411
-0.567322	-0.817871	-0.096130	1.471558
-0.608215	-0.700378	-0.062561	1.497803
-0.628052	-0.569458	-0.030823	1.501770
-0.635681	-0.446777	-0.006714	1.496887
-0.646667	-0.342712	0.006104	1.515503
-0.648193	-0.254822	0.024414	1.546326
-0.639954	-0.172119	0.058289	1.553650
-0.630188	-0.095520	0.094604	1.531372
-0.615540	-0.039368	0.117798	1.499023
-0.598450	0.008240	0.151672	1.455383
-0.589294	0.051880	0.213013	1.394653
-0.588074	0.054932	0.296326	1.311646
-0.570068	0.039368	0.406799	1.197205
-0.534058	0.040894	0.548706	1.038513
-0.489807	0.047302	0.724182	0.823669
-0.438232	0.054626	0.923767	0.574341
-0.380249	0.046082	1.138611	0.310364
-0.336609	0.022583	1.371460	0.034790
-0.317993	-0.008545	1.610107	-0.246887
-0.288696	-0.063171	1.830444	-0.527649
-0.244141	-0.153198	1.997681	-0.786743
-0.194702	-0.272522	2.114563	-1.034546
-0.143127	-0.426025	2.202454	-1.273804
-0.091553	-0.622864	2.258911	-1.503296
-0.039368	-0.844116	2.260742	-1.722717
0.006409	-1.067810	2.201843	-1.906738
0.042725	-1.296082	2.091064	-2.030334
0.077820	-1.510620	1.939087	-2.092590
0.121765	-1.698303	1.754150	-2.097473
0.174255	-1.839294	1.548462	-2.053833
0.221252	-1.935425	1.325684	-1.972351
0.260620	-1.985474	1.063538	-1.850281
0.302124	-1.969910	0.781555	-1.675415
0.344849	-1.902771	0.510864	-1.445923
0.392456	-1.796570	0.245667	-1.174622
0.445251	-1.623230	-0.009460	-0.876770
0.503540	-1.393738	-0.238342	-0.552368
0.570679	-1.143188	-0.432739	-0.202637
0.636292	-0.874634	-0.601196	0.162048
0.693970	-0.589294	-0.742798	0.516052
0.727234	-0.287476	-0.859070	0.859985
0.738525	0.039978	-0.962830	1.189270
0.743408	0.379028	-1.047668	1.496887
0.736084	0.716858	-1.112061	1.772156
0.714722	1.050415	-1.144409	2.004395
0.680237	1.351929	-1.145020	2.191772
0.640259	1.611938	-1.125488	2.326355
0.596313	1.840820	-1.086731	2.399292
0.547180	2.015381	-1.029968	2.411804
0.494385	2.125854	-0.964661	2.377014
0.439758	2.176514	-0.905151	2.276917
0.387573	2.184448	-0.855713	2.102966
0.341492	2.151184	-0.819092	1.864624
0.296021	2.065125	-0.799866	1.565857
0.248108	1.919556	-0.800476	1.221924
0.198975	1.733398	-0.809021	0.849915
0.148010	1.531982	-0.830383	0.446472
0.092773	1.319275	-0.861206	0.008850
0.027771	1.121216	-0.901184	-0.452576
-0.038757	0.936890	-0.943909	-0.915527
-0.104370	0.750732	-0.972290	-1.359863
-0.163574	0.564880	-0.988159	-1.766968
-0.232239	0.390015	-0.999146	-2.118530
-0.314636	0.218811	-0.997925	-2.398987
-0.397644	0.056152	-0.980530	-2.600403
-0.474243	-0.087585	-0.942993	-2.706299
-0.529175	-0.208435	-0.891724	-2.738342
-0.565491	-0.311584	-0.816040	-2.714539
-0.592957	-0.403442	-0.711365	-2.619934
-0.604248	-0.468140	-0.572510	-2.443848
-0.595398	-0.506287	-0.390015	-2.201843
-0.570679	-0.505981	-0.168152	-1.913452
-0.528564	-0.449524	0.086670	-1.574402
-0.475464	-0.332947	0.360718	-1.199036
-0.417480	-0.161743	0.638123	-0.812683
-0.362244	0.069580	0.910950	-0.422058
-0.313416	0.340576	1.164856	-0.031128
-0.267029	0.645752	1.382751	0.352173
-0.224915	0.961304	1.548157	0.729370
-0.187683	1.275024	1.661377	1.076355
-0.150146	1.577759	1.720886	1.390991
-0.106506	1.855469	1.717834	1.671753
-0.068054	2.088623	1.655884	1.918030
-0.039673	2.254944	1.541748	2.116699
-0.020447	2.343750	1.387634	2.267456
-0.015564	2.351685	1.211548	2.353516
-0.017700	2.284241	1.024780	2.380981
-0.022888	2.141724	0.839233	2.349243
-0.031738	1.929016	0.665894	2.257080
-0.048828	1.651611	0.511475	2.117920
-0.081482	1.312866	0.389709	1.934814
-0.126038	0.923462	0.295105	1.715088
-0.181885	0.482178	0.231018	1.473694
-0.230408	-0.008545	0.197144	1.221313
-0.267029	-0.532532	0.195007	0.961914
-0.296021	-1.077881	0.213623	0.690918
-0.316772	-1.626282	0.231323	0.408325
-0.332031	-2.164612	0.249023	0.144958
-0.340881	-2.683411	0.254822	-0.071411
-0.336609	-3.165283	0.249634	-0.250244
-0.320435	-3.587036	0.240479	-0.413818
-0.284729	-3.925781	0.231018	-0.561523
-0.231628	-4.182739	0.216980	-0.689697
-0.168457	-4.365234	0.194092	-0.805359
-0.095215	-4.502563	0.158386	-0.905151
-0.016479	-4.600525	0.120850	-0.974731
0.057373	-4.626770	0.091248	-1.018066
0.131226	-4.579163	0.058899	-1.033630
0.208130	-4.476318	0.025330	-1.012573
0.285339	-4.307556	-0.012512	-0.960388
0.363770	-4.052124	-0.059509	-0.869141
0.436096	-3.711243	-0.111084	-0.751953
0.482788	-3.305664	-0.170593	-0.612183
0.498962	-2.838745	-0.249939	-0.443115
0.494385	-2.341309	-0.324707	-0.267944
0.477600	-1.800842	-0.377808	-0.100098
0.449829	-1.240845	-0.405884	0.057678
0.408325	-0.684204	-0.419922	0.170898
0.349121	-0.143738	-0.426331	0.223694
0.273132	0.356445	-0.432739	0.251465
0.185242	0.807800	-0.435486	0.267029
0.089111	1.200867	-0.428467	0.242920
-0.003967	1.536865	-0.409851	0.170288
-0.092773	1.816711	-0.379333	0.081787
-0.177307	2.034607	-0.342102	-0.020447
-0.238037	2.209473	-0.313416	-0.144348
-0.272217	2.354736	-0.287170	-0.278015
-0.279846	2.467041	-0.247498	-0.408020
-0.264587	2.550964	-0.202942	-0.534058
-0.233459	2.622375	-0.151062	-0.663757
-0.191650	2.684326	-0.097046	-0.798950
-0.140076	2.722473	-0.047607	-0.927734
-0.080261	2.749939	0.003052	-1.046143
-0.021362	2.786865	0.067444	-1.154175
0.037537	2.825623	0.150146	-1.251831
0.091248	2.857971	0.236511	-1.332397
0.139160	2.887268	0.314331	-1.401672
0.184021	2.910767	0.382690	-1.454163
0.222778	2.898865	0.446472	-1.500854
0.262756	2.843628	0.490112	-1.535645
0.297852	2.756958	0.511475	-1.549988
0.320129	2.637329	0.514221	-1.553650
0.327759	2.486267	0.504456	-1.526489
0.328674	2.297058	0.482178	-1.454468
0.327759	2.082214	0.431213	-1.351013
0.319214	1.844482	0.357361	-1.223145
0.297241	1.596375	0.248718	-1.058655
0.269165	1.351929	0.128174	-0.852966
0.231018	1.101990	0.010071	-0.619202
0.181580	0.846558	-0.106201	-0.360718
0.120239	0.580444	-0.221252	-0.083008
0.048218	0.310669	-0.332336	0.200500
-0.023193	0.055542	-0.447388	0.484314
-0.091553	-0.193787	-0.562744	0.768738
-0.145569	-0.428467	-0.690613	1.037292
-0.192566	-0.647278	-0.834351	1.284790
-0.239563	-0.848083	-0.982971	1.508484
-0.286560	-1.026001	-1.131287	1.704102
-0.323181	-1.187744	-1.273499	1.877747
-0.351563	-1.330872	-1.394043	2.028198
-0.370483	-1.439209	-1.477661	2.144470
-0.372925	-1.505737	-1.526184	2.220154
-0.352783	-1.539307	-1.535950	2.254333
-0.321350	-1.542358	-1.497498	2.248535
-0.281372	-1.527710	-1.408386	2.212219
-0.234985	-1.504211	-1.262512	2.143250
-0.175171	-1.465759	-1.063232	2.052612
-0.102844	-1.394653	-0.815735	1.947632
-0.024719	-1.285095	-0.524597	1.821899
0.048523	-1.147461	-0.185852	1.686401
0.118103	-0.994568	0.183105	1.554260
0.181885	-0.834656	0.558167	1.434021
0.237732	-0.679321	0.933228	1.310120
0.275879	-0.530396	1.291809	1.173401
0.290527	-0.389709	1.629333	1.023865
0.288391	-0.265503	1.949158	0.854797
0.273438	-0.175781	2.232361	0.668640
0.238647	-0.120544	2.489624	0.465393
0.183105	-0.100403	2.695007	0.257263
0.112610	-0.115356	2.839050	0.039368
0.033569	-0.157776	2.919617	-0.181274
-0.048523	-0.213928	2.931213	-0.404663
-0.136414	-0.280151	2.876282	-0.625305
-0.222778	-0.356445	2.756653	-0.837402
-0.301514	-0.437622	2.575073	-1.027832
-0.377502	-0.516968	2.341003	-1.186523
-0.444336	-0.588074	2.068176	-1.318970
-0.497131	-0.652161	1.760254	-1.427307
-0.532837	-0.705261	1.416931	-1.499634
-0.550842	-0.746460	1.048279	-1.544800
-0.553284	-0.789185	0.670166	-1.564026
-0.549622	-0.822144	0.292664	-1.558533
-0.550537	-0.831604	-0.072021	-1.534424
-0.542908	-0.812988	-0.405579	-1.490784
-0.520020	-0.753479	-0.704041	-1.432495
-0.494690	-0.657959	-0.957031	-1.364441
-0.456543	-0.536804	-1.163635	-1.288452
-0.408020	-0.395203	-1.329651	-1.196899
-0.349121	-0.234985	-1.456909	-1.089478
-0.280151	-0.055542	-1.548767	-0.971069
-0.198669	0.146484	-1.607361	-0.849609
-0.104370	0.366211	-1.629028	-0.725098
0.003357	0.593262	-1.618652	-0.596619
0.117493	0.821533	-1.579285	-0.454407
0.228577	1.049805	-1.505737	-0.302124
0.337524	1.261292	-1.404114	-0.146179
0.436707	1.448059	-1.286621	0.007935
0.527344	1.611023	-1.152649	0.147095
0.601501	1.745300	-1.008301	0.272522
0.657349	1.850281	-0.853271	0.382996
0.702515	1.916809	-0.693054	0.471497
0.735474	1.941528	-0.528564	0.532227
0.751953	1.929016	-0.362854	0.566711
0.754089	1.873779	-0.212402	0.571899
0.749817	1.770630	-0.090942	0.547180
0.734558	1.622925	-0.011292	0.491333
0.702820	1.439209	0.025940	0.403748
0.653381	1.219788	0.029602	0.292969
0.584717	0.974121	-0.005188	0.167236
0.501709	0.724182	-0.075378	0.030212
0.416260	0.476074	-0.172119	-0.116882
0.329895	0.234680	-0.291138	-0.269775
0.241699	0.004883	-0.428772	-0.422668
0.151978	-0.207520	-0.584412	-0.576172
0.061340	-0.399475	-0.755615	-0.723267
-0.021973	-0.564880	-0.931396	-0.842590
-0.092468	-0.690308	-1.098328	-0.930481
-0.148010	-0.765991	-1.239319	-0.987244
-0.189209	-0.790405	-1.350098	-1.005554
-0.221863	-0.776672	-1.443176	-0.978394
-0.252380	-0.738525	-1.515808	-0.899353
-0.278625	-0.677490	-1.558533	-0.774841
-0.294189	-0.596924	-1.561279	-0.609741
-0.304260	-0.500183	-1.525269	-0.411682
-0.310059	-0.387268	-1.448975	-0.197754
-0.311584	-0.257874	-1.324158	0.017700
-0.312805	-0.111389	-1.143799	0.226440
-0.313416	0.042725	-0.916748	0.419922
-0.313416	0.192871	-0.652161	0.591736
-0.318604	0.338745	-0.346985	0.735779
-0.324097	0.479736	-0.025635	0.847473
-0.321960	0.617981	0.301514	0.928345
-0.310974	0.739746	0.614014	0.972290
-0.296631	0.838928	0.918884	0.981750
-0.275879	0.910950	1.210327	0.955200
-0.243225	0.964050	1.481934	0.900879
-0.203552	1.004028	1.733093	0.830994
-0.162354	1.028442	1.957092	0.738220
-0.120850	1.028137	2.148132	0.621643
-0.080566	0.997620	2.300415	0.492249
-0.045776	0.941772	2.411499	0.360718
-0.021973	0.876160	2.489319	0.228271
-0.002747	0.792847	2.534790	0.090027
0.012817	0.687866	2.553406	-0.047302
0.018921	0.571289	2.544250	-0.169983
0.014954	0.448303	2.501831	-0.268860
0.002136	0.310974	2.426147	-0.339966
-0.020142	0.158386	2.315979	-0.384827
-0.039978	-0.006104	2.177429	-0.399170
-0.056763	-0.181274	2.026062	-0.389099
-0.069275	-0.362244	1.861877	-0.351257
-0.077820	-0.547180	1.671448	-0.278931
-0.079041	-0.718079	1.477356	-0.184021
-0.076904	-0.881958	1.278687	-0.070801
-0.070801	-1.029358	1.076965	0.072937
-0.067749	-1.158142	0.868530	0.252380
-0.062256	-1.257935	0.659790	0.452881
-0.054626	-1.318665	0.444641	0.664673
-0.036316	-1.337891	0.224915	0.877380
-0.005493	-1.328430	0.006409	1.080322
0.032043	-1.298523	-0.207214	1.267395
0.068054	-1.251831	-0.418091	1.436157
0.098877	-1.195679	-0.627747	1.579285
0.131836	-1.125183	-0.838623	1.683960
0.165100	-1.037292	-1.051636	1.740723
0.191956	-0.943604	-1.262817	1.750183
0.208435	-0.842896	-1.472778	1.716919
0.210876	-0.731201	-1.674194	1.643372
0.199890	-0.610657	-1.851807	1.525574
0.180664	-0.479736	-2.003174	1.371460
0.158691	-0.343018	-2.125549	1.182251
0.135498	-0.213013	-2.211914	0.963745
0.109558	-0.099487	-2.253418	0.727234
0.083313	-0.008850	-2.249146	0.474854
0.062561	0.061340	-2.201233	0.203552
0.044556	0.118408	-2.114258	-0.079651
0.032959	0.168762	-1.989746	-0.352783
0.033569	0.217285	-1.830750	-0.608215
0.042114	0.267334	-1.645813	-0.842590
0.052185	0.327148	-1.440430	-1.058350
0.064697	0.397339	-1.217346	-1.247864
0.080261	0.470886	-0.985107	-1.408081
0.101318	0.544128	-0.744019	-1.538086
0.126953	0.620422	-0.492554	-1.636353
0.155029	0.701599	-0.239563	-1.709900
0.182800	0.794678	0.000610	-1.767883
0.206604	0.902405	0.223694	-1.809692
0.223083	1.021118	0.424805	-1.831360
0.231018	1.144104	0.603333	-1.830444
0.233765	1.275330	0.753784	-1.802368
0.229492	1.421509	0.867310	-1.742554
0.218201	1.582336	0.939331	-1.658020
0.204468	1.754456	0.967407	-1.555481
0.187683	1.929932	0.953979	-1.440430
0.170593	2.085266	0.905151	-1.317444
0.150757	2.212219	0.824280	-1.185303
0.122986	2.300720	0.713806	-1.049194
0.085144	2.344666	0.579529	-0.914917
0.038452	2.337952	0.425110	-0.784302
-0.013733	2.279968	0.256958	-0.658569
-0.067444	2.170410	0.081482	-0.540466
-0.121460	2.012024	-0.096436	-0.434570
-0.173645	1.807556	-0.272522	-0.337830
-0.223999	1.563416	-0.444946	-0.250549
-0.268860	1.287537	-0.609436	-0.174561
-0.307617	0.984497	-0.762024	-0.108337
-0.342712	0.654907	-0.897217	-0.057068
-0.372009	0.303650	-1.008911	-0.025635
-0.392761	-0.052795	-1.090393	-0.010986
-0.404358	-0.403442	-1.138306	-0.010376
-0.406799	-0.742798	-1.158752	-0.024719
-0.397339	-1.061401	-1.157227	-0.050354
-0.375977	-1.349487	-1.131592	-0.076599
-0.343323	-1.606750	-1.079407	-0.097656
-0.300293	-1.834717	-1.002808	-0.115356
-0.243835	-2.028503	-0.898132	-0.122681
-0.175171	-2.182617	-0.763855	-0.114746
-0.102539	-2.293701	-0.604553	-0.097351
-0.025635	-2.362671	-0.428162	-0.068665
0.054932	-2.394104	-0.238647	-0.024719
0.138550	-2.391357	-0.039673	0.038147
0.226440	-2.385864	0.161438	0.124817
0.311279	-2.379150	0.357361	0.234985
0.378418	-2.335205	0.545349	0.365906
0.430298	-2.247620	0.725403	0.520630
0.467224	-2.144775	0.888367	0.695190
0.486450	-2.020569	1.032410	0.881653
0.487061	-1.855774	1.156616	1.070251
0.466003	-1.663208	1.263733	1.249695
0.428162	-1.461182	1.335754	1.413574
0.369568	-1.259460	1.354980	1.555176
0.299377	-1.066284	1.341553	1.662903
0.225830	-0.885010	1.314392	1.733398
0.142212	-0.722046	1.267090	1.779785
0.055542	-0.572815	1.189575	1.784363
-0.032959	-0.431213	1.075134	1.737976
-0.119934	-0.303345	0.922241	1.668396
-0.196838	-0.190430	0.737000	1.593018
-0.264587	-0.092773	0.536194	1.491089
-0.324097	-0.007324	0.334473	1.346436
-0.375977	0.065918	0.138550	1.181946
-0.424805	0.121460	-0.051880	1.007385
-0.466919	0.174255	-0.231628	0.815735
-0.503845	0.228577	-0.389099	0.616455
-0.530396	0.276184	-0.514526	0.423584
-0.540161	0.329895	-0.608215	0.236206
-0.536804	0.387573	-0.666809	0.044250
-0.525208	0.444641	-0.687866	-0.152283
-0.503845	0.507813	-0.677490	-0.338440
-0.470276	0.565796	-0.636597	-0.510864
-0.437012	0.617676	-0.555115	-0.670471
-0.401917	0.672913	-0.437622	-0.819702
-0.352478	0.729370	-0.298157	-0.951233
-0.292053	0.788879	-0.149841	-1.070251
-0.221863	0.853882	0.007019	-1.183777
-0.141602	0.902405	0.173340	-1.284180
-0.050049	0.931396	0.344849	-1.367798
0.045776	0.953674	0.513611	-1.429443
0.126343	0.981445	0.666199	-1.465454
0.201111	1.016541	0.808105	-1.473999
0.274353	1.051636	0.928955	-1.445007
0.349731	1.082153	1.020813	-1.374207
0.422363	1.106262	1.085205	-1.271667
0.483398	1.119080	1.114502	-1.150513
0.533447	1.123352	1.097717	-1.007690
0.570374	1.114807	1.043396	-0.844116
0.590820	1.087036	0.954590	-0.669250
0.592957	1.039734	0.834045	-0.499878
0.579834	0.982361	0.687256	-0.342102
0.559692	0.917053	0.512390	-0.192566
0.527649	0.841370	0.315247	-0.050354
0.481873	0.751343	0.100098	0.080872
0.424194	0.646057	-0.124207	0.202332
0.354614	0.529480	-0.350647	0.319824
0.276794	0.407104	-0.570984	0.422974
0.194702	0.281372	-0.788879	0.510864
0.114441	0.149231	-0.999756	0.592957
0.039978	0.007629	-1.190186	0.664978
-0.026855	-0.138855	-1.352234	0.732117
-0.070801	-0.279846	-1.483765	0.793457
-0.095825	-0.415039	-1.587830	0.841675
-0.108948	-0.547791	-1.666260	0.887146
-0.113220	-0.673828	-1.721191	0.929871
-0.108643	-0.780945	-1.749268	0.963135
-0.097656	-0.865479	-1.748657	0.979919
-0.083618	-0.927734	-1.711426	0.971069
-0.068665	-0.971069	-1.629944	0.932617
-0.052490	-0.998840	-1.510620	0.871582
-0.034485	-1.015320	-1.362305	0.796204
-0.015259	-1.023254	-1.188354	0.702820
-0.005188	-1.020508	-0.995483	0.582581
-0.003662	-1.006775	-0.787048	0.433960
-0.006714	-0.984497	-0.563354	0.264587
-0.014954	-0.960693	-0.329895	0.086975
-0.028992	-0.946045	-0.088806	-0.088806
-0.052490	-0.941162	0.153198	-0.257874
-0.086060	-0.944824	0.383911	-0.416260
-0.127563	-0.953979	0.595398	-0.558167
-0.172119	-0.962524	0.785828	-0.682678
-0.216980	-0.966492	0.956421	-0.788879
-0.260925	-0.972595	1.109619	-0.871582
-0.305786	-0.982056	1.247559	-0.933838
-0.351257	-0.983887	1.371765	-0.977173
-0.392456	-0.976868	1.476440	-0.999756
-0.425415	-0.965271	1.557312	-1.003113
-0.448914	-0.945435	1.610718	-0.981140
-0.462952	-0.909424	1.629333	-0.929871
-0.469055	-0.857544	1.618042	-0.857239
-0.473022	-0.789490	1.576843	-0.769043
-0.476379	-0.698242	1.502686	-0.667419
-0.476990	-0.589600	1.403503	-0.551758
-0.468140	-0.469055	1.282349	-0.420532
-0.450134	-0.335083	1.141052	-0.276489
-0.424805	-0.186462	0.984802	-0.130310
-0.390625	-0.026245	0.814209	0.014343
-0.348816	0.133057	0.635681	0.162354
-0.307007	0.286255	0.464478	0.312500
-0.269165	0.431824	0.305176	0.459290
-0.229492	0.566711	0.162659	0.599976
-0.185852	0.685730	0.041199	0.732727
-0.143127	0.787048	-0.061646	0.861511
-0.100098	0.865479	-0.147095	0.986938
-0.052490	0.913696	-0.209656	1.101074
0.001221	0.929871	-0.258179	1.208496
0.056763	0.915833	-0.294495	1.296997
0.115051	0.863037	-0.311279	1.355591
0.171204	0.776367	-0.308838	1.386719
0.220032	0.665588	-0.297241	1.385498
0.261536	0.532532	-0.278320	1.342163
0.290833	0.379944	-0.256653	1.257019
0.303040	0.216064	-0.243225	1.137695
0.301514	0.044861	-0.239258	0.990906
0.292358	-0.132446	-0.242920	0.819702
0.281067	-0.311279	-0.259094	0.628967
0.266724	-0.493774	-0.285339	0.420532
0.249023	-0.674438	-0.320740	0.195923
0.231323	-0.844727	-0.364685	-0.033264
0.215454	-1.001587	-0.418396	-0.256042
0.206299	-1.141968	-0.480652	-0.469666
0.205078	-1.267700	-0.549927	-0.661926
0.213013	-1.380310	-0.619812	-0.817261
0.226440	-1.466370	-0.683289	-0.930786
0.240784	-1.516724	-0.735779	-1.003418
0.260010	-1.526489	-0.772095	-1.041260
0.279846	-1.493530	-0.789795	-1.043091
