2020/1/9 9:23:01 40us
CH1			CH2			CH3			CH4
-0.007629	-0.002441	0.007629	-0.007019
-0.008240	-0.003052	0.007935	-0.007629
-0.007935	-0.003357	0.007935	-0.007324
-0.007629	-0.003357	0.007629	-0.007629
-0.007629	-0.003357	0.007324	-0.007629
-0.007629	-0.003052	0.007324	-0.007629
-0.007324	-0.002747	0.007019	-0.007324
-0.007324	-0.002441	0.007019	-0.007935
-0.007324	-0.002441	0.007019	-0.007935
-0.007629	-0.002747	0.006714	-0.007629
-0.007629	-0.002441	0.006714	-0.007935
-0.007629	-0.003357	0.006714	-0.007324
-0.007324	-0.002747	0.006714	-0.007629
-0.007324	-0.002747	0.007019	-0.007935
-0.007629	-0.002747	0.006714	-0.007629
-0.007019	-0.002441	0.007019	-0.007935
-0.007324	-0.002747	0.006714	-0.007324
-0.007324	-0.003052	0.007019	-0.007019
-0.007324	-0.002747	0.006714	-0.007324
-0.007324	-0.002441	0.006714	-0.007629
-0.007629	-0.002441	0.007019	-0.007629
-0.007629	-0.002136	0.006409	-0.007324
-0.007019	-0.002441	0.006714	-0.007629
-0.007324	-0.002441	0.007019	-0.007324
-0.007629	-0.002747	0.006409	-0.007324
-0.007935	-0.003052	0.006104	-0.007629
-0.007629	-0.003662	0.005798	-0.007935
-0.007629	-0.003662	0.005798	-0.007324
-0.007629	-0.003357	0.005188	-0.007324
-0.007629	-0.003357	0.006104	-0.007629
-0.007935	-0.003967	0.006104	-0.007935
-0.007935	-0.003967	0.005188	-0.008240
-0.008240	-0.004272	0.005493	-0.008545
-0.008545	-0.005188	0.005798	-0.008545
-0.008545	-0.004883	0.005798	-0.007935
-0.008240	-0.005493	0.004883	-0.008545
-0.008240	-0.005493	0.005188	-0.008545
-0.008240	-0.005798	0.005798	-0.008240
-0.008545	-0.006714	0.006714	-0.008545
-0.008240	-0.007629	0.006104	-0.009460
-0.008850	-0.007019	0.004883	-0.008850
-0.009155	-0.007019	0.019531	-0.008545
-0.008850	-0.018311	-0.050659	-0.018921
-0.003357	0.021667	-0.108337	0.022583
-0.022888	0.021362	-0.059814	0.009766
0.025940	-0.075684	0.101013	-0.083923
0.033264	-0.151978	0.287781	-0.176697
0.011902	-0.219116	0.491333	-0.219727
-0.101624	-0.270081	0.687256	-0.192261
-0.126038	-0.240479	0.864868	-0.143738
-0.124512	-0.147095	1.093445	-0.067139
-0.138550	0.016785	1.369019	0.030823
-0.173950	0.213928	1.625977	0.165100
-0.207214	0.460815	1.866455	0.363464
-0.170593	0.783997	2.012329	0.640564
-0.084229	1.095581	1.965942	0.958252
-0.004272	1.337280	1.865234	1.261292
0.108643	1.523743	1.712036	1.558533
0.214844	1.654968	1.436157	1.896973
0.389709	1.764832	1.080933	2.216797
0.615234	1.803894	0.592651	2.403259
0.819397	1.747131	0.057678	2.391968
0.947266	1.628723	-0.454102	2.225342
0.952454	1.512451	-0.897217	1.998291
0.875854	1.477661	-1.315613	1.737061
0.805054	1.413879	-1.762390	1.370850
0.693054	1.243286	-2.186584	0.951843
0.613708	1.049194	-2.602844	0.533447
0.484314	0.831909	-3.002014	0.016174
0.351868	0.640564	-3.333435	-0.480957
0.233459	0.422668	-3.601990	-0.980530
0.119934	0.161133	-3.860779	-1.460266
0.036316	-0.120239	-4.082336	-1.822815
-0.040283	-0.441895	-4.241943	-2.109375
-0.140381	-0.748901	-4.352112	-2.347107
-0.238342	-1.055908	-4.361572	-2.555237
-0.339050	-1.422729	-4.267883	-2.732544
-0.386963	-1.829834	-4.084778	-2.782593
-0.457764	-2.308350	-3.829041	-2.745972
-0.559387	-2.773132	-3.500061	-2.709045
-0.644226	-3.128357	-3.119812	-2.628479
-0.727539	-3.403320	-2.682190	-2.556763
-0.830383	-3.589783	-2.183838	-2.485352
-0.890198	-3.724670	-1.661987	-2.403870
-0.914917	-3.841858	-1.180420	-2.318726
-0.928650	-3.840942	-0.744324	-2.214661
-0.921326	-3.699646	-0.343018	-2.123108
-0.884705	-3.448486	0.062866	-2.026978
-0.834351	-3.063660	0.409546	-1.864624
-0.789490	-2.523499	0.679626	-1.691589
-0.698547	-1.930542	0.921936	-1.531982
-0.606384	-1.252136	1.151428	-1.396790
-0.500488	-0.565491	1.378479	-1.281738
-0.365295	0.085449	1.647644	-1.144714
-0.279236	0.745239	1.937256	-0.995789
-0.211182	1.380615	2.203064	-0.851746
-0.125122	1.931458	2.453918	-0.726929
-0.044556	2.400818	2.700806	-0.635986
0.050354	2.752380	2.919617	-0.497131
0.144653	2.953186	3.085022	-0.329895
0.238037	3.022156	3.186035	-0.150452
0.301819	2.987671	3.258667	0.065613
0.315247	2.779846	3.273315	0.297546
0.312805	2.453613	3.221130	0.538635
0.296021	2.076416	3.101501	0.809937
0.263062	1.664734	2.950439	1.124878
0.212097	1.214294	2.834778	1.431274
0.131836	0.760193	2.733765	1.679382
0.046997	0.340271	2.614136	1.904297
-0.004272	-0.069580	2.514954	2.086792
-0.005188	-0.516663	2.339783	2.271423
0.002441	-1.007080	2.105713	2.451172
0.003052	-1.505127	1.863098	2.579956
0.039063	-1.936340	1.626587	2.662354
0.083618	-2.268677	1.371155	2.736816
0.169983	-2.570190	1.030579	2.763367
0.295105	-2.896729	0.613098	2.739563
0.420227	-3.241882	0.135498	2.705994
0.558472	-3.557434	-0.346069	2.663574
0.652161	-3.833008	-0.837708	2.601929
0.704346	-4.147644	-1.314087	2.481995
0.727234	-4.477539	-1.763000	2.343140
0.693970	-4.757690	-2.183838	2.168884
0.643005	-4.924011	-2.564087	1.945801
0.546570	-4.938660	-2.853394	1.690369
0.383606	-4.749756	-3.057251	1.391907
0.192566	-4.363098	-3.169556	1.069946
0.015564	-3.861694	-3.147888	0.733948
-0.124512	-3.298340	-3.097534	0.427856
-0.226746	-2.690735	-3.007813	0.146790
-0.328369	-2.061462	-2.821655	-0.129089
-0.427856	-1.435547	-2.512512	-0.340881
-0.520325	-0.838013	-2.105103	-0.498657
-0.572815	-0.298157	-1.683350	-0.664368
-0.579224	0.272522	-1.275940	-0.799866
-0.555725	0.853882	-0.915527	-0.854492
-0.534363	1.383667	-0.562744	-0.849915
-0.520325	1.887207	-0.198669	-0.853577
-0.491638	2.366028	0.197144	-0.872192
-0.460205	2.823486	0.556030	-0.859070
-0.424500	3.231812	0.830078	-0.833435
-0.365906	3.613281	1.036377	-0.804443
-0.303040	3.985901	1.211548	-0.737305
-0.236511	4.304810	1.351929	-0.663757
-0.153503	4.598694	1.446533	-0.624084
-0.045471	4.860535	1.511536	-0.623169
0.062561	5.086060	1.533813	-0.654297
0.195313	5.263977	1.519470	-0.702820
0.330200	5.331116	1.513672	-0.783997
0.411072	5.359497	1.532593	-0.890808
0.459900	5.392151	1.562195	-1.023560
0.508118	5.360413	1.585693	-1.185913
0.536804	5.291443	1.578369	-1.388550
0.510254	5.185242	1.534729	-1.607971
0.456238	4.973145	1.488037	-1.827698
0.407104	4.674072	1.437683	-2.011414
0.300293	4.298706	1.325989	-2.135925
0.133972	3.835449	1.147156	-2.238770
-0.020142	3.285217	0.917358	-2.299500
-0.156555	2.661438	0.635071	-2.248840
-0.249939	1.999207	0.302124	-2.081604
-0.317078	1.272888	-0.078430	-1.911926
-0.380249	0.479431	-0.538330	-1.733398
-0.431824	-0.300598	-1.014404	-1.507568
-0.476685	-1.083679	-1.448364	-1.249390
-0.509949	-1.846619	-1.823120	-1.033020
-0.513611	-2.566223	-2.109375	-0.867920
-0.500183	-3.204651	-2.314758	-0.732727
-0.469360	-3.737488	-2.431335	-0.651550
-0.438538	-4.133911	-2.449951	-0.613708
-0.417786	-4.387207	-2.377625	-0.580750
-0.397339	-4.577942	-2.240601	-0.543823
-0.368958	-4.761963	-2.062988	-0.488281
-0.335999	-4.848328	-1.877441	-0.429688
-0.274048	-4.801941	-1.694031	-0.323181
-0.181580	-4.709167	-1.486206	-0.169678
-0.096436	-4.583435	-1.271362	0.004272
-0.024414	-4.351807	-1.074219	0.221558
0.063782	-4.005127	-0.875244	0.473633
0.173645	-3.600464	-0.709534	0.749817
0.271912	-3.161316	-0.595703	1.050110
0.344849	-2.712708	-0.485229	1.357727
0.399170	-2.265625	-0.292053	1.628418
0.453796	-1.807556	-0.023499	1.890259
0.493774	-1.392822	0.300903	2.112427
0.512695	-1.029663	0.648804	2.250366
0.513611	-0.730286	0.981140	2.350769
0.503845	-0.493164	1.283264	2.459717
0.492554	-0.297546	1.595154	2.556458
0.467529	-0.127869	1.896667	2.536316
0.431519	0.034790	2.171936	2.446899
0.384521	0.146484	2.381897	2.358093
0.314636	0.207520	2.510986	2.236023
0.229492	0.261230	2.586670	2.070313
0.125427	0.281067	2.628479	1.880798
0.006409	0.289612	2.607422	1.662903
-0.120850	0.284424	2.541199	1.410828
-0.256348	0.263672	2.418518	1.091919
-0.393372	0.243225	2.232056	0.738831
-0.514526	0.201721	2.021484	0.390015
-0.638428	0.133972	1.815796	0.036011
-0.764771	0.099792	1.617737	-0.304871
-0.864868	0.085754	1.382446	-0.623474
-0.918274	0.069580	1.100159	-0.921936
-0.928650	0.106201	0.780334	-1.204224
-0.909424	0.170288	0.460815	-1.484985
-0.848389	0.231628	0.195618	-1.741028
-0.776367	0.335083	-0.027466	-1.950989
-0.750427	0.513000	-0.228577	-2.125244
-0.748901	0.748291	-0.380554	-2.246704
-0.740051	1.029358	-0.480347	-2.293091
-0.718994	1.353760	-0.530701	-2.262573
-0.681152	1.704407	-0.518799	-2.183533
-0.623474	2.048950	-0.468140	-2.095947
-0.534668	2.362671	-0.390015	-1.946716
-0.422363	2.634277	-0.268860	-1.714478
-0.287476	2.851563	-0.115967	-1.434021
-0.129395	3.017273	0.045471	-1.137695
0.043030	3.130493	0.210266	-0.845947
0.228271	3.158875	0.351868	-0.530701
0.441284	3.128052	0.468750	-0.180054
0.668030	3.067627	0.556641	0.194702
0.883179	2.958679	0.601501	0.575562
1.066589	2.799683	0.604858	0.950317
1.206055	2.615967	0.584106	1.297913
1.300659	2.452087	0.542908	1.615295
1.351318	2.313538	0.483093	1.888428
1.365967	2.172546	0.405579	2.098083
1.325684	2.020874	0.305176	2.241821
1.250916	1.867065	0.185852	2.322083
1.159668	1.726074	0.073242	2.345886
1.062622	1.575012	-0.044861	2.338562
0.963440	1.405029	-0.209961	2.284241
0.866394	1.212769	-0.414429	2.184448
0.791931	1.002502	-0.631104	2.069397
0.746155	0.790100	-0.859985	1.946411
0.702515	0.546570	-1.056519	1.785278
0.663452	0.273132	-1.205139	1.596069
0.636292	-0.031433	-1.325378	1.423950
0.607910	-0.380249	-1.427002	1.258850
0.565186	-0.728455	-1.513977	1.097717
0.509949	-1.053772	-1.569214	0.935059
0.452576	-1.338501	-1.594543	0.774536
0.382996	-1.580200	-1.597595	0.616760
0.297546	-1.777954	-1.562500	0.470581
0.196533	-1.936035	-1.487732	0.343018
0.086975	-2.069092	-1.401672	0.232239
-0.034180	-2.173767	-1.325684	0.134888
-0.161438	-2.214661	-1.238403	0.025330
-0.286255	-2.170105	-1.136780	-0.113220
-0.409851	-2.061768	-1.033936	-0.273743
-0.539246	-1.917419	-0.900574	-0.458679
-0.666199	-1.773987	-0.711365	-0.689392
-0.770569	-1.637878	-0.471802	-0.957031
-0.856323	-1.496582	-0.189209	-1.248779
-0.917969	-1.333618	0.131226	-1.535950
-0.969238	-1.139832	0.460510	-1.817932
-1.011047	-0.923767	0.791321	-2.084045
-1.029358	-0.687256	1.129150	-2.296753
-1.024780	-0.448608	1.451416	-2.444458
-0.997009	-0.210571	1.740417	-2.536011
-0.943298	0.022278	1.980896	-2.566528
-0.857849	0.235596	2.166443	-2.522888
-0.745544	0.421753	2.302246	-2.406311
-0.617065	0.561218	2.363586	-2.228699
-0.476990	0.647583	2.336121	-2.009888
-0.340271	0.686951	2.237549	-1.758423
-0.224915	0.693665	2.081909	-1.483154
-0.130005	0.687866	1.900024	-1.185303
-0.054321	0.643311	1.725159	-0.896606
0.002747	0.569458	1.564026	-0.636597
0.046997	0.505981	1.421814	-0.384827
0.080566	0.439758	1.293030	-0.149231
0.101929	0.350342	1.173096	0.071106
0.101318	0.252380	1.060181	0.278015
0.096130	0.160217	0.970154	0.476074
0.111084	0.088501	0.913391	0.680847
0.151672	0.041504	0.856323	0.884399
0.209961	0.000916	0.769958	1.088257
0.260010	-0.044861	0.657959	1.292419
0.286865	-0.099792	0.513916	1.496277
0.292358	-0.162048	0.342102	1.694946
0.287781	-0.236511	0.137634	1.864624
0.259094	-0.329590	-0.104370	1.982422
0.225830	-0.459595	-0.393066	2.064514
0.198669	-0.628967	-0.699768	2.106323
0.165405	-0.838928	-1.015625	2.084045
0.120544	-1.061401	-1.324463	1.983643
0.060730	-1.291809	-1.635742	1.803894
-0.016174	-1.523132	-1.955872	1.562195
-0.081787	-1.746216	-2.283936	1.272583
-0.131531	-1.966858	-2.594910	0.946655
-0.151672	-2.156982	-2.867432	0.617065
-0.145874	-2.303162	-3.094177	0.281067
-0.133972	-2.403870	-3.274231	-0.057068
-0.115356	-2.453003	-3.399353	-0.360107
-0.078735	-2.449646	-3.467102	-0.605774
-0.029907	-2.416382	-3.473816	-0.790100
0.006104	-2.346802	-3.399658	-0.926514
0.034790	-2.229004	-3.238831	-1.028137
0.072327	-2.059937	-2.989197	-1.091614
0.117493	-1.832886	-2.672729	-1.110535
0.180359	-1.557922	-2.313538	-1.090393
0.252991	-1.261597	-1.911621	-1.035461
0.318909	-0.957336	-1.488342	-0.952454
0.371094	-0.644531	-1.060486	-0.839233
0.403137	-0.310669	-0.626831	-0.696411
0.431213	0.040894	-0.200500	-0.534668
0.469360	0.387573	0.199585	-0.368958
0.516663	0.724182	0.572815	-0.212402
0.564575	1.059265	0.935669	-0.085144
0.604858	1.388855	1.296082	0.006104
0.627136	1.719055	1.640930	0.071716
0.629883	2.049255	1.977539	0.113220
0.621033	2.374573	2.293396	0.128479
0.589905	2.703552	2.581482	0.106812
0.543213	3.036499	2.832642	0.050964
0.498657	3.362732	3.037109	-0.013123
0.447693	3.675232	3.193970	-0.092163
0.383301	3.921509	3.289490	-0.188599
0.314941	4.077759	3.318176	-0.285950
0.230713	4.168396	3.273621	-0.379639
0.144958	4.192200	3.149414	-0.478210
0.063782	4.123535	2.953796	-0.572205
-0.017700	3.953552	2.698669	-0.660706
-0.100708	3.704224	2.406006	-0.736389
-0.197449	3.382874	2.087708	-0.810852
-0.288086	2.997131	1.744080	-0.870361
-0.378723	2.560120	1.370850	-0.913696
-0.471191	2.077942	0.993042	-0.949097
-0.554810	1.585388	0.646973	-0.986633
-0.639648	1.120605	0.353699	-1.011353
-0.713501	0.692139	0.104980	-1.031799
-0.765991	0.310974	-0.091553	-1.047058
-0.791626	-0.024414	-0.240173	-1.014404
-0.783386	-0.307922	-0.345459	-0.913086
-0.740356	-0.553284	-0.399780	-0.763855
-0.672607	-0.753784	-0.410156	-0.589905
-0.582275	-0.909424	-0.389404	-0.379333
-0.483093	-1.051331	-0.358887	-0.128479
-0.364380	-1.174622	-0.332947	0.151672
-0.226746	-1.281738	-0.305176	0.464783
-0.076599	-1.384277	-0.264587	0.804443
0.079956	-1.472778	-0.219727	1.145325
0.233765	-1.544189	-0.182495	1.475830
0.373840	-1.605225	-0.165405	1.793518
0.507202	-1.656189	-0.176086	2.110596
0.637207	-1.693726	-0.211792	2.410889
0.739746	-1.728210	-0.254517	2.683411
0.797119	-1.743164	-0.291443	2.919617
0.820618	-1.729126	-0.322571	3.110046
0.818787	-1.693115	-0.363159	3.253784
0.793457	-1.630859	-0.411987	3.359985
0.741882	-1.540222	-0.455627	3.424072
0.670471	-1.423035	-0.498047	3.429260
0.574036	-1.280823	-0.544128	3.381348
0.439148	-1.107788	-0.585022	3.274536
0.292969	-0.910034	-0.598145	3.110046
0.144958	-0.713196	-0.574036	2.898560
-0.003967	-0.522766	-0.526733	2.642517
-0.142517	-0.342407	-0.454407	2.339478
-0.280151	-0.180664	-0.372314	1.983643
-0.418701	-0.035400	-0.302429	1.597900
-0.537109	0.080566	-0.233459	1.210632
-0.629883	0.160522	-0.162659	0.833435
-0.713196	0.214844	-0.100708	0.457153
-0.786743	0.257263	-0.056152	0.083618
-0.824890	0.289612	-0.033875	-0.264587
-0.840759	0.317688	-0.024109	-0.580750
-0.838013	0.350037	-0.037842	-0.877380
-0.813904	0.388489	-0.071106	-1.160278
-0.786438	0.432129	-0.110779	-1.425171
-0.768433	0.482178	-0.150452	-1.675720
-0.753479	0.545044	-0.183411	-1.909485
-0.729675	0.640259	-0.192261	-2.133789
-0.696106	0.759277	-0.166321	-2.365112
-0.663147	0.910950	-0.115967	-2.586060
-0.615845	1.091614	-0.037231	-2.790527
-0.558777	1.279297	0.065918	-2.979431
-0.491333	1.454163	0.173035	-3.127136
-0.414429	1.600647	0.262756	-3.238220
-0.328674	1.705017	0.348511	-3.317261
-0.234070	1.762695	0.431213	-3.349304
-0.138855	1.774292	0.498047	-3.338013
-0.040283	1.734619	0.545654	-3.284607
0.054016	1.643982	0.553589	-3.179321
0.135498	1.508484	0.513611	-3.009644
0.208740	1.338501	0.438538	-2.776489
0.274048	1.136780	0.346985	-2.504883
0.335999	0.925903	0.239563	-2.204285
0.403748	0.718994	0.123901	-1.883850
0.471802	0.508118	0.000305	-1.555786
0.530701	0.299072	-0.117188	-1.222229
0.579529	0.112610	-0.224915	-0.888977
0.616760	-0.057373	-0.326233	-0.562744
0.647888	-0.200195	-0.418701	-0.247498
0.682678	-0.308533	-0.514526	0.054626
0.723572	-0.393066	-0.603943	0.335083
0.761108	-0.451050	-0.680542	0.591431
0.789795	-0.473633	-0.744324	0.819397
0.800171	-0.469360	-0.784607	1.024475
0.792847	-0.457458	-0.805359	1.204224
0.781250	-0.440674	-0.819092	1.356812
0.775452	-0.411072	-0.827637	1.500244
0.758057	-0.371094	-0.827332	1.618347
0.722961	-0.337219	-0.816956	1.695557
0.682373	-0.310669	-0.802002	1.735840
0.629883	-0.289612	-0.787964	1.737671
0.563965	-0.279236	-0.770874	1.716003
0.492859	-0.282593	-0.758057	1.666260
0.415649	-0.295105	-0.744019	1.595154
0.333557	-0.322571	-0.715027	1.507263
0.252991	-0.360718	-0.680847	1.398621
0.173340	-0.407715	-0.639648	1.275940
0.093689	-0.470886	-0.584106	1.149292
0.011292	-0.551147	-0.520020	1.001587
-0.083923	-0.643005	-0.444946	0.823364
-0.194092	-0.730896	-0.353394	0.620422
-0.307312	-0.803528	-0.245056	0.400696
-0.417175	-0.857849	-0.132141	0.181580
-0.517578	-0.899963	-0.018005	-0.021973
-0.600891	-0.928955	0.100098	-0.204773
-0.668945	-0.935669	0.212708	-0.373230
-0.724487	-0.931091	0.313110	-0.512695
-0.762024	-0.914001	0.403137	-0.608826
-0.773010	-0.877075	0.481262	-0.669861
-0.763245	-0.831604	0.545654	-0.693665
-0.738220	-0.782166	0.604248	-0.675964
-0.698853	-0.713501	0.660706	-0.617981
-0.639954	-0.613708	0.724182	-0.521240
-0.565186	-0.489197	0.798340	-0.395203
-0.484619	-0.333557	0.890503	-0.240479
-0.402527	-0.140991	0.999756	-0.062866
-0.324402	0.094299	1.131897	0.118713
-0.256348	0.382080	1.283264	0.287170
-0.196838	0.712280	1.447754	0.439148
-0.146484	1.074219	1.624756	0.578613
-0.109863	1.448364	1.805115	0.708008
-0.086670	1.812439	1.981506	0.823975
-0.074463	2.158203	2.147827	0.921631
-0.072632	2.467651	2.290955	1.004028
-0.079346	2.731934	2.394409	1.067505
-0.089111	2.928467	2.445068	1.115112
-0.094299	3.044128	2.444153	1.148682
-0.095215	3.089905	2.397461	1.166077
-0.088196	3.082886	2.309570	1.164856
-0.069885	3.006592	2.179565	1.146851
-0.048218	2.861938	2.005615	1.120911
-0.026550	2.661133	1.795044	1.087952
-0.002747	2.422485	1.548462	1.039734
0.020752	2.147217	1.278992	0.972595
0.036316	1.830750	0.979004	0.885010
0.046692	1.470642	0.653381	0.776367
0.057983	1.072388	0.317383	0.660400
0.068359	0.646057	-0.015564	0.536499
0.076294	0.197449	-0.356750	0.384521
0.074768	-0.260925	-0.710449	0.200806
0.066833	-0.710449	-1.060791	0.002136
0.055237	-1.148376	-1.406555	-0.195618
0.044250	-1.564331	-1.735535	-0.391541
0.036011	-1.945801	-2.026672	-0.596008
0.033875	-2.286987	-2.264709	-0.802002
0.035095	-2.589722	-2.457886	-0.994568
0.047607	-2.857666	-2.603149	-1.166077
0.082703	-3.075256	-2.690735	-1.300659
0.132751	-3.245850	-2.722473	-1.384583
0.191345	-3.399658	-2.704773	-1.412659
0.260315	-3.531494	-2.642212	-1.388245
0.335083	-3.594360	-2.532349	-1.321106
0.419617	-3.583679	-2.394714	-1.211853
0.513000	-3.528137	-2.250671	-1.065369
0.592651	-3.424072	-2.087708	-0.885620
0.647583	-3.245239	-1.904297	-0.686035
0.672913	-2.990112	-1.718445	-0.489807
0.683594	-2.688904	-1.544189	-0.315552
0.673828	-2.348022	-1.391296	-0.172119
0.643005	-1.976318	-1.237183	-0.064392
0.598755	-1.592712	-1.048584	-0.012512
0.530396	-1.209106	-0.832825	-0.008240
0.439758	-0.829468	-0.616760	-0.078125
0.325317	-0.444336	-0.422668	-0.224609
0.193787	-0.067139	-0.240173	-0.397339
0.067444	0.299072	-0.059509	-0.566406
-0.048218	0.646667	0.122375	-0.751038
-0.150757	0.975952	0.296936	-0.970764
-0.230713	1.268005	0.469360	-1.199341
-0.309143	1.519165	0.626221	-1.416016
-0.387268	1.731567	0.753784	-1.619568
-0.449829	1.882019	0.854492	-1.805420
-0.507507	1.977539	0.936584	-1.955566
-0.562744	2.048645	0.999146	-2.066956
-0.608521	2.088013	1.049500	-2.152100
-0.641785	2.074585	1.093750	-2.204590
-0.664978	1.992493	1.122131	-2.218933
-0.678711	1.861267	1.120605	-2.201843
-0.693970	1.708984	1.090088	-2.170715
-0.709839	1.543579	1.031799	-2.133179
-0.713196	1.351318	0.941772	-2.079163
-0.704956	1.145630	0.820923	-2.021179
-0.685120	0.955200	0.685120	-1.960144
-0.653381	0.768738	0.563660	-1.872559
-0.599670	0.579224	0.440063	-1.745911
-0.527344	0.381165	0.310974	-1.587219
-0.451050	0.188599	0.179749	-1.398315
-0.372314	0.024719	0.061340	-1.177063
-0.289917	-0.125427	-0.042419	-0.916748
-0.201416	-0.264587	-0.144043	-0.638123
-0.106812	-0.395813	-0.239563	-0.355835
-0.011902	-0.536499	-0.332947	-0.052490
0.080261	-0.677795	-0.416870	0.281372
0.167542	-0.820313	-0.485229	0.638733
0.256042	-0.977173	-0.541992	0.983887
0.328369	-1.146240	-0.598450	1.305237
0.372314	-1.333618	-0.654297	1.607056
0.405273	-1.532593	-0.717468	1.890564
0.421143	-1.719666	-0.784607	2.150574
0.427246	-1.878052	-0.841980	2.380066
0.422363	-2.008972	-0.880127	2.566223
0.390930	-2.111511	-0.889587	2.711487
0.335083	-2.166748	-0.880432	2.830200
0.277405	-2.178650	-0.865173	2.921143
0.221252	-2.147217	-0.836792	2.972412
0.155029	-2.083130	-0.789490	2.970886
0.090637	-1.983948	-0.723572	2.917480
0.055847	-1.843872	-0.628967	2.821350
0.035400	-1.666870	-0.504456	2.687683
0.030518	-1.468811	-0.365906	2.528381
0.045471	-1.261292	-0.229797	2.338562
0.073853	-1.037903	-0.098572	2.134705
0.094299	-0.808716	0.026855	1.953735
0.106201	-0.573730	0.157776	1.759338
0.122986	-0.361633	0.294800	1.540222
0.146179	-0.172729	0.437622	1.327209
0.176392	-0.001831	0.573730	1.125488
0.203857	0.143433	0.696411	0.911560
0.205688	0.269470	0.804138	0.685730
0.187073	0.379944	0.904846	0.456848
0.165710	0.476379	1.004333	0.226135
0.133057	0.549316	1.097412	-0.006104
0.083313	0.610046	1.192017	-0.247192
0.016479	0.661316	1.280212	-0.492859
-0.059204	0.692749	1.349182	-0.734253
-0.144958	0.708618	1.398621	-0.960388
-0.228882	0.736389	1.423035	-1.173706
-0.297852	0.775452	1.420288	-1.365662
-0.350952	0.805359	1.389771	-1.534424
-0.392456	0.825806	1.335754	-1.677246
-0.424805	0.833435	1.263733	-1.796875
-0.440979	0.830383	1.184082	-1.891785
-0.436096	0.814819	1.076965	-1.967468
-0.416260	0.802612	0.944214	-2.014771
-0.380554	0.796204	0.794678	-2.037354
-0.334473	0.792236	0.627441	-2.020874
-0.279846	0.787354	0.438538	-1.960144
-0.224609	0.777283	0.237122	-1.867065
-0.169983	0.769348	0.042725	-1.753540
-0.110779	0.765686	-0.135803	-1.631165
-0.050354	0.765076	-0.290527	-1.499329
0.009460	0.766296	-0.424194	-1.363220
0.073547	0.773621	-0.536804	-1.228638
0.135193	0.792847	-0.624084	-1.087952
0.190430	0.829773	-0.687561	-0.932617
0.239868	0.888367	-0.719910	-0.781860
0.279541	0.962830	-0.719299	-0.644226
0.310669	1.057739	-0.700073	-0.512695
0.332947	1.164246	-0.661011	-0.365295
0.339355	1.270752	-0.599365	-0.196838
0.335083	1.374512	-0.532532	-0.017090
0.323486	1.454773	-0.473328	0.169983
0.316772	1.509094	-0.415649	0.373230
0.319519	1.536560	-0.374451	0.585327
0.326843	1.526184	-0.353088	0.795898
0.338745	1.468506	-0.351563	0.997620
0.347900	1.358948	-0.382080	1.173706
0.348206	1.196899	-0.447083	1.315918
0.330505	0.982056	-0.542603	1.419067
0.304565	0.719910	-0.663452	1.489868
0.275269	0.419006	-0.817871	1.533508
0.238037	0.096436	-0.996399	1.539307
0.199280	-0.241089	-1.181946	1.503601
0.152283	-0.581665	-1.365356	1.427612
0.092163	-0.914001	-1.538086	1.317444
0.022583	-1.234131	-1.699524	1.170349
-0.050964	-1.526489	-1.841431	0.989075
-0.123901	-1.781921	-1.962585	0.790405
-0.189819	-2.003174	-2.058716	0.579224
-0.246277	-2.185364	-2.134705	0.362244
-0.293274	-2.327576	-2.180481	0.159607
-0.330200	-2.436218	-2.197571	-0.021667
-0.362549	-2.517395	-2.186584	-0.176086
-0.389404	-2.575378	-2.145386	-0.303650
-0.411377	-2.599182	-2.070923	-0.404663
-0.432129	-2.582397	-1.957397	-0.473938
-0.453491	-2.539978	-1.799622	-0.511169
-0.465393	-2.472839	-1.600342	-0.516052
-0.467529	-2.366638	-1.369019	-0.497131
-0.466614	-2.215576	-1.102905	-0.465393
-0.460510	-2.024841	-0.804138	-0.418396
-0.457764	-1.795349	-0.492249	-0.360107
-0.454407	-1.531982	-0.172729	-0.304565
-0.448914	-1.240234	0.167236	-0.252380
-0.440979	-0.916138	0.526123	-0.205994
-0.425110	-0.564270	0.876465	-0.177917
-0.398560	-0.191345	1.203918	-0.168152
-0.354309	0.191650	1.510315	-0.166321
-0.306091	0.566101	1.796875	-0.164490
-0.256042	0.918579	2.060242	-0.176392
-0.203857	1.248169	2.300110	-0.217590
-0.150146	1.547852	2.514038	-0.276489
-0.102844	1.799316	2.687073	-0.345154
-0.058289	1.992798	2.812195	-0.425110
-0.011902	2.129211	2.884521	-0.505676
0.027466	2.207642	2.902832	-0.569153
0.063782	2.238770	2.861328	-0.615234
0.098267	2.218018	2.768555	-0.650635
0.126343	2.123108	2.634583	-0.670471
0.145874	1.965942	2.456665	-0.661011
0.162048	1.765137	2.239685	-0.625916
0.173035	1.529541	2.001038	-0.567932
0.175476	1.264648	1.753540	-0.487061
0.176086	0.983887	1.489258	-0.388794
0.179443	0.697632	1.219177	-0.275574
0.180359	0.414734	0.955505	-0.158997
0.183105	0.135193	0.689392	-0.040894
0.185852	-0.136414	0.431824	0.071106
0.192566	-0.397034	0.195007	0.172424
0.199280	-0.632629	-0.020752	0.263062
0.205078	-0.848389	-0.217590	0.351868
0.222473	-1.052856	-0.401001	0.437012
0.252991	-1.243896	-0.582886	0.529175
0.301514	-1.417542	-0.771790	0.639343
0.362549	-1.575317	-0.961609	0.755005
0.419617	-1.728210	-1.140137	0.867615
0.476685	-1.872864	-1.304016	0.980835
0.522156	-1.990356	-1.447144	1.098022
0.559998	-2.068176	-1.572266	1.212463
0.595093	-2.097473	-1.670837	1.311340
0.617981	-2.075195	-1.741333	1.399231
0.632019	-2.002869	-1.778259	1.483765
0.632629	-1.870728	-1.781921	1.553345
0.614014	-1.690063	-1.746216	1.595459
0.571899	-1.469116	-1.687622	1.607361
0.514526	-1.220093	-1.597595	1.583252
0.444946	-0.960388	-1.466980	1.525269
0.351257	-0.695496	-1.294556	1.443481
0.247803	-0.429993	-1.094055	1.329956
0.145874	-0.167847	-0.882568	1.187134
0.049744	0.092163	-0.670166	1.031494
-0.039978	0.346680	-0.462036	0.867004
-0.115356	0.589294	-0.252686	0.696411
-0.179749	0.813293	-0.043335	0.522766
-0.240173	1.025696	0.155945	0.349426
-0.299377	1.229248	0.337830	0.179749
-0.347595	1.419373	0.505371	0.019531
-0.375671	1.587219	0.663147	-0.124512
-0.385437	1.721497	0.805664	-0.239563
-0.371399	1.820374	0.927734	-0.330811
-0.350037	1.896057	1.026917	-0.410156
-0.331116	1.958923	1.111450	-0.476379
-0.311584	1.998901	1.180115	-0.526733
-0.289917	2.000122	1.230164	-0.561218
-0.276184	1.982422	1.265564	-0.580750
-0.273743	1.959229	1.280518	-0.585327
-0.275269	1.926270	1.274719	-0.582581
-0.277405	1.877747	1.243286	-0.582275
-0.283813	1.822205	1.186523	-0.591431
-0.303345	1.755371	1.109619	-0.605774
-0.334473	1.671448	1.018982	-0.626526
-0.373840	1.571655	0.914612	-0.648499
-0.422668	1.454773	0.806274	-0.674133
-0.470581	1.314087	0.698547	-0.696716
-0.508728	1.151123	0.592651	-0.704346
-0.535278	0.967407	0.489502	-0.687256
-0.535889	0.759888	0.378113	-0.651550
-0.517578	0.520630	0.255127	-0.600891
-0.487366	0.255737	0.116882	-0.530396
-0.447693	-0.023804	-0.024109	-0.443115
-0.403137	-0.316772	-0.158081	-0.355835
-0.348511	-0.620117	-0.282288	-0.269775
-0.288696	-0.919800	-0.401917	-0.190735
-0.227051	-1.209106	-0.510864	-0.122986
-0.160217	-1.479797	-0.603027	-0.065613
-0.099182	-1.737976	-0.680542	-0.006409
-0.048828	-1.971741	-0.742798	0.040588
-0.012207	-2.170410	-0.786133	0.066223
0.015869	-2.339478	-0.813293	0.069885
0.035400	-2.475586	-0.827942	0.062866
0.054626	-2.587891	-0.826721	0.062866
0.083313	-2.676392	-0.809326	0.069885
0.112000	-2.720642	-0.780945	0.083618
0.144958	-2.728577	-0.743408	0.111084
0.185547	-2.708130	-0.695801	0.150757
0.237732	-2.647705	-0.646057	0.196533
0.293884	-2.554626	-0.598145	0.250244
0.350647	-2.441101	-0.540466	0.307617
0.404053	-2.301025	-0.469055	0.372620
0.444336	-2.139587	-0.390930	0.443726
0.477905	-1.967773	-0.306091	0.514526
0.499268	-1.800232	-0.210571	0.582886
0.510559	-1.645203	-0.113220	0.650024
0.509644	-1.503906	-0.034180	0.701599
0.496826	-1.373901	0.026855	0.722046
0.469971	-1.250000	0.079346	0.713196
0.428162	-1.138306	0.125427	0.669861
0.375061	-1.035156	0.157166	0.589600
0.319824	-0.937195	0.173035	0.481567
0.262146	-0.841370	0.182190	0.357666
0.192871	-0.746155	0.176392	0.204163
0.114746	-0.652466	0.149231	0.021667
0.032959	-0.559387	0.109558	-0.177917
-0.048218	-0.455627	0.065308	-0.393372
-0.123291	-0.340576	0.021362	-0.617676
-0.190735	-0.224609	-0.017700	-0.846863
-0.256042	-0.107422	-0.051575	-1.079407
-0.313721	0.015869	-0.080566	-1.294861
-0.358887	0.139771	-0.097046	-1.486511
-0.393677	0.263672	-0.101318	-1.651001
-0.415344	0.389404	-0.099487	-1.781616
-0.422668	0.519104	-0.090942	-1.883545
-0.423889	0.656433	-0.072937	-1.958618
-0.420837	0.805359	-0.044861	-2.002563
-0.411987	0.964355	-0.006409	-2.016602
-0.397339	1.132507	0.046997	-2.006836
-0.375977	1.306763	0.107117	-1.970825
-0.354614	1.472778	0.176086	-1.916504
-0.331726	1.645203	0.266113	-1.836548
-0.302734	1.816711	0.367737	-1.730652
-0.268860	1.983337	0.482178	-1.607361
-0.229492	2.137451	0.611877	-1.470947
-0.184021	2.277222	0.745544	-1.321716
-0.128784	2.410278	0.873718	-1.149902
-0.062561	2.528381	0.990906	-0.957947
0.010681	2.626343	1.091919	-0.748596
0.090027	2.683716	1.172485	-0.521240
0.174255	2.685242	1.226501	-0.274658
0.256348	2.651367	1.242676	-0.009766
0.336914	2.603455	1.224365	0.263672
0.414734	2.532654	1.177979	0.540466
0.483398	2.436523	1.101685	0.820618
0.536194	2.321167	0.992737	1.095276
0.563660	2.185669	0.861816	1.344604
0.569458	2.022705	0.705872	1.570129
0.552368	1.827393	0.518188	1.768494
0.516968	1.594238	0.318909	1.933899
0.468750	1.333313	0.120239	2.060852
0.406494	1.054688	-0.069275	2.149963
0.339355	0.758972	-0.252380	2.194824
0.269165	0.455627	-0.432129	2.193298
0.199585	0.152283	-0.602417	2.153625
0.139771	-0.147400	-0.757446	2.093201
0.086975	-0.436707	-0.889587	2.009583
0.041199	-0.708618	-0.994568	1.893616
0.004883	-0.961304	-1.063538	1.756287
-0.027771	-1.192322	-1.105042	1.609497
-0.050964	-1.395264	-1.123047	1.457825
-0.068359	-1.560974	-1.119080	1.305542
-0.080566	-1.694336	-1.091003	1.160583
-0.087585	-1.788940	-1.040039	1.022034
-0.088501	-1.844788	-0.966492	0.891418
-0.090332	-1.871948	-0.875854	0.764465
-0.091858	-1.874390	-0.773315	0.648193
-0.089111	-1.854553	-0.659485	0.540466
-0.092163	-1.805725	-0.534058	0.440979
-0.102539	-1.720276	-0.394592	0.339355
-0.112915	-1.600647	-0.243835	0.230103
-0.126648	-1.450195	-0.091553	0.113831
-0.147400	-1.266174	0.068054	-0.014954
-0.174255	-1.063232	0.235901	-0.156555
-0.202026	-0.844727	0.411682	-0.308533
-0.228577	-0.613098	0.592346	-0.464172
-0.263367	-0.365295	0.780334	-0.623779
-0.297852	-0.104065	0.973511	-0.774536
-0.325928	0.160217	1.165771	-0.910645
-0.344543	0.422363	1.347351	-1.026001
-0.351257	0.674438	1.512146	-1.123352
-0.349426	0.907898	1.647339	-1.205444
-0.340271	1.119690	1.744385	-1.271362
-0.322266	1.305847	1.800232	-1.318054
-0.295715	1.464844	1.814575	-1.343384
-0.260010	1.589966	1.783142	-1.353149
-0.219116	1.682739	1.704102	-1.351929
-0.176697	1.745605	1.584778	-1.339417
-0.136414	1.767578	1.442566	-1.311035
-0.104370	1.749268	1.280212	-1.272278
-0.080566	1.706543	1.096802	-1.227722
-0.061035	1.649170	0.901489	-1.175842
-0.043030	1.574707	0.704041	-1.115112
-0.032959	1.486816	0.499878	-1.042175
-0.030212	1.390076	0.303955	-0.959778
-0.026550	1.292725	0.118713	-0.874329
-0.020142	1.203918	-0.062561	-0.785217
-0.005798	1.119690	-0.236816	-0.697632
0.020752	1.043396	-0.401001	-0.608521
0.054016	0.966187	-0.555725	-0.517578
0.090027	0.882263	-0.696716	-0.419312
0.126953	0.791321	-0.823364	-0.325317
0.162048	0.696106	-0.947876	-0.240173
0.193787	0.594482	-1.077881	-0.156555
0.223999	0.479736	-1.201782	-0.072937
0.257263	0.341492	-1.307373	0.008545
0.280762	0.180664	-1.398926	0.076904
0.291748	0.006714	-1.482239	0.129089
0.299072	-0.174866	-1.559753	0.167542
0.296631	-0.347595	-1.632385	0.186768
0.285950	-0.512695	-1.702271	0.187988
0.287476	-0.679932	-1.758118	0.180969
0.294800	-0.832214	-1.794739	0.170593
0.292664	-0.963440	-1.815186	0.158691
0.282898	-1.067505	-1.823730	0.139160
0.274048	-1.147156	-1.816406	0.120850
0.258484	-1.202698	-1.795044	0.112915
0.231934	-1.229858	-1.758423	0.116272
0.206299	-1.228333	-1.700439	0.119324
0.180664	-1.193542	-1.620483	0.126648
0.153198	-1.127625	-1.523132	0.143433
0.133667	-1.025696	-1.403809	0.161743
0.125732	-0.900269	-1.261292	0.180359
0.123596	-0.768127	-1.106873	0.205994
0.120239	-0.624084	-0.943909	0.241089
0.122375	-0.475159	-0.771179	0.282288
0.120544	-0.323792	-0.591431	0.328369
0.113831	-0.167847	-0.408936	0.386658
0.113831	-0.011902	-0.220337	0.460510
0.118713	0.146484	-0.023804	0.537109
0.120239	0.307617	0.165100	0.604248
0.119934	0.466309	0.353088	0.658569
0.113831	0.625305	0.551147	0.697327
0.093689	0.783386	0.756531	0.724182
0.065002	0.931702	0.963440	0.734558
0.030823	1.071472	1.167908	0.718689
-0.007935	1.205444	1.374512	0.677490
-0.046082	1.330566	1.571655	0.612488
-0.082703	1.443176	1.750488	0.527344
-0.127258	1.539307	1.908875	0.429688
-0.178528	1.605835	2.038574	0.319824
-0.224304	1.636963	2.131042	0.202942
-0.265503	1.632385	2.184143	0.084534
-0.301208	1.598511	2.197876	-0.032349
-0.325928	1.539917	2.182617	-0.140686
-0.337524	1.450806	2.136841	-0.239258
-0.343323	1.338196	2.060242	-0.327759
-0.345154	1.208496	1.960754	-0.408325
-0.344849	1.052551	1.843567	-0.478516
-0.348816	0.874329	1.701965	-0.535278
-0.354919	0.681763	1.532898	-0.574951
-0.354004	0.483093	1.358337	-0.593262
-0.350037	0.291138	1.204834	-0.591125
-0.339966	0.097351	1.056519	-0.575867
-0.319519	-0.089111	0.917358	-0.539551
-0.283813	-0.259399	0.788269	-0.472107
-0.242920	-0.410767	0.663757	-0.379944
-0.197144	-0.541382	0.547180	-0.273743
-0.148315	-0.651855	0.443420	-0.158081
-0.093384	-0.739136	0.353088	-0.027466
-0.031738	-0.809021	0.272522	0.124207
0.036011	-0.858459	0.198364	0.292053
0.105896	-0.886841	0.132446	0.478821
0.174561	-0.903320	0.064087	0.681763
0.238953	-0.901184	-0.006104	0.892639
0.301819	-0.883484	-0.076294	1.107178
0.359802	-0.855103	-0.152283	1.314087
0.412903	-0.816650	-0.237122	1.511841
0.462646	-0.773926	-0.323486	1.701355
0.503540	-0.723877	-0.406494	1.870422
0.534668	-0.664673	-0.489197	2.014465
0.557556	-0.606384	-0.572205	2.130127
0.571899	-0.548401	-0.660706	2.206116
0.573120	-0.492554	-0.754089	2.237244
0.555420	-0.446167	-0.845032	2.218323
0.519104	-0.401611	-0.930481	2.150269
0.464172	-0.357056	-1.006470	2.029724
0.390625	-0.317993	-1.070862	1.857910
0.309753	-0.281372	-1.118469	1.643372
0.226746	-0.244141	-1.145935	1.398010
0.143127	-0.210266	-1.159058	1.128540
0.061340	-0.180054	-1.162109	0.840759
-0.018005	-0.154724	-1.156006	0.531616
-0.094910	-0.134277	-1.140442	0.208435
-0.164795	-0.110474	-1.120911	-0.115356
-0.230408	-0.088196	-1.096802	-0.433655
-0.289917	-0.069275	-1.065979	-0.741272
-0.337830	-0.039978	-1.032715	-1.026611
-0.371094	0.000000	-0.992126	-1.275635
-0.391235	0.045776	-0.940857	-1.486511
-0.402832	0.098267	-0.885315	-1.661377
-0.409546	0.155334	-0.825195	-1.800842
-0.419312	0.217590	-0.754395	-1.911621
-0.426331	0.290222	-0.672607	-2.002563
-0.426025	0.367737	-0.574951	-2.071228
-0.422974	0.449219	-0.459595	-2.115173
-0.413208	0.540466	-0.335999	-2.137146
-0.397339	0.643311	-0.208435	-2.135010
-0.373230	0.757751	-0.077209	-2.108154
-0.342407	0.874329	0.046997	-2.063904
-0.311890	0.992126	0.166016	-2.005615
-0.284424	1.106873	0.283508	-1.933899
-0.257263	1.207275	0.394287	-1.852417
-0.224609	1.291199	0.492554	-1.763611
-0.182800	1.359558	0.574951	-1.662292
-0.133362	1.404724	0.641479	-1.550293
-0.079651	1.417542	0.681763	-1.422119
-0.022888	1.397705	0.696106	-1.278687
0.031738	1.345825	0.689392	-1.129761
0.077515	1.264954	0.657959	-0.986633
0.112305	1.160889	0.602722	-0.852356
0.139465	1.036072	0.531616	-0.721741
0.160217	0.891113	0.450745	-0.590515
0.174866	0.730286	0.360107	-0.457764
0.185852	0.555115	0.262756	-0.325928
0.196838	0.365906	0.161743	-0.195313
0.200500	0.167542	0.058289	-0.065613
0.195618	-0.040283	-0.046997	0.060120
0.181580	-0.258179	-0.155029	0.173950
0.160828	-0.481262	-0.250549	0.273132
0.134888	-0.704041	-0.331421	0.359802
0.111084	-0.924072	-0.394592	0.440674
0.095520	-1.138306	-0.441895	0.516357
0.087891	-1.338806	-0.473633	0.588989
0.092773	-1.521606	-0.491638	0.660095
0.103760	-1.685791	-0.501099	0.726624
0.115051	-1.830444	-0.501404	0.784607
0.124207	-1.949158	-0.494690	0.837097
0.132141	-2.047119	-0.480042	0.876465
0.141602	-2.129211	-0.460510	0.909729
0.157471	-2.194824	-0.439148	0.940857
0.177917	-2.236938	-0.416260	0.967712
0.196838	-2.250671	-0.391541	0.987854
0.208130	-2.241516	-0.370178	0.998840
0.208435	-2.209778	-0.353699	1.000671
0.193787	-2.151184	-0.335083	0.984802
0.164185	-2.059021	-0.313110	0.944214
0.125122	-1.939392	-0.284729	0.885010
0.079651	-1.800842	-0.249939	0.812988
0.031128	-1.642456	-0.209351	0.735168
-0.018311	-1.464539	-0.160217	0.654907
-0.068970	-1.277466	-0.101318	0.572205
-0.120239	-1.087952	-0.039063	0.486145
-0.169678	-0.896606	0.025330	0.395203
-0.215149	-0.701599	0.096741	0.301208
-0.253906	-0.505371	0.172729	0.216675
-0.285339	-0.312195	0.254211	0.145264
-0.304565	-0.122986	0.342712	0.087891
-0.310059	0.058289	0.433655	0.043945
-0.308533	0.230408	0.520020	0.018311
-0.296326	0.394897	0.600281	0.008850
-0.277710	0.555420	0.671082	0.005188
-0.262146	0.717468	0.736694	0.000305
-0.247192	0.880432	0.804138	-0.007019
-0.231934	1.040955	0.876160	-0.019531
-0.215454	1.199036	0.950317	-0.037537
-0.193787	1.351624	1.025696	-0.053406
-0.163879	1.499634	1.095276	-0.068359
-0.131836	1.642151	1.156006	-0.083008
-0.104370	1.771851	1.208496	-0.100403
-0.082092	1.869507	1.246948	-0.122986
-0.064697	1.956787	1.271667	-0.152283
-0.046082	2.045898	1.280518	-0.189209
-0.022583	2.123108	1.274719	-0.232849
0.003052	2.181702	1.251221	-0.275269
0.028992	2.216492	1.206360	-0.306396
0.051575	2.229309	1.144714	-0.322876
0.077209	2.214050	1.065674	-0.326233
0.098572	2.160034	0.954590	-0.314026
0.115356	2.067566	0.820618	-0.292053
0.132141	1.938782	0.673828	-0.263367
0.140991	1.777344	0.519104	-0.224915
0.145874	1.579590	0.348206	-0.182800
0.153503	1.341858	0.149841	-0.144653
0.156250	1.081543	-0.062866	-0.099487
0.155640	0.793457	-0.295715	-0.038757
0.151978	0.490112	-0.530090	0.024109
0.144043	0.177917	-0.758057	0.076294
0.132751	-0.136414	-0.967102	0.118103
0.118103	-0.446472	-1.159363	0.150452
0.103760	-0.744629	-1.329346	0.175171
0.090332	-1.013489	-1.476135	0.197449
0.081787	-1.260681	-1.592407	0.225525
0.079346	-1.480103	-1.681213	0.257263
0.078735	-1.663818	-1.743164	0.294800
0.083618	-1.811218	-1.782532	0.332031
0.093994	-1.916809	-1.797485	0.371399
0.112000	-1.983948	-1.789246	0.414429
0.132141	-2.026062	-1.754761	0.459595
0.153198	-2.054443	-1.696472	0.507202
0.180664	-2.058411	-1.621399	0.560913
0.214844	-2.021790	-1.535339	0.615540
0.251160	-1.953125	-1.437988	0.664368
0.284119	-1.866455	-1.324463	0.703125
0.308533	-1.754456	-1.191101	0.726624
0.321350	-1.610107	-1.041260	0.733948
0.314941	-1.441650	-0.871887	0.720215
0.290527	-1.259460	-0.700378	0.685425
0.252075	-1.070862	-0.525818	0.632019
0.208435	-0.885010	-0.335083	0.561829
0.160828	-0.705261	-0.132141	0.477905
0.106201	-0.535278	0.070801	0.373230
0.046997	-0.378113	0.257263	0.241089
-0.018616	-0.236816	0.427856	0.091248
-0.089111	-0.116882	0.581970	-0.055542
-0.160828	-0.018311	0.720825	-0.202026
-0.232544	0.065918	0.846558	-0.362854
-0.301514	0.144958	0.953979	-0.530396
-0.365295	0.206909	1.033936	-0.688782
-0.425720	0.247498	1.083374	-0.837402
-0.474854	0.272827	1.106262	-0.979004
-0.518188	0.281067	1.109009	-1.102295
-0.555725	0.276184	1.095276	-1.208496
-0.584106	0.255737	1.062622	-1.295471
-0.606079	0.221252	1.016235	-1.359253
-0.616150	0.179443	0.951538	-1.396179
-0.608826	0.129089	0.869141	-1.405029
-0.589294	0.076294	0.775452	-1.386108
-0.566711	0.030823	0.680542	-1.347046
-0.537109	-0.004578	0.581360	-1.292114
-0.497131	-0.033264	0.477295	-1.220703
-0.451965	-0.049133	0.371399	-1.138611
-0.402527	-0.054932	0.273132	-1.049805
-0.343628	-0.058899	0.187073	-0.954590
-0.275879	-0.057678	0.117188	-0.845337
-0.205383	-0.052795	0.062866	-0.716553
-0.136108	-0.046387	0.020752	-0.564880
-0.066528	-0.041809	-0.008240	-0.397034
0.007324	-0.043030	-0.027771	-0.214539
0.082397	-0.045471	-0.040894	-0.024719
0.155945	-0.051575	-0.051270	0.159912
0.231628	-0.065308	-0.067139	0.340576
0.305176	-0.088806	-0.088501	0.523376
0.372314	-0.124207	-0.109558	0.707092
0.429382	-0.169373	-0.131531	0.883179
0.475159	-0.220337	-0.160217	1.047058
0.508118	-0.274353	-0.194702	1.192932
0.526733	-0.330505	-0.233765	1.313477
0.530396	-0.389709	-0.272827	1.402893
0.517883	-0.453491	-0.308533	1.463318
0.489502	-0.515137	-0.339966	1.495667
0.452576	-0.572510	-0.368652	1.501160
0.412292	-0.627441	-0.394287	1.483459
0.368652	-0.682068	-0.419617	1.451111
0.322876	-0.732422	-0.444336	1.398926
0.276184	-0.771179	-0.464783	1.319275
0.230408	-0.792847	-0.480347	1.217957
0.188599	-0.798340	-0.493164	1.099854
0.155029	-0.798950	-0.499878	0.979309
0.131226	-0.789795	-0.500183	0.863037
0.117493	-0.764771	-0.495911	0.750122
0.112915	-0.720520	-0.484009	0.641479
0.114441	-0.658569	-0.462646	0.535889
0.116272	-0.585022	-0.428772	0.431519
0.115051	-0.506592	-0.382080	0.333252
0.109558	-0.425110	-0.324097	0.242615
