2020/1/9 9:23:04 40us
CH1			CH2			CH3			CH4
-0.006714	0.003662	0.009766	-0.005493
-0.007019	0.003662	0.010071	-0.005188
-0.007019	0.003662	0.010376	-0.004883
-0.007324	0.004272	0.010376	-0.004883
-0.007019	0.004272	0.010681	-0.004883
-0.007019	0.004578	0.010376	-0.004883
-0.006714	0.004578	0.010681	-0.004883
-0.006714	0.004883	0.010681	-0.004883
-0.007019	0.005188	0.010681	-0.004883
-0.007019	0.005188	0.010376	-0.004883
-0.007019	0.005188	0.010681	-0.004883
-0.006714	0.005493	0.011292	-0.004883
-0.006714	0.005188	0.010681	-0.004883
-0.007019	0.005798	0.010986	-0.004883
-0.006714	0.005493	0.010986	-0.004883
-0.007019	0.005798	0.010681	-0.005188
-0.007019	0.006104	0.010986	-0.005188
-0.007019	0.005798	0.010986	-0.004883
-0.007019	0.006104	0.011292	-0.005188
-0.006714	0.006104	0.011292	-0.005188
-0.006714	0.006714	0.010681	-0.004578
-0.006714	0.007019	0.010986	-0.005188
-0.006714	0.007019	0.010986	-0.004883
-0.006409	0.006714	0.011292	-0.004578
-0.006409	0.007019	0.011597	-0.004883
-0.006409	0.007019	0.011902	-0.004578
-0.006714	0.006714	0.012817	-0.004578
-0.007019	0.007019	0.012512	-0.004578
-0.006409	0.006714	0.013123	-0.004578
-0.006409	0.007019	0.013123	-0.004578
-0.006409	0.007019	0.014343	-0.005188
-0.006409	0.007019	0.019226	-0.005798
-0.006714	0.007935	-0.007324	-0.005493
-0.007019	0.007019	0.068054	-0.004883
-0.006714	0.015564	0.204163	-0.013123
-0.004883	0.034180	0.362244	0.008850
-0.009155	-0.009460	0.483398	0.030823
-0.020752	-0.058594	0.596313	-0.007935
0.000916	-0.130920	0.681152	-0.048218
0.035400	-0.185852	0.745850	-0.117188
0.031738	-0.158691	0.812378	-0.170288
-0.012512	-0.070801	0.838013	-0.197144
-0.037231	0.059509	0.804138	-0.169373
-0.043335	0.192261	0.719299	-0.117188
-0.055847	0.344543	0.549011	-0.097656
-0.099792	0.474243	0.327454	-0.068359
-0.148010	0.570374	0.081482	0.018616
-0.183716	0.659790	-0.226135	0.195923
-0.210266	0.702209	-0.561218	0.460510
-0.193176	0.720520	-0.856934	0.709229
-0.133667	0.731201	-1.138306	0.920410
-0.051270	0.755005	-1.407471	1.082153
0.017395	0.833130	-1.692200	1.217651
0.092163	0.889893	-2.003784	1.334839
0.187988	0.910339	-2.331543	1.390076
0.273132	0.849304	-2.601318	1.387024
0.336914	0.793152	-2.751465	1.346741
0.377502	0.810547	-2.863770	1.287842
0.407410	0.844421	-2.943726	1.160889
0.437927	0.868835	-2.992859	1.060181
0.477600	0.859680	-3.013306	0.932312
0.501404	0.811157	-3.007507	0.788879
0.511780	0.730896	-2.954407	0.634155
0.505676	0.643311	-2.854919	0.460815
0.487671	0.516968	-2.721252	0.271606
0.489502	0.355835	-2.581787	0.048523
0.481567	0.199280	-2.441711	-0.187378
0.470886	0.060425	-2.256470	-0.426331
0.427246	-0.102539	-2.045288	-0.673218
0.349121	-0.319214	-1.807861	-0.937500
0.256042	-0.516052	-1.542969	-1.190491
0.157166	-0.697021	-1.281128	-1.406250
0.055847	-0.847168	-1.021118	-1.588440
-0.041504	-0.971375	-0.769348	-1.741028
-0.148621	-1.090088	-0.493164	-1.875610
-0.270386	-1.175232	-0.177002	-1.978455
-0.384216	-1.240845	0.167236	-2.037048
-0.509033	-1.271667	0.474548	-2.033691
-0.622559	-1.245117	0.737305	-1.995544
-0.706482	-1.181030	0.955811	-1.946411
-0.765686	-1.082458	1.152954	-1.886292
-0.798035	-0.929260	1.339111	-1.833496
-0.820923	-0.713196	1.502380	-1.795044
-0.848083	-0.458069	1.650696	-1.738892
-0.861816	-0.190430	1.767578	-1.672058
-0.840149	0.038452	1.877441	-1.597595
-0.778198	0.205078	2.015381	-1.529541
-0.697327	0.352173	2.143860	-1.470032
-0.607300	0.474243	2.272034	-1.387329
-0.514832	0.581360	2.372437	-1.293945
-0.413208	0.650940	2.453613	-1.196289
-0.296326	0.671387	2.526550	-1.048889
-0.168762	0.635986	2.571411	-0.884094
-0.065918	0.534058	2.604980	-0.684509
0.009766	0.428162	2.621765	-0.449524
0.083008	0.323792	2.630310	-0.185852
0.151062	0.171814	2.619324	0.101318
0.216980	-0.019226	2.572021	0.367737
0.267029	-0.236816	2.507935	0.625000
0.297546	-0.473938	2.432251	0.859680
0.303040	-0.758972	2.334290	1.077881
0.281677	-1.097412	2.202454	1.280212
0.275879	-1.488342	2.057495	1.446228
0.298767	-1.920166	1.907349	1.602478
0.336304	-2.358398	1.736755	1.773682
0.387878	-2.804565	1.528320	1.926575
0.441589	-3.238831	1.276855	2.025452
0.490723	-3.639221	0.984497	2.095642
0.530396	-3.983154	0.673828	2.168579
0.571899	-4.302979	0.342407	2.210999
0.605469	-4.587708	0.001221	2.195740
0.634766	-4.824829	-0.345764	2.152100
0.637207	-4.982605	-0.695801	2.095642
0.596619	-5.030518	-1.030579	2.014465
0.520020	-4.947815	-1.365967	1.906128
0.414429	-4.770203	-1.674805	1.784973
0.317993	-4.497070	-1.937561	1.647644
0.234070	-4.123535	-2.164612	1.503906
0.148010	-3.649902	-2.351379	1.345520
0.043640	-3.072205	-2.499390	1.188965
-0.056458	-2.442627	-2.590942	1.048889
-0.148926	-1.810913	-2.594604	0.942383
-0.242004	-1.192932	-2.511902	0.830688
-0.321655	-0.593262	-2.376099	0.707092
-0.393372	0.023499	-2.210999	0.591431
-0.463867	0.658264	-2.019043	0.495911
-0.522156	1.279297	-1.800537	0.402527
-0.543518	1.873169	-1.544189	0.285339
-0.544739	2.413025	-1.266174	0.179749
-0.562744	2.918091	-1.004944	0.090332
-0.600281	3.392029	-0.775146	0.000916
-0.642090	3.837280	-0.558472	-0.084839
-0.641174	4.235840	-0.350037	-0.171814
-0.600281	4.562683	-0.150757	-0.282898
-0.535583	4.822388	0.029602	-0.435181
-0.465698	5.027466	0.185852	-0.609436
-0.398254	5.160522	0.312500	-0.787964
-0.321350	5.191956	0.421143	-0.979309
-0.256653	5.158081	0.522156	-1.198730
-0.195313	5.110779	0.618896	-1.456909
-0.119324	5.025635	0.701904	-1.730347
-0.037231	4.905701	0.768738	-2.013245
0.041504	4.786072	0.821228	-2.298279
0.092468	4.644775	0.879211	-2.568054
0.135193	4.460449	0.933533	-2.813416
0.168152	4.237671	0.946655	-3.008728
0.173645	3.957214	0.934143	-3.144226
0.167847	3.616028	0.906677	-3.211975
0.160828	3.232727	0.879822	-3.187561
0.149231	2.825012	0.841370	-3.059082
0.138550	2.409058	0.779114	-2.853699
0.126038	1.969604	0.694275	-2.599487
0.119019	1.515198	0.566101	-2.269897
0.126343	1.047058	0.428772	-1.873474
0.132446	0.578003	0.280457	-1.474609
0.138855	0.125427	0.123901	-1.095276
0.138550	-0.308838	-0.033264	-0.728149
0.134277	-0.733337	-0.168457	-0.411072
0.141602	-1.133423	-0.260315	-0.137329
0.159912	-1.509399	-0.316467	0.132446
0.177307	-1.852112	-0.350952	0.394592
0.174561	-2.139587	-0.372009	0.639038
0.153198	-2.367249	-0.377197	0.849304
0.130615	-2.541809	-0.367737	1.018066
0.124207	-2.680664	-0.359192	1.160889
0.121460	-2.807922	-0.346680	1.283875
0.103149	-2.888794	-0.345764	1.395569
0.084534	-2.923279	-0.359192	1.488342
0.072632	-2.932434	-0.386963	1.550293
0.062561	-2.909241	-0.420837	1.571045
0.051270	-2.868958	-0.451660	1.553040
0.041199	-2.837524	-0.483704	1.506348
0.033569	-2.816772	-0.503235	1.452942
0.016479	-2.784424	-0.487061	1.401062
0.001221	-2.749939	-0.413208	1.337280
-0.006714	-2.720337	-0.272217	1.264954
-0.004272	-2.710571	-0.090637	1.204834
-0.000305	-2.713013	0.106812	1.159363
0.000610	-2.720337	0.311584	1.109314
-0.000916	-2.717285	0.501709	1.053162
-0.003357	-2.690125	0.682068	1.004639
-0.006714	-2.640686	0.879517	0.959167
-0.010986	-2.561340	1.088867	0.903015
-0.021973	-2.443542	1.304321	0.838318
-0.041504	-2.289429	1.498718	0.766296
-0.073853	-2.106018	1.655273	0.694580
-0.121155	-1.887207	1.774292	0.620728
-0.180664	-1.630554	1.858215	0.534058
-0.249329	-1.350098	1.932373	0.444336
-0.314636	-1.042786	2.001038	0.348206
-0.372314	-0.717773	2.049866	0.250549
-0.424194	-0.379333	2.064819	0.170898
-0.466919	-0.032654	2.043152	0.101013
-0.497437	0.314026	1.994324	0.018005
-0.516968	0.670471	1.915894	-0.081482
-0.529175	1.031494	1.807556	-0.197754
-0.537720	1.382446	1.665344	-0.312500
-0.553894	1.732178	1.485291	-0.411682
-0.579529	2.080383	1.285400	-0.498047
-0.603638	2.421875	1.083679	-0.575867
-0.629883	2.747192	0.882874	-0.660400
-0.669556	3.056030	0.680847	-0.753174
-0.708618	3.335571	0.477600	-0.828552
-0.738831	3.563843	0.266724	-0.869446
-0.747986	3.730774	0.060120	-0.883789
-0.733948	3.844910	-0.122986	-0.888062
-0.689392	3.901062	-0.279846	-0.888367
-0.610657	3.893738	-0.412903	-0.875244
-0.508423	3.829346	-0.537415	-0.837097
-0.381165	3.726196	-0.655212	-0.765381
-0.230103	3.565369	-0.761719	-0.672607
-0.065002	3.349304	-0.864258	-0.577087
0.097656	3.097534	-0.959778	-0.475769
0.252075	2.832031	-1.031189	-0.366516
0.415039	2.564392	-1.077576	-0.253601
0.574341	2.302246	-1.115417	-0.121155
0.717773	2.044678	-1.140442	0.025024
0.839539	1.791992	-1.138611	0.162354
0.937195	1.541138	-1.108398	0.303650
1.012573	1.282654	-1.061401	0.432434
1.071472	1.023254	-1.011963	0.543823
1.123047	0.770264	-0.983582	0.650330
1.163025	0.527954	-0.985107	0.768433
1.190186	0.284119	-0.993958	0.886841
1.199036	0.044861	-1.002808	0.972290
1.190796	-0.189514	-1.001282	1.026306
1.164246	-0.425110	-0.996399	1.071472
1.122437	-0.661621	-1.000061	1.100464
1.079102	-0.901489	-1.006775	1.111755
1.036682	-1.155701	-1.008606	1.106567
0.997009	-1.416016	-1.001892	1.084290
0.950012	-1.671143	-0.976563	1.049805
0.882263	-1.899109	-0.946655	0.991211
0.791016	-2.081909	-0.932312	0.921936
0.692139	-2.220154	-0.928345	0.852051
0.586243	-2.313538	-0.920715	0.783997
0.459290	-2.351074	-0.909729	0.710449
0.315247	-2.341919	-0.897217	0.622253
0.166931	-2.295837	-0.884705	0.516663
0.012817	-2.199707	-0.875244	0.384521
-0.138855	-2.081604	-0.848694	0.227966
-0.278931	-1.962585	-0.782776	0.041199
-0.402527	-1.833191	-0.679016	-0.177307
-0.530396	-1.683044	-0.536499	-0.417175
-0.658875	-1.513672	-0.351257	-0.671997
-0.774231	-1.323547	-0.129089	-0.917664
-0.861816	-1.118164	0.120544	-1.144409
-0.914612	-0.906982	0.401306	-1.349792
-0.936279	-0.697937	0.711975	-1.540527
-0.934448	-0.494690	1.037292	-1.701965
-0.921631	-0.296631	1.369019	-1.815186
-0.891113	-0.110779	1.698303	-1.875305
-0.842896	0.060425	2.004089	-1.885681
-0.777283	0.210571	2.277222	-1.850281
-0.696411	0.334167	2.500916	-1.773987
-0.608521	0.439148	2.672729	-1.662292
-0.523987	0.527344	2.789612	-1.524658
-0.450745	0.596313	2.843018	-1.369324
-0.384827	0.649719	2.839966	-1.198120
-0.325012	0.682373	2.789917	-1.018982
-0.271301	0.680237	2.697449	-0.840454
-0.222778	0.645142	2.564697	-0.661011
-0.180054	0.591431	2.402954	-0.491028
-0.141296	0.521851	2.219849	-0.330200
-0.100708	0.432739	2.019653	-0.170898
-0.063171	0.318298	1.809387	-0.018616
-0.030212	0.186768	1.580505	0.138855
-0.010986	0.050049	1.332092	0.298157
-0.002747	-0.083008	1.063232	0.458069
-0.003052	-0.202332	0.766296	0.627136
-0.006409	-0.311279	0.452576	0.805054
-0.007324	-0.414124	0.143738	0.992126
-0.006104	-0.520325	-0.156250	1.190796
-0.006104	-0.633850	-0.468750	1.393127
-0.005188	-0.742188	-0.795288	1.580811
-0.009766	-0.845337	-1.122131	1.757813
-0.018005	-0.942688	-1.435547	1.925659
-0.024414	-1.030579	-1.726074	2.066345
-0.022583	-1.109009	-1.992798	2.174377
-0.011597	-1.177063	-2.230835	2.248840
-0.003967	-1.229553	-2.445984	2.288208
0.009155	-1.265869	-2.640686	2.282410
0.026245	-1.279907	-2.810059	2.238464
0.046387	-1.272583	-2.947693	2.156677
0.075989	-1.236572	-3.055725	2.029724
0.115662	-1.173706	-3.126221	1.865540
0.159302	-1.090698	-3.142395	1.675110
0.199280	-0.984192	-3.105164	1.462402
0.239258	-0.859070	-3.011780	1.231689
0.278625	-0.722961	-2.862244	0.990295
0.320740	-0.580139	-2.665405	0.748596
0.364380	-0.432434	-2.437134	0.515442
0.402222	-0.280151	-2.182617	0.292053
0.434570	-0.122070	-1.900940	0.076294
0.455933	0.029907	-1.597900	-0.133667
0.468445	0.162659	-1.274109	-0.346069
0.476074	0.271912	-0.941772	-0.555420
0.471802	0.360413	-0.615845	-0.755615
0.460205	0.429077	-0.300293	-0.947266
0.446777	0.486755	-0.006714	-1.125183
0.431519	0.537720	0.264282	-1.292419
0.414124	0.578613	0.523071	-1.457825
0.389404	0.607910	0.761719	-1.618958
0.357361	0.634460	0.985107	-1.769409
0.315247	0.669556	1.186523	-1.891174
0.265198	0.723877	1.368103	-1.982422
0.211792	0.810547	1.528931	-2.047424
0.162354	0.932617	1.664124	-2.091064
0.120850	1.076660	1.773071	-2.111511
0.081482	1.240845	1.858826	-2.106628
0.046997	1.416931	1.926270	-2.075806
0.014038	1.592712	1.963196	-2.020569
-0.019836	1.770020	1.971741	-1.946411
-0.050354	1.938171	1.960754	-1.859436
-0.073242	2.076721	1.931152	-1.759033
-0.094299	2.176208	1.880188	-1.643372
-0.109863	2.236633	1.812744	-1.515198
-0.124512	2.252808	1.739807	-1.373291
-0.144348	2.222595	1.664429	-1.225891
-0.168152	2.149658	1.587219	-1.086121
-0.188599	2.042847	1.515198	-0.950317
-0.207825	1.907959	1.443787	-0.822449
-0.231018	1.761780	1.364441	-0.700378
-0.249939	1.610413	1.275940	-0.574951
-0.266113	1.455078	1.190186	-0.451355
-0.285034	1.292419	1.108093	-0.325317
-0.296936	1.113586	1.015930	-0.191650
-0.299683	0.917358	0.914917	-0.056152
-0.296021	0.709839	0.810547	0.085754
-0.287781	0.494995	0.700073	0.238953
-0.271606	0.277405	0.586548	0.393372
-0.239258	0.053101	0.471802	0.546265
-0.194397	-0.180664	0.356140	0.710144
-0.134888	-0.419617	0.238037	0.892944
-0.062866	-0.670471	0.116882	1.081238
0.009460	-0.934753	-0.007629	1.259460
0.083618	-1.200867	-0.137939	1.428833
0.153198	-1.464844	-0.276489	1.586609
0.211487	-1.724548	-0.417175	1.725769
0.256348	-1.968994	-0.555420	1.851807
0.290222	-2.193604	-0.689087	1.971741
0.313416	-2.381592	-0.814514	2.093811
0.322876	-2.536316	-0.925903	2.216797
0.317993	-2.666931	-1.022339	2.324219
0.299988	-2.747192	-1.101379	2.412109
0.267029	-2.760620	-1.159973	2.483215
0.222778	-2.715149	-1.197205	2.543335
0.164795	-2.601929	-1.213684	2.591248
0.097046	-2.413025	-1.206055	2.619019
0.029602	-2.157898	-1.166687	2.623596
-0.029297	-1.856079	-1.098938	2.595825
-0.090027	-1.521606	-1.024780	2.534180
-0.152283	-1.164551	-0.945740	2.438660
-0.211182	-0.799561	-0.854797	2.311401
-0.279846	-0.440979	-0.751648	2.156067
-0.356750	-0.093384	-0.647278	1.967468
-0.432129	0.240173	-0.551758	1.734314
-0.503235	0.553284	-0.463257	1.474915
-0.562744	0.842285	-0.390625	1.209106
-0.606079	1.104431	-0.332947	0.928040
-0.639954	1.345215	-0.283813	0.623169
-0.664368	1.562500	-0.233154	0.300293
-0.684814	1.751404	-0.183716	-0.035400
-0.698242	1.909790	-0.129089	-0.383301
-0.702209	2.054138	-0.060120	-0.737915
-0.696411	2.171631	0.029907	-1.092529
-0.673828	2.247009	0.138855	-1.434021
-0.644226	2.302551	0.259399	-1.755371
-0.602417	2.345276	0.398254	-2.073364
-0.554199	2.362671	0.542908	-2.365112
-0.500488	2.354431	0.688477	-2.624512
-0.444336	2.322083	0.826111	-2.841187
-0.391235	2.275391	0.954895	-3.018188
-0.325623	2.212830	1.069946	-3.161011
-0.246582	2.134399	1.150208	-3.258667
-0.154724	2.047119	1.197205	-3.311157
-0.053406	1.941528	1.218262	-3.316040
0.051880	1.807556	1.217957	-3.255310
0.161438	1.648560	1.184387	-3.135071
0.264587	1.471863	1.110229	-2.972717
0.353394	1.286926	0.999756	-2.767029
0.434265	1.101685	0.860291	-2.510071
0.517578	0.914917	0.712585	-2.214050
0.598755	0.726929	0.562744	-1.898193
0.675049	0.539246	0.415649	-1.571960
0.744324	0.354919	0.257568	-1.232910
0.804443	0.174866	0.093384	-0.891113
0.855103	0.008850	-0.067139	-0.554810
0.892029	-0.149231	-0.216980	-0.234375
0.920105	-0.290527	-0.360107	0.063782
0.935669	-0.414124	-0.497131	0.339966
0.935364	-0.528259	-0.621643	0.588989
0.913696	-0.637817	-0.737610	0.812378
0.875549	-0.744324	-0.846558	1.009216
0.814514	-0.850525	-0.948181	1.181946
0.730896	-0.949707	-1.045837	1.326904
0.638733	-1.042786	-1.146240	1.441040
0.545349	-1.138000	-1.250000	1.524658
0.448914	-1.231384	-1.348267	1.563110
0.352783	-1.327209	-1.430054	1.556396
0.260010	-1.418152	-1.489563	1.510925
0.177307	-1.491394	-1.529236	1.441650
0.103760	-1.541748	-1.549377	1.358948
0.039673	-1.571655	-1.544495	1.263123
-0.016479	-1.575623	-1.510925	1.155701
-0.065002	-1.553955	-1.445923	1.040649
-0.108643	-1.506653	-1.344299	0.919189
-0.149231	-1.440430	-1.200256	0.785828
-0.181274	-1.365051	-1.024475	0.646667
-0.205994	-1.284790	-0.819702	0.511169
-0.224915	-1.199036	-0.590210	0.381470
-0.244446	-1.103210	-0.348206	0.251465
-0.269470	-0.991211	-0.105896	0.123291
-0.298157	-0.860291	0.124512	0.002747
-0.319824	-0.716553	0.340881	-0.102234
-0.341187	-0.567627	0.546265	-0.182190
-0.365295	-0.412903	0.744324	-0.240784
-0.390015	-0.256958	0.927429	-0.273743
-0.415649	-0.102539	1.087952	-0.277405
-0.440063	0.052490	1.222229	-0.253296
-0.459900	0.207825	1.330872	-0.199280
-0.471497	0.357056	1.423035	-0.124512
-0.480042	0.498352	1.508484	-0.033569
-0.488586	0.639648	1.589355	0.064697
-0.496216	0.783691	1.660461	0.157471
-0.505676	0.930786	1.717834	0.247803
-0.516968	1.079407	1.750488	0.339355
-0.530090	1.228027	1.755981	0.424805
-0.543213	1.380615	1.736450	0.496826
-0.552979	1.535950	1.690063	0.555115
-0.561829	1.681824	1.619873	0.592651
-0.568848	1.811523	1.531677	0.614624
-0.570374	1.917114	1.429443	0.626526
-0.563354	1.990356	1.315918	0.624084
-0.545654	2.013550	1.186523	0.603027
-0.519104	1.993408	1.041565	0.570374
-0.479736	1.950684	0.885620	0.531006
-0.426331	1.870117	0.722961	0.493469
-0.362244	1.753235	0.556335	0.463867
-0.289612	1.606445	0.392151	0.438232
-0.209961	1.438293	0.237732	0.410767
-0.125427	1.251526	0.095215	0.378113
-0.040894	1.054993	-0.044861	0.352783
0.043640	0.850830	-0.181580	0.329895
0.127258	0.627747	-0.299072	0.308533
0.206909	0.391541	-0.385742	0.290222
0.279236	0.144653	-0.440063	0.270691
0.345764	-0.109253	-0.479126	0.245361
0.406799	-0.360413	-0.511475	0.215149
0.462341	-0.610046	-0.543518	0.195618
0.509033	-0.853271	-0.575562	0.179138
0.545654	-1.092529	-0.605164	0.149841
0.572510	-1.325073	-0.634460	0.107422
0.589905	-1.551208	-0.676270	0.062256
0.595398	-1.774902	-0.729370	0.011597
0.599976	-1.984558	-0.787048	-0.045776
0.609436	-2.185059	-0.839233	-0.110168
0.623474	-2.381592	-0.888672	-0.180054
0.641174	-2.569885	-0.944214	-0.246887
0.655518	-2.730408	-1.004639	-0.307007
0.664978	-2.854309	-1.069946	-0.356140
0.670471	-2.948914	-1.141663	-0.390930
0.671387	-3.010559	-1.212463	-0.417786
0.655823	-3.018799	-1.273499	-0.437622
0.626526	-2.963562	-1.324463	-0.450134
0.592346	-2.856445	-1.366577	-0.458374
0.545654	-2.701111	-1.408081	-0.471802
0.487061	-2.499390	-1.434631	-0.496826
0.417480	-2.260742	-1.426086	-0.540161
0.340271	-2.002258	-1.383667	-0.596008
0.252075	-1.730652	-1.312866	-0.664978
0.155029	-1.437073	-1.213989	-0.753174
0.057983	-1.122742	-1.093750	-0.847473
-0.040283	-0.796509	-0.953674	-0.934753
-0.140686	-0.464172	-0.789185	-1.015625
-0.236816	-0.129700	-0.596313	-1.104126
-0.321655	0.204773	-0.385742	-1.200256
-0.398560	0.532227	-0.167542	-1.286621
-0.462036	0.847778	0.057373	-1.362915
-0.505981	1.142883	0.284729	-1.430664
-0.535889	1.412659	0.510559	-1.488953
-0.551453	1.659546	0.730591	-1.538391
-0.549316	1.868591	0.941772	-1.578369
-0.542908	2.041321	1.135559	-1.608887
-0.533752	2.177734	1.300354	-1.624451
-0.521851	2.275696	1.430054	-1.624756
-0.517883	2.333679	1.527100	-1.616516
-0.516663	2.341003	1.586914	-1.601257
-0.505371	2.303772	1.601257	-1.574707
-0.488586	2.248535	1.573486	-1.541748
-0.465088	2.172852	1.510925	-1.500244
-0.434875	2.069702	1.420593	-1.448059
-0.400391	1.934509	1.307068	-1.384583
-0.364685	1.774902	1.170349	-1.297913
-0.334778	1.593018	1.027527	-1.196594
-0.312195	1.383362	0.856323	-1.071777
-0.293579	1.150818	0.656433	-0.914307
-0.268555	0.905151	0.451050	-0.722961
-0.236816	0.655212	0.251160	-0.500183
-0.202332	0.398254	0.059814	-0.248413
-0.165710	0.131531	-0.137329	0.021973
-0.124817	-0.129089	-0.332336	0.312805
-0.082092	-0.380249	-0.530701	0.629272
-0.039673	-0.616760	-0.720215	0.961609
0.001831	-0.838623	-0.889282	1.288147
0.047913	-1.039734	-1.031799	1.599731
0.093689	-1.219788	-1.150208	1.902466
0.131836	-1.380920	-1.247253	2.187500
0.164185	-1.523132	-1.327820	2.444153
0.178833	-1.651611	-1.386719	2.673340
0.184937	-1.767883	-1.422119	2.867737
0.188599	-1.860657	-1.439819	3.013611
0.182495	-1.922913	-1.432800	3.104553
0.167847	-1.953125	-1.395874	3.139038
0.161438	-1.953125	-1.332397	3.124695
0.162659	-1.923828	-1.245117	3.061829
0.159912	-1.858826	-1.133728	2.950745
0.160828	-1.756287	-1.007996	2.794800
0.170288	-1.631165	-0.880127	2.605896
0.178528	-1.485901	-0.754395	2.381592
0.181885	-1.331787	-0.620728	2.124634
0.180054	-1.178894	-0.466919	1.838074
0.176086	-1.034546	-0.299377	1.533203
0.166321	-0.904236	-0.128479	1.218872
0.145569	-0.782471	0.042419	0.892639
0.122070	-0.670776	0.209656	0.568237
0.096741	-0.572510	0.369263	0.252686
0.065613	-0.489502	0.520020	-0.062256
0.031128	-0.423584	0.668945	-0.384216
-0.004272	-0.369263	0.807800	-0.705872
-0.042419	-0.324097	0.937195	-1.015320
-0.081787	-0.285645	1.067810	-1.304932
-0.124512	-0.249939	1.191101	-1.565552
-0.162659	-0.206909	1.302185	-1.789856
-0.195007	-0.146790	1.399231	-1.977844
-0.217590	-0.074158	1.480103	-2.127380
-0.234985	0.013428	1.545105	-2.237854
-0.244751	0.110474	1.592712	-2.306824
-0.248108	0.216675	1.625671	-2.332458
-0.245667	0.340576	1.646118	-2.319641
-0.233459	0.480042	1.645203	-2.278137
-0.205383	0.625000	1.611938	-2.208252
-0.167236	0.775452	1.543884	-2.119751
-0.126038	0.926514	1.447144	-2.016602
-0.083008	1.072693	1.322327	-1.898193
-0.036926	1.213074	1.177063	-1.770630
0.005493	1.343079	1.014709	-1.636353
0.039063	1.459656	0.841980	-1.489563
0.070801	1.562195	0.663147	-1.339111
0.101013	1.656494	0.485535	-1.185913
0.126648	1.743469	0.305176	-1.031799
0.145569	1.810608	0.128784	-0.888062
0.159302	1.834412	-0.036926	-0.755310
0.165405	1.824036	-0.192871	-0.625916
0.163879	1.798401	-0.336914	-0.504456
0.158081	1.757813	-0.465698	-0.392761
0.151367	1.701355	-0.579834	-0.294800
0.141602	1.641541	-0.682983	-0.204163
0.135803	1.586609	-0.768738	-0.113220
0.136108	1.516418	-0.841675	-0.017395
0.139771	1.421204	-0.913391	0.087280
0.141296	1.299133	-0.980835	0.191956
0.138245	1.146240	-1.039429	0.296936
0.137329	0.971985	-1.092224	0.404663
0.138550	0.775757	-1.147461	0.514221
0.143433	0.557861	-1.207581	0.604553
0.149841	0.324707	-1.269226	0.680847
0.152588	0.079346	-1.344299	0.764160
0.156250	-0.167542	-1.422424	0.852661
0.155945	-0.412292	-1.495056	0.928650
0.152893	-0.647888	-1.559753	0.985413
0.153503	-0.863953	-1.618958	1.037598
0.151672	-1.049805	-1.672668	1.080322
0.147400	-1.195374	-1.710815	1.108093
0.131836	-1.304932	-1.726990	1.131897
0.110168	-1.386414	-1.720886	1.155396
0.092773	-1.441650	-1.694031	1.178284
0.074158	-1.479492	-1.647034	1.193542
0.052185	-1.495972	-1.586609	1.201477
0.031738	-1.484985	-1.516418	1.203308
0.007324	-1.443787	-1.439209	1.193848
-0.028381	-1.378174	-1.347351	1.176453
-0.071106	-1.286926	-1.242371	1.148987
-0.120239	-1.174622	-1.132813	1.110535
-0.177002	-1.051025	-1.020508	1.060791
-0.234985	-0.923157	-0.907898	0.999451
-0.293274	-0.801086	-0.791321	0.926208
-0.347900	-0.683899	-0.664063	0.838623
-0.404053	-0.569763	-0.522461	0.738525
-0.464172	-0.456848	-0.364075	0.621338
-0.516357	-0.346069	-0.190430	0.487976
-0.557251	-0.238953	0.000610	0.348206
-0.585938	-0.125732	0.207214	0.214539
-0.598450	-0.003967	0.425720	0.075073
-0.598145	0.119629	0.645447	-0.079041
-0.589905	0.244446	0.870361	-0.242004
-0.574341	0.365906	1.098938	-0.403442
-0.554504	0.475464	1.322327	-0.564270
-0.528870	0.580139	1.540222	-0.726624
-0.495605	0.681763	1.750793	-0.884094
-0.449829	0.770874	1.950073	-1.031799
-0.394897	0.847168	2.130737	-1.170959
-0.333252	0.909119	2.282410	-1.295471
-0.265503	0.952454	2.399597	-1.394653
-0.194397	0.975952	2.478638	-1.461182
-0.120239	0.980225	2.520142	-1.495667
-0.050659	0.961304	2.523499	-1.496887
0.015564	0.913696	2.488403	-1.467590
0.083618	0.841064	2.416687	-1.410522
0.152893	0.753174	2.306213	-1.326294
0.223083	0.647583	2.165527	-1.217041
0.285645	0.521545	2.005310	-1.093140
0.341797	0.371094	1.819763	-0.944824
0.384521	0.212402	1.621094	-0.776672
0.416565	0.048828	1.416626	-0.597229
0.444641	-0.118713	1.199341	-0.405273
0.472107	-0.286865	0.973816	-0.209045
0.500793	-0.451965	0.742798	-0.009155
0.525818	-0.615845	0.506287	0.192566
0.544128	-0.783081	0.265503	0.390625
0.556946	-0.951843	0.012512	0.578003
0.553589	-1.124878	-0.252991	0.753784
0.543823	-1.289368	-0.517578	0.912476
0.533447	-1.446533	-0.783386	1.059570
0.523682	-1.600037	-1.045532	1.192932
0.511780	-1.744385	-1.285400	1.303406
0.494690	-1.870728	-1.508789	1.394348
0.474243	-1.968994	-1.714172	1.466675
0.449524	-2.033997	-1.895752	1.516113
0.420532	-2.062378	-2.053223	1.542053
0.392151	-2.043457	-2.179565	1.536865
0.361633	-1.977234	-2.265625	1.503296
0.330505	-1.866150	-2.306213	1.445618
0.295410	-1.713257	-2.299194	1.365662
0.258789	-1.527100	-2.242126	1.266174
0.224915	-1.319275	-2.140198	1.153870
0.192871	-1.093140	-1.994629	1.036072
0.158386	-0.857239	-1.814880	0.909729
0.119019	-0.607910	-1.608582	0.769348
0.076599	-0.344849	-1.382751	0.618286
0.033875	-0.069580	-1.142883	0.464783
-0.008240	0.202942	-0.886536	0.309753
-0.050049	0.466614	-0.625000	0.148010
-0.091248	0.720520	-0.358887	-0.011292
-0.136719	0.957642	-0.098877	-0.158081
-0.181580	1.173401	0.142517	-0.292969
-0.220032	1.373291	0.357971	-0.413208
-0.249023	1.545715	0.550537	-0.509644
-0.273438	1.689758	0.723877	-0.588379
-0.296326	1.799927	0.880127	-0.653076
-0.316467	1.877441	1.016235	-0.699768
-0.335693	1.929932	1.127014	-0.722351
-0.358582	1.957703	1.206360	-0.728149
-0.385437	1.964417	1.254272	-0.718079
-0.415344	1.954041	1.275635	-0.704041
-0.441284	1.927490	1.265564	-0.687561
-0.466309	1.888428	1.227417	-0.670166
-0.489807	1.846619	1.169434	-0.655518
-0.506287	1.799622	1.097412	-0.644226
-0.516052	1.731873	1.016235	-0.629272
-0.521851	1.641846	0.928955	-0.605469
-0.527649	1.539612	0.830383	-0.573425
-0.532532	1.427002	0.718689	-0.534058
-0.527649	1.291809	0.603638	-0.486450
-0.512390	1.135559	0.483704	-0.421448
-0.483093	0.959778	0.367126	-0.342102
-0.441895	0.769043	0.261230	-0.255127
-0.390320	0.565186	0.163879	-0.155640
-0.332031	0.343628	0.069885	-0.050964
-0.269165	0.115967	-0.019226	0.050964
-0.198364	-0.112000	-0.100708	0.151672
-0.126038	-0.339355	-0.167236	0.255432
-0.056458	-0.564575	-0.213928	0.359497
0.008545	-0.785828	-0.237732	0.456848
0.071716	-0.994568	-0.235596	0.541382
0.128479	-1.189880	-0.214539	0.614929
0.172424	-1.374207	-0.181274	0.677490
0.209351	-1.548462	-0.136108	0.728455
0.237732	-1.712036	-0.086365	0.764771
0.261230	-1.867981	-0.034485	0.787048
0.281372	-2.018738	0.018005	0.795593
0.293579	-2.165222	0.072021	0.791626
0.305176	-2.307739	0.116272	0.776978
0.319824	-2.434998	0.144653	0.745544
0.334778	-2.540283	0.160522	0.698242
0.345459	-2.626953	0.161438	0.640259
0.352173	-2.694702	0.144958	0.577087
0.354004	-2.735596	0.112915	0.508728
0.349731	-2.747803	0.073547	0.439453
0.344849	-2.735291	0.035400	0.368652
0.337219	-2.702332	-0.008850	0.295715
0.329285	-2.649841	-0.059204	0.229492
0.318909	-2.572937	-0.107422	0.170288
0.302124	-2.470093	-0.151672	0.113831
0.277405	-2.342834	-0.200806	0.060425
0.249023	-2.193298	-0.257263	0.000610
0.216980	-2.023010	-0.312805	-0.060120
0.184326	-1.837463	-0.362244	-0.116272
0.144653	-1.636658	-0.404053	-0.173950
0.101929	-1.419373	-0.435486	-0.238647
0.059509	-1.182861	-0.447998	-0.311890
0.011597	-0.929565	-0.441284	-0.386047
-0.042725	-0.665588	-0.419312	-0.462341
-0.095520	-0.395813	-0.380554	-0.537109
-0.146484	-0.122070	-0.319519	-0.609131
-0.190735	0.159607	-0.237427	-0.679626
-0.226440	0.440674	-0.139465	-0.752869
-0.260315	0.717468	-0.030212	-0.827026
-0.285950	0.990601	0.083313	-0.894470
-0.299988	1.253357	0.189514	-0.959167
-0.308838	1.501465	0.288696	-1.019592
-0.318909	1.737366	0.382690	-1.076355
-0.326233	1.964417	0.469055	-1.130981
-0.326843	2.177429	0.545959	-1.186523
-0.322266	2.371826	0.609741	-1.247559
-0.314026	2.543335	0.662231	-1.312561
-0.299988	2.689209	0.707397	-1.376953
-0.283813	2.809448	0.743408	-1.441040
-0.273438	2.902222	0.769653	-1.496887
-0.265808	2.969360	0.788574	-1.541138
-0.252686	3.000488	0.797729	-1.568909
-0.231628	2.982788	0.787964	-1.575317
-0.202637	2.931213	0.760193	-1.561890
-0.169067	2.858887	0.716248	-1.521301
-0.133362	2.764282	0.653992	-1.444092
-0.093689	2.646179	0.573730	-1.330261
-0.046692	2.508240	0.480347	-1.180725
0.003662	2.362671	0.378723	-0.997009
0.053711	2.210693	0.274353	-0.783691
0.103760	2.043762	0.159302	-0.538940
0.150757	1.860962	0.035706	-0.273743
0.193176	1.664734	-0.084534	0.002747
0.231934	1.459351	-0.199890	0.291748
0.260010	1.251831	-0.306702	0.578613
0.279236	1.033630	-0.413513	0.858765
0.290527	0.812073	-0.520020	1.125793
0.296936	0.589905	-0.627747	1.384583
0.300598	0.370178	-0.724792	1.625061
0.296936	0.148926	-0.807190	1.829834
0.290833	-0.066223	-0.871582	1.994934
0.283203	-0.276489	-0.919800	2.124023
0.269470	-0.485535	-0.960083	2.216492
0.254822	-0.682373	-0.995178	2.269897
0.236816	-0.867920	-1.018372	2.286377
0.220337	-1.033630	-1.024170	2.266541
0.205994	-1.176758	-1.012573	2.211304
0.190735	-1.300354	-0.978394	2.119446
0.172424	-1.404419	-0.926208	2.000122
0.155945	-1.485291	-0.861816	1.861267
0.138855	-1.550598	-0.784302	1.699829
0.111694	-1.597900	-0.689392	1.524658
0.081177	-1.626282	-0.579529	1.325684
0.052490	-1.635437	-0.462646	1.104126
0.022278	-1.625977	-0.344238	0.871582
-0.010681	-1.606750	-0.217590	0.625916
-0.049438	-1.582642	-0.079041	0.372314
-0.090942	-1.551819	0.071106	0.116577
-0.139160	-1.508484	0.230408	-0.135498
-0.192566	-1.442566	0.392761	-0.382385
-0.244446	-1.350403	0.557556	-0.615234
-0.293274	-1.236877	0.730286	-0.827942
-0.335083	-1.099854	0.910034	-1.012573
-0.367737	-0.943298	1.097107	-1.175537
-0.391541	-0.768433	1.283875	-1.318359
-0.408020	-0.578003	1.467590	-1.435852
-0.414429	-0.377808	1.641541	-1.518860
-0.413208	-0.173645	1.795959	-1.570740
-0.400391	0.032654	1.924438	-1.596985
-0.375977	0.239258	2.025757	-1.598511
-0.341797	0.443726	2.094421	-1.574097
-0.301819	0.644836	2.127991	-1.524658
-0.260010	0.839539	2.118530	-1.456299
-0.219727	1.024170	2.070007	-1.368408
-0.181274	1.193542	1.980286	-1.265869
-0.143433	1.343384	1.852112	-1.159058
-0.110168	1.470032	1.689148	-1.045227
-0.078735	1.571960	1.495972	-0.926819
-0.054016	1.643372	1.283264	-0.812683
-0.032654	1.689453	1.053467	-0.703735
-0.010986	1.707764	0.810242	-0.603333
0.006409	1.690979	0.563049	-0.509949
0.017700	1.652527	0.314026	-0.418091
0.029602	1.598511	0.064697	-0.329590
0.042725	1.526794	-0.179749	-0.245667
0.059204	1.447754	-0.413208	-0.168152
0.077209	1.356506	-0.627747	-0.100098
0.097656	1.250305	-0.820618	-0.037231
0.118713	1.129456	-0.990906	0.024414
0.145569	0.993958	-1.149597	0.078735
0.171814	0.847473	-1.289978	0.130005
0.190125	0.690308	-1.411133	0.176697
0.209045	0.523987	-1.510315	0.217896
0.230713	0.352478	-1.590881	0.253906
0.251160	0.179138	-1.659241	0.285950
0.268860	0.005798	-1.715393	0.319214
0.288391	-0.163574	-1.760864	0.355530
0.300903	-0.324402	-1.790771	0.390015
0.305176	-0.470276	-1.811829	0.418701
0.316162	-0.595398	-1.825562	0.440674
0.327454	-0.697937	-1.828003	0.453186
0.335999	-0.774536	-1.818848	0.463867
0.341492	-0.827026	-1.793823	0.474854
0.346375	-0.859985	-1.746216	0.488892
0.351257	-0.870056	-1.676941	0.505066
0.351257	-0.848694	-1.592407	0.521545
0.352173	-0.800171	-1.492615	0.541992
0.348511	-0.737305	-1.386414	0.563354
0.335693	-0.654602	-1.269531	0.584412
0.316772	-0.552063	-1.144104	0.603333
0.286865	-0.435181	-1.011353	0.617676
0.250854	-0.310974	-0.880737	0.630798
0.215149	-0.186768	-0.763245	0.637512
0.175781	-0.061951	-0.649719	0.631104
0.132751	0.056763	-0.533447	0.611267
0.086975	0.160828	-0.424500	0.578918
0.038147	0.249023	-0.316162	0.534058
-0.015564	0.326538	-0.201721	0.480042
-0.069885	0.392456	-0.087585	0.423584
-0.121460	0.450745	0.032349	0.367432
-0.171814	0.500793	0.163574	0.307007
-0.221252	0.539856	0.308228	0.235291
-0.266113	0.573425	0.459900	0.156555
-0.302124	0.597229	0.612793	0.078125
-0.331726	0.616760	0.766907	-0.008850
-0.354309	0.637817	0.926819	-0.102844
-0.366821	0.652771	1.091919	-0.194702
-0.371399	0.665588	1.256104	-0.286560
-0.366821	0.682678	1.410217	-0.375671
-0.356140	0.691528	1.554871	-0.460205
-0.340271	0.690308	1.687012	-0.537720
-0.321960	0.680237	1.799622	-0.603333
-0.302734	0.660706	1.888123	-0.652161
-0.283508	0.633240	1.956787	-0.689087
-0.260925	0.593567	1.997375	-0.717163
-0.235901	0.538330	2.013550	-0.733032
-0.208130	0.469360	2.010803	-0.738220
-0.180359	0.393372	1.986694	-0.732727
-0.148010	0.307922	1.939697	-0.718079
-0.112305	0.214844	1.869507	-0.687866
-0.080261	0.115662	1.781006	-0.638123
-0.048828	0.007935	1.677856	-0.573120
-0.018616	-0.100708	1.562500	-0.491028
0.008545	-0.204773	1.432190	-0.389404
0.041199	-0.306396	1.289368	-0.273743
0.069885	-0.409851	1.139221	-0.144348
0.095825	-0.516357	0.984497	-0.000610
0.118408	-0.623474	0.821838	0.158081
0.140076	-0.729675	0.651245	0.328064
0.159302	-0.833130	0.473022	0.502930
0.174255	-0.929871	0.283508	0.677795
0.191345	-1.019897	0.085754	0.850525
0.213013	-1.104736	-0.121765	1.017456
0.234985	-1.180725	-0.334778	1.173401
0.251160	-1.251526	-0.545959	1.313782
0.265503	-1.321411	-0.752563	1.438904
0.273743	-1.386719	-0.953979	1.549683
0.272827	-1.435242	-1.150208	1.641541
0.268860	-1.463928	-1.334534	1.708069
0.265198	-1.468506	-1.498718	1.747131
0.261841	-1.453552	-1.634521	1.760254
0.261536	-1.415405	-1.740417	1.745911
0.267944	-1.348267	-1.817322	1.704407
0.271912	-1.251831	-1.860962	1.637573
0.270691	-1.131897	-1.867371	1.546936
0.260315	-0.987549	-1.842651	1.424561
0.241699	-0.826416	-1.788330	1.269226
0.214539	-0.655823	-1.704102	1.088257
0.180054	-0.472717	-1.595459	0.888672
0.143127	-0.283508	-1.470642	0.677490
0.106201	-0.092163	-1.332397	0.460510
0.070801	0.101318	-1.187439	0.239563
0.031738	0.292358	-1.039124	0.016174
-0.015259	0.475464	-0.886536	-0.206909
-0.061035	0.638428	-0.734253	-0.431519
-0.102234	0.775146	-0.579224	-0.657349
-0.145264	0.891113	-0.422668	-0.869141
-0.185547	0.997009	-0.270996	-1.065063
-0.217590	1.093750	-0.127563	-1.247864
-0.243835	1.175842	-0.001221	-1.402893
-0.267944	1.245728	0.110168	-1.534119
-0.293274	1.309814	0.207520	-1.649170
-0.324097	1.374207	0.290222	-1.744385
-0.359497	1.433411	0.360413	-1.820068
-0.389709	1.482239	0.424805	-1.877441
-0.414429	1.524963	0.486755	-1.916199
-0.425720	1.567993	0.539246	-1.932983
-0.411987	1.610413	0.577698	-1.924438
-0.388184	1.645508	0.601196	-1.894836
-0.364380	1.669617	0.610962	-1.852722
-0.337219	1.681519	0.605774	-1.797791
-0.307617	1.675720	0.584412	-1.728516
-0.283813	1.647644	0.552368	-1.645813
-0.261841	1.601868	0.515442	-1.545105
-0.227356	1.541443	0.477295	-1.428223
-0.179749	1.463318	0.439453	-1.293030
-0.123291	1.372070	0.395203	-1.135864
-0.060120	1.266785	0.342102	-0.962524
0.002136	1.142273	0.284119	-0.783386
0.054932	0.999756	0.223389	-0.601807
0.097961	0.836182	0.170593	-0.422363
0.135803	0.651855	0.132141	-0.248413
0.169983	0.458069	0.096130	-0.079651
0.198975	0.261536	0.060425	0.089111
0.229187	0.065918	0.033569	0.256042
0.255127	-0.130005	0.018005	0.418091
0.276489	-0.326843	0.000305	0.563660
0.290527	-0.522766	-0.019531	0.690918
0.292358	-0.720825	-0.032959	0.798035
0.283203	-0.921021	-0.036926	0.877686
0.267639	-1.123047	-0.039368	0.930481
0.254211	-1.325684	-0.039673	0.960999
0.242004	-1.524658	-0.036926	0.971375
0.229797	-1.713562	-0.035706	0.965271
0.216675	-1.894531	-0.045776	0.947876
0.200806	-2.064514	-0.068359	0.920715
0.179443	-2.214661	-0.097961	0.881042
0.153809	-2.346497	-0.135498	0.828857
0.125732	-2.451782	-0.179749	0.768738
0.098877	-2.519836	-0.220642	0.711060
0.078125	-2.550964	-0.255737	0.657959
0.061340	-2.545471	-0.283508	0.609131
0.043640	-2.506104	-0.303955	0.565796
0.025635	-2.431946	-0.319824	0.529785
0.004578	-2.322693	-0.329285	0.494080
-0.023804	-2.180481	-0.333557	0.455933
-0.055847	-2.010193	-0.332336	0.414124
-0.095825	-1.811218	-0.315247	0.374451
-0.139160	-1.578979	-0.277710	0.342407
-0.172424	-1.334839	-0.223389	0.322876
-0.201111	-1.076050	-0.160522	0.308533
-0.226135	-0.810242	-0.096130	0.299683
-0.244141	-0.544434	-0.030518	0.298462
-0.256653	-0.282288	0.038452	0.296936
-0.272827	-0.027466	0.117798	0.283203
-0.291138	0.219727	0.207825	0.249023
-0.305481	0.461426	0.304565	0.209351
-0.315857	0.688782	0.397339	0.173645
-0.321960	0.901184	0.491333	0.144958
-0.321045	1.106873	0.583801	0.114746
-0.311584	1.302185	0.668335	0.081787
-0.300293	1.483459	0.738831	0.036926
-0.292053	1.649780	0.802917	-0.028992
-0.285645	1.793518	0.862122	-0.108337
-0.280151	1.920471	0.914001	-0.198364
-0.268250	2.026672	0.954590	-0.298462
-0.249939	2.095642	0.984802	-0.403442
-0.227966	2.135925	1.001587	-0.506897
-0.203552	2.160034	1.000061	-0.601807
-0.173645	2.162476	0.975952	-0.691223
-0.145874	2.144775	0.932617	-0.777588
-0.121765	2.109680	0.874329	-0.859375
-0.101013	2.060242	0.803833	-0.932922
-0.083923	1.994934	0.725403	-0.990906
-0.065308	1.912231	0.628967	-1.025391
-0.040588	1.808167	0.513306	-1.033630
-0.006104	1.679993	0.387573	-1.011963
0.035095	1.532593	0.260010	-0.959473
0.074463	1.360474	0.132751	-0.878601
0.110474	1.167297	0.000000	-0.784302
0.143738	0.961914	-0.140381	-0.673523
0.175781	0.754089	-0.282288	-0.532837
0.208435	0.546265	-0.414429	-0.366211
0.243530	0.333557	-0.534363	-0.191345
0.278931	0.126648	-0.641785	-0.011292
0.314941	-0.072327	-0.740051	0.175781
0.341797	-0.269775	-0.834351	0.358887
0.356445	-0.456238	-0.924988	0.526123
0.359497	-0.634155	-1.003418	0.674133
0.354004	-0.807190	-1.067810	0.800476
0.342407	-0.966187	-1.123962	0.901794
0.327148	-1.111755	-1.172485	0.980225
0.313110	-1.245117	-1.212769	1.042175
0.304871	-1.364136	-1.247253	1.090698
0.298767	-1.473999	-1.272278	1.124573
0.287781	-1.569519	-1.284180	1.144104
0.273132	-1.646423	-1.287537	1.146851
0.257568	-1.710815	-1.282959	1.131897
0.241394	-1.754761	-1.269531	1.093445
0.226135	-1.771240	-1.241760	1.028748
0.214539	-1.772461	-1.192322	0.943298
0.210266	-1.763000	-1.122742	0.840454
0.202942	-1.738892	-1.034546	0.729065
0.184631	-1.698303	-0.926208	0.607910
0.155945	-1.644592	-0.797424	0.479431
0.117798	-1.582031	-0.652466	0.348206
0.072632	-1.507568	-0.492249	0.216980
0.024719	-1.420593	-0.312500	0.081482
-0.024719	-1.322632	-0.119934	-0.059814
-0.073853	-1.216736	0.076599	-0.196838
-0.119324	-1.104431	0.273743	-0.326233
-0.165100	-0.988770	0.465698	-0.448608
-0.212097	-0.869446	0.648499	-0.561523
-0.258179	-0.743713	0.820007	-0.665588
-0.298767	-0.611572	0.979919	-0.762634
-0.336304	-0.470276	1.127930	-0.851135
-0.372009	-0.322876	1.263428	-0.921021
-0.403442	-0.176697	1.382446	-0.966797
-0.429382	-0.031433	1.481934	-0.987244
-0.443420	0.112305	1.557617	-0.986023
-0.446472	0.249023	1.606445	-0.965271
-0.444336	0.375366	1.625977	-0.929565
-0.441589	0.488892	1.616516	-0.887451
-0.437317	0.589294	1.576843	-0.838623
-0.426331	0.675659	1.509399	-0.782776
-0.410767	0.747681	1.416016	-0.717773
-0.390320	0.803833	1.294556	-0.640564
-0.365601	0.844421	1.150208	-0.553894
-0.337219	0.870972	0.980225	-0.459900
-0.306396	0.880432	0.789795	-0.364990
-0.275269	0.870667	0.595093	-0.280151
-0.244141	0.838623	0.403748	-0.202332
-0.214539	0.785828	0.220642	-0.124817
-0.187378	0.714417	0.047302	-0.045166
-0.159912	0.625305	-0.115356	0.034790
-0.125732	0.525818	-0.269470	0.118103
-0.080261	0.423889	-0.411072	0.208130
-0.026855	0.319519	-0.538635	0.304565
0.029907	0.208130	-0.649414	0.407715
0.085754	0.090942	-0.740662	0.512390
0.139160	-0.028992	-0.811157	0.617065
0.188599	-0.150757	-0.863342	0.721741
0.236206	-0.270386	-0.897827	0.825500
0.283203	-0.383606	-0.922241	0.922546
0.326538	-0.490112	-0.935364	1.012268
0.365295	-0.589600	-0.936279	1.094055
0.393372	-0.678406	-0.927124	1.160278
0.407715	-0.757446	-0.908508	1.203613
0.411987	-0.831909	-0.883789	1.221924
0.409851	-0.901489	-0.852966	1.221924
0.405273	-0.957031	-0.816650	1.206970
0.400696	-0.996094	-0.777283	1.175537
0.399170	-1.017456	-0.732727	1.128845
0.397339	-1.018372	-0.686646	1.070251
0.389709	-0.994873	-0.645142	1.001587
0.379639	-0.952454	-0.605469	0.920715
0.368347	-0.893555	-0.570374	0.829468
0.351868	-0.824890	-0.541687	0.730896
0.331726	-0.747070	-0.514221	0.623474
0.308228	-0.657654	-0.485229	0.509949
0.280457	-0.561829	-0.452881	0.396423
0.249023	-0.465698	-0.415955	0.285034
0.211792	-0.371704	-0.374451	0.173950
0.164185	-0.281372	-0.328979	0.067444
0.108337	-0.194092	-0.279846	-0.038757
0.048828	-0.106506	-0.222168	-0.146179
-0.015259	-0.021057	-0.157776	-0.256348
-0.076294	0.059814	-0.086365	-0.366211
-0.134277	0.132141	-0.011902	-0.473022
-0.185242	0.197754	0.070190	-0.570679
-0.231934	0.257874	0.162354	-0.657043
