2020/1/9 9:24:25 40us
CH1			CH2			CH3			CH4
-0.009460	-0.002441	0.006409	-0.005798
-0.009155	-0.001831	0.006714	-0.005493
-0.009155	-0.002136	0.006409	-0.005798
-0.008850	-0.001831	0.005798	-0.005188
-0.009155	-0.002747	0.005798	-0.005188
-0.009155	-0.002747	0.006104	-0.004883
-0.008545	-0.002747	0.006104	-0.004883
-0.009155	-0.002136	0.006104	-0.005188
-0.008850	-0.002136	0.006409	-0.005493
-0.008850	-0.001831	0.006409	-0.005493
-0.009155	-0.001831	0.006409	-0.005493
-0.009460	-0.001831	0.006409	-0.005493
-0.009155	-0.001831	0.006714	-0.005188
-0.009460	-0.001831	0.006104	-0.005493
-0.009155	-0.001831	0.006409	-0.005188
-0.009155	-0.002136	0.006104	-0.005188
-0.008850	-0.002441	0.006409	-0.004883
-0.009155	-0.002136	0.006409	-0.004883
-0.008850	-0.002136	0.006104	-0.005188
-0.009155	-0.001831	0.006104	-0.005188
-0.008850	-0.001526	0.006409	-0.005188
-0.008850	-0.001526	0.006409	-0.005188
-0.009460	-0.001526	0.006104	-0.004578
-0.008850	-0.001526	0.006104	-0.005188
-0.009460	-0.001221	0.005798	-0.004883
-0.009155	-0.001526	0.006104	-0.004883
-0.009155	-0.001831	0.006104	-0.005188
-0.009460	-0.001526	0.006104	-0.004883
-0.009766	-0.001526	0.006104	-0.005188
-0.009155	-0.001831	0.006409	-0.004883
-0.008850	-0.001831	0.006104	-0.004883
-0.008850	-0.001831	0.006104	-0.005188
-0.008850	-0.002136	0.006409	-0.005493
-0.009155	-0.002136	0.006104	-0.005188
-0.009460	-0.001831	0.005798	-0.005493
-0.009155	-0.001526	0.006104	-0.004883
-0.009155	-0.001831	0.006409	-0.005188
-0.009155	-0.001831	0.005798	-0.005493
-0.008850	-0.001526	0.006104	-0.005493
-0.009460	-0.002441	0.005798	-0.005493
-0.009460	-0.001831	0.004578	-0.005493
-0.009155	-0.001831	0.006714	-0.004883
-0.009460	-0.002136	0.007324	-0.005798
-0.009155	-0.002136	0.008240	-0.007629
-0.009766	-0.001526	0.012817	-0.006104
-0.009155	-0.001831	-0.091248	-0.016785
-0.008240	-0.003357	0.003662	0.038452
-0.011597	-0.006104	0.247192	-0.048218
0.004883	-0.022583	0.545959	-0.179138
-0.043640	0.061646	0.845642	-0.200806
-0.015259	0.075073	1.027222	-0.219116
0.061035	0.052185	1.188354	-0.098267
0.067139	-0.010071	1.442871	0.146484
0.022278	-0.175171	1.777344	0.388184
-0.039978	-0.405273	2.095947	0.616455
-0.090942	-0.476074	2.261047	0.799561
-0.146790	-0.466614	2.267761	1.100159
-0.212708	-0.450745	2.088318	1.553040
-0.258179	-0.344543	1.661682	1.908569
-0.297852	-0.243835	1.184387	2.176514
-0.296936	0.004883	0.611572	2.373657
-0.244446	0.321350	-0.086365	2.453003
-0.191040	0.641785	-0.834045	2.448120
-0.118713	0.944824	-1.694336	2.368774
0.049744	1.107178	-2.489319	2.110901
0.224609	1.127319	-3.182373	1.701965
0.356140	1.121826	-3.792419	1.150208
0.490417	1.142273	-4.313049	0.536194
0.623169	1.196899	-4.850769	-0.068359
0.706787	1.261597	-5.350037	-0.629883
0.765686	1.350708	-5.716858	-1.151428
0.808411	1.442566	-5.935364	-1.700745
0.808716	1.606445	-6.033020	-2.258911
0.769348	1.683655	-6.072083	-2.718506
0.706177	1.757202	-6.049500	-3.070984
0.602417	1.704102	-5.861206	-3.319397
0.519714	1.578064	-5.598755	-3.528137
0.454712	1.381531	-5.205688	-3.640747
0.367432	1.178589	-4.707947	-3.665161
0.261841	0.908203	-4.186096	-3.618469
0.125427	0.611267	-3.569641	-3.494263
-0.001526	0.384216	-2.875671	-3.251953
-0.050964	0.157471	-2.184143	-2.947693
-0.067444	-0.131836	-1.504822	-2.606812
-0.080566	-0.443115	-0.802002	-2.308960
-0.100708	-0.707092	-0.062561	-2.034607
-0.091858	-0.869751	0.680237	-1.796875
-0.110474	-0.826721	1.392822	-1.557007
-0.120239	-0.642090	1.987000	-1.301880
-0.086670	-0.414429	2.477722	-1.075439
-0.104370	-0.173950	2.874146	-0.872498
-0.194702	0.138550	3.183289	-0.627136
-0.273743	0.482788	3.417969	-0.387268
-0.373535	0.836182	3.549805	-0.228271
-0.452576	1.169434	3.544922	-0.060730
-0.494385	1.434631	3.447266	0.069580
-0.547485	1.574097	3.304443	0.133972
-0.639343	1.665344	3.122253	0.141296
-0.735474	1.721497	2.919006	0.120239
-0.830078	1.709290	2.731018	0.070496
-0.870056	1.524658	2.502136	0.028381
-0.848694	1.096497	2.221985	-0.005188
-0.820923	0.520935	1.995544	-0.010071
-0.785828	-0.115051	1.824951	-0.013733
-0.829163	-0.838928	1.687317	0.027466
-0.912476	-1.560364	1.581726	0.103149
-0.936279	-2.255554	1.492310	0.216675
-0.911560	-2.948914	1.432190	0.359497
-0.836182	-3.528137	1.390686	0.556641
-0.775452	-4.024658	1.403503	0.762939
-0.734558	-4.413452	1.480408	0.916748
-0.698242	-4.709778	1.591187	1.090698
-0.669556	-5.010681	1.702881	1.292114
-0.542297	-5.283813	1.817932	1.453857
-0.383606	-5.511169	1.999817	1.593933
-0.260315	-5.675049	2.239685	1.774902
-0.119934	-5.755920	2.455750	1.920776
0.028687	-5.833435	2.612915	2.005615
0.228271	-5.872803	2.699280	2.092285
0.466309	-5.829773	2.741089	2.226868
0.698853	-5.786438	2.764587	2.337341
0.911560	-5.692749	2.741699	2.403564
1.089172	-5.469055	2.684937	2.465820
1.221619	-5.126343	2.581177	2.538452
1.336060	-4.638367	2.387390	2.597656
1.386108	-4.073486	2.074890	2.656860
1.376648	-3.498535	1.701965	2.713013
1.311951	-2.875671	1.304932	2.772827
1.174622	-2.186584	0.904846	2.835083
0.941162	-1.442261	0.488586	2.880554
0.646973	-0.701294	0.014648	2.842102
0.377502	-0.030823	-0.484924	2.728271
0.143127	0.567932	-0.965881	2.615356
-0.071716	1.101379	-1.401062	2.463379
-0.254517	1.557007	-1.834412	2.206116
-0.424194	1.992493	-2.250671	1.876526
-0.594482	2.382813	-2.610779	1.527100
-0.718689	2.660828	-2.908020	1.116943
-0.758057	2.864990	-3.143311	0.661926
-0.779419	3.016968	-3.292847	0.235901
-0.812073	3.152466	-3.379822	-0.139160
-0.839539	3.287964	-3.411560	-0.481873
-0.832825	3.450928	-3.348694	-0.831604
-0.774536	3.612976	-3.214417	-1.137695
-0.690002	3.707581	-3.064880	-1.380920
-0.602417	3.798828	-2.943420	-1.596375
-0.515137	3.928833	-2.810974	-1.765747
-0.400391	4.097290	-2.672729	-1.926270
-0.257874	4.314575	-2.516174	-2.160950
-0.115967	4.569702	-2.320862	-2.445374
0.019226	4.813232	-2.100830	-2.774658
0.154419	5.010986	-1.859436	-3.093567
0.307312	5.151367	-1.616211	-3.391724
0.453796	5.273132	-1.358032	-3.677368
0.538635	5.367737	-1.013794	-3.936768
0.578003	5.407104	-0.609741	-4.158630
0.637512	5.369873	-0.190735	-4.318542
0.688477	5.241394	0.226135	-4.381714
0.726318	5.014954	0.614929	-4.369202
0.763855	4.717102	0.968323	-4.276428
0.757446	4.411926	1.277771	-4.104004
0.723267	4.074707	1.539917	-3.892517
0.682068	3.677673	1.723328	-3.640747
0.646667	3.243103	1.781921	-3.316956
0.591125	2.778931	1.717834	-2.884827
0.509338	2.302856	1.571655	-2.368164
0.377808	1.810913	1.364136	-1.832581
0.240784	1.288452	1.135254	-1.334229
0.127563	0.717163	0.911865	-0.864258
0.025940	0.125732	0.668640	-0.416565
-0.086060	-0.472717	0.399170	0.003967
-0.220947	-1.101685	0.123901	0.373840
-0.371094	-1.727905	-0.124817	0.656738
-0.497131	-2.308655	-0.308533	0.845032
-0.573425	-2.819214	-0.455933	0.976257
-0.609436	-3.244019	-0.600586	1.113586
-0.612488	-3.601074	-0.772095	1.261902
-0.603638	-3.887939	-0.972900	1.413879
-0.594177	-4.106140	-1.138306	1.563110
-0.559998	-4.291992	-1.228027	1.715698
-0.495300	-4.443665	-1.254883	1.873779
-0.426636	-4.539490	-1.222839	2.043762
-0.341797	-4.603271	-1.143799	2.218018
-0.251770	-4.652710	-1.012268	2.415466
-0.164185	-4.673767	-0.815735	2.612610
-0.077209	-4.650269	-0.569458	2.760010
-0.012512	-4.613037	-0.289307	2.828979
0.037537	-4.573975	-0.019531	2.837219
0.084229	-4.501038	0.242615	2.803040
0.124817	-4.421387	0.545349	2.738342
0.136108	-4.341125	0.885620	2.604675
0.101318	-4.273376	1.260376	2.399292
0.035400	-4.228821	1.636658	2.129822
-0.038452	-4.186401	1.983337	1.823425
-0.115662	-4.118652	2.277527	1.536255
-0.191650	-4.022827	2.517090	1.271973
-0.273438	-3.918457	2.725830	1.026001
-0.364990	-3.788147	2.918091	0.793152
-0.466309	-3.605652	3.097839	0.559082
-0.571899	-3.376160	3.251038	0.356750
-0.667725	-3.079224	3.350830	0.178223
-0.737610	-2.707214	3.364258	0.031738
-0.784302	-2.273254	3.314514	-0.057373
-0.810852	-1.772156	3.211365	-0.110168
-0.825806	-1.240540	3.081970	-0.152283
-0.829773	-0.680542	2.913818	-0.174255
-0.798035	-0.097351	2.686768	-0.170593
-0.725708	0.457153	2.419739	-0.154114
-0.631714	1.001282	2.124329	-0.126343
-0.547180	1.539612	1.826477	-0.099182
-0.469360	2.076416	1.517029	-0.080566
-0.391846	2.608948	1.189270	-0.071411
-0.345764	3.131409	0.840759	-0.066528
-0.309448	3.656006	0.501709	-0.057678
-0.269775	4.156189	0.184326	-0.049438
-0.228882	4.627991	-0.101929	-0.052185
-0.197449	5.077209	-0.332336	-0.073547
-0.180054	5.470581	-0.509949	-0.089111
-0.156555	5.780640	-0.648193	-0.069580
-0.091248	5.943909	-0.749817	-0.016785
0.001526	5.979004	-0.817871	0.061035
0.124207	5.932922	-0.848083	0.140076
0.275269	5.814209	-0.861206	0.195618
0.425415	5.623474	-0.870972	0.240173
0.573120	5.349426	-0.864563	0.292969
0.722656	5.003967	-0.858765	0.339355
0.856934	4.588623	-0.856934	0.365295
0.977783	4.108582	-0.901184	0.362854
1.080627	3.578186	-0.977173	0.296021
1.154480	3.015137	-1.060181	0.166626
1.184692	2.438354	-1.156006	-0.011292
1.172485	1.862183	-1.283569	-0.225525
1.136780	1.313477	-1.452942	-0.484619
1.072388	0.798645	-1.652527	-0.771484
0.999451	0.332642	-1.868286	-1.031799
0.941162	-0.049133	-2.089233	-1.257629
0.895691	-0.363464	-2.306519	-1.463623
0.869141	-0.619507	-2.506104	-1.631470
0.862732	-0.832214	-2.679749	-1.728821
0.874939	-1.027527	-2.807617	-1.750488
0.909119	-1.165466	-2.868652	-1.718750
0.933533	-1.250305	-2.836609	-1.616516
0.943909	-1.318970	-2.710876	-1.439514
0.939941	-1.361389	-2.503662	-1.195679
0.917969	-1.368713	-2.225647	-0.895691
0.901794	-1.346436	-1.894531	-0.538940
0.885315	-1.316528	-1.529236	-0.145569
0.834045	-1.260681	-1.153564	0.247803
0.731812	-1.132813	-0.768127	0.637512
0.600586	-0.950012	-0.407104	1.002197
0.472107	-0.734558	-0.124817	1.324768
0.336609	-0.488281	0.075989	1.593933
0.183411	-0.242004	0.243835	1.795959
0.028381	-0.016174	0.410767	1.917114
-0.128784	0.178528	0.581970	1.969299
-0.289001	0.357361	0.739746	1.942139
-0.439758	0.523682	0.878296	1.825256
-0.565796	0.639343	1.002502	1.642761
-0.661316	0.702820	1.149292	1.412964
-0.739746	0.727844	1.343079	1.113586
-0.809021	0.734558	1.580505	0.729065
-0.859375	0.728455	1.814575	0.300598
-0.899658	0.683289	2.023315	-0.135498
-0.919495	0.592957	2.201843	-0.564575
-0.926208	0.430603	2.356262	-0.972290
-0.930176	0.208130	2.498169	-1.330872
-0.942688	-0.040894	2.610474	-1.629639
-0.951843	-0.328674	2.685242	-1.892395
-0.969543	-0.659790	2.702637	-2.098694
-0.991821	-1.039429	2.668762	-2.218933
-1.013184	-1.468201	2.608337	-2.254944
-1.052551	-1.887512	2.546082	-2.218323
-1.104431	-2.264709	2.460632	-2.134705
-1.147156	-2.598877	2.342834	-2.014771
-1.163635	-2.871399	2.195740	-1.873474
-1.147461	-3.063660	2.048645	-1.714478
-1.093140	-3.201294	1.914978	-1.534119
-0.994568	-3.287048	1.791992	-1.336365
-0.888062	-3.315735	1.685791	-1.096191
-0.785522	-3.299561	1.578064	-0.799255
-0.662537	-3.212891	1.449890	-0.440063
-0.507507	-3.041077	1.307678	-0.007629
-0.323792	-2.817383	1.151428	0.476379
-0.147400	-2.561646	0.983276	0.971069
-0.001526	-2.268677	0.777283	1.470947
0.123901	-1.926575	0.530090	1.966858
0.243530	-1.570740	0.253601	2.445984
0.334167	-1.231689	-0.070190	2.884521
0.405884	-0.914917	-0.442505	3.228149
0.470886	-0.604553	-0.845032	3.485718
0.515442	-0.295715	-1.250610	3.672180
0.521545	-0.016174	-1.640930	3.777771
0.503540	0.204163	-2.028198	3.769226
0.473633	0.340271	-2.405090	3.659058
0.432739	0.403748	-2.749939	3.487854
0.397339	0.411987	-3.045654	3.247986
0.364075	0.380859	-3.283997	2.944946
0.332031	0.319214	-3.446350	2.601929
0.310059	0.237732	-3.537292	2.232056
0.299072	0.149536	-3.564148	1.835022
0.310974	0.072937	-3.520508	1.421204
0.335083	-0.000610	-3.421021	0.999146
0.364380	-0.065308	-3.265991	0.573730
0.387573	-0.100098	-3.064575	0.151367
0.413208	-0.088196	-2.816162	-0.275879
0.447693	-0.043945	-2.544250	-0.691833
0.497742	0.008240	-2.252197	-1.093140
0.548706	0.054932	-1.933594	-1.466675
0.587463	0.105896	-1.605530	-1.787109
0.625305	0.179749	-1.283875	-2.067871
0.673218	0.278931	-0.966797	-2.319946
0.718994	0.401306	-0.659180	-2.568359
0.760498	0.533447	-0.361023	-2.807617
0.805054	0.660400	-0.072021	-3.017883
0.845642	0.802612	0.195618	-3.185730
0.857239	0.987549	0.459595	-3.322754
0.835266	1.207275	0.727234	-3.433838
0.794983	1.462402	0.978088	-3.507996
0.729980	1.740723	1.212158	-3.517456
0.646667	2.034302	1.391602	-3.468628
0.553589	2.361145	1.535034	-3.378601
0.439148	2.708435	1.654358	-3.237305
0.312805	3.036499	1.768799	-3.032532
0.188599	3.313904	1.885071	-2.779541
0.078430	3.532104	1.986084	-2.492676
-0.007629	3.683167	2.050171	-2.171326
-0.075684	3.774109	2.064209	-1.818542
-0.137329	3.791504	2.031860	-1.467285
-0.201721	3.695984	1.958313	-1.126709
-0.270081	3.531189	1.836243	-0.816040
-0.340881	3.342590	1.675415	-0.542297
-0.399475	3.094788	1.498108	-0.281982
-0.442200	2.796021	1.318359	-0.051270
-0.473022	2.482300	1.130371	0.146179
-0.494385	2.171936	0.952454	0.311890
-0.499878	1.881409	0.806885	0.429993
-0.491333	1.601563	0.673523	0.540161
-0.467529	1.331787	0.565491	0.642395
-0.430603	1.076660	0.489197	0.739136
-0.391846	0.851746	0.442810	0.853577
-0.347900	0.646973	0.429077	0.982056
-0.283203	0.456238	0.435181	1.117249
-0.199890	0.286865	0.460815	1.264038
-0.098267	0.117493	0.488892	1.450195
0.009766	-0.064697	0.541992	1.676331
0.110779	-0.273743	0.620422	1.903076
0.197144	-0.512695	0.725098	2.116394
0.259399	-0.779114	0.849915	2.322693
0.301514	-1.080933	0.968628	2.502441
0.325317	-1.392517	1.060181	2.651978
0.324707	-1.734314	1.124268	2.799988
0.317078	-2.097778	1.146851	2.950134
0.292664	-2.459412	1.132202	3.094482
0.238647	-2.801514	1.080322	3.218689
0.155945	-3.096924	0.974121	3.309631
0.069275	-3.342285	0.812073	3.365173
-0.023499	-3.544922	0.611572	3.382568
-0.127258	-3.685303	0.397339	3.370972
-0.227661	-3.735657	0.160828	3.325806
-0.330811	-3.706055	-0.101318	3.231201
-0.444336	-3.612976	-0.369568	3.088379
-0.548706	-3.471069	-0.623169	2.898254
-0.636292	-3.290100	-0.846863	2.664490
-0.702820	-3.072510	-1.051331	2.401428
-0.749512	-2.802429	-1.239014	2.110291
-0.800476	-2.489014	-1.402588	1.788330
-0.848694	-2.139893	-1.524963	1.458740
-0.871887	-1.764221	-1.599731	1.145935
-0.872498	-1.375732	-1.629333	0.870972
-0.860291	-0.986938	-1.627808	0.611267
-0.829163	-0.613708	-1.611023	0.358276
-0.782776	-0.263367	-1.557617	0.137634
-0.729065	0.074158	-1.456909	-0.050049
-0.673218	0.383911	-1.311951	-0.239868
-0.611572	0.671082	-1.122131	-0.450134
-0.545959	0.953369	-0.899048	-0.653992
-0.478821	1.227417	-0.646973	-0.841675
-0.398560	1.518860	-0.360107	-1.032410
-0.312805	1.828308	-0.039673	-1.229553
-0.234070	2.139587	0.309143	-1.430664
-0.155334	2.441711	0.661011	-1.643677
-0.068665	2.685242	0.997314	-1.872253
0.020752	2.872620	1.315002	-2.104492
0.121155	3.025818	1.595459	-2.323303
0.239563	3.120422	1.834106	-2.539978
0.349426	3.161316	2.022400	-2.746277
0.440979	3.155823	2.136230	-2.939453
0.520630	3.117981	2.164917	-3.113098
0.585022	3.034973	2.107544	-3.268433
0.627747	2.902222	1.943054	-3.401489
0.656128	2.717285	1.712341	-3.519897
0.671692	2.479858	1.444397	-3.615723
0.673523	2.210693	1.143494	-3.669739
0.671997	1.914368	0.809937	-3.683167
0.663147	1.596375	0.431213	-3.667908
0.636902	1.247253	0.009460	-3.605042
0.610046	0.890503	-0.440369	-3.464661
0.589294	0.548096	-0.873718	-3.268738
0.567017	0.225220	-1.279602	-3.047180
0.551758	-0.057373	-1.651917	-2.804260
0.547180	-0.326538	-2.002563	-2.496948
0.548401	-0.582886	-2.316284	-2.144470
0.550842	-0.798340	-2.590637	-1.778870
0.544434	-0.976563	-2.806702	-1.394958
0.538025	-1.110840	-2.952271	-0.994568
0.517883	-1.190491	-3.045349	-0.581360
0.491638	-1.221008	-3.091125	-0.169678
0.476990	-1.218567	-3.089905	0.241394
0.478210	-1.177368	-3.045959	0.649719
0.490723	-1.093750	-2.956543	1.039734
0.502014	-0.977478	-2.814331	1.406860
0.515137	-0.841370	-2.632141	1.747437
0.532227	-0.691528	-2.420044	2.047729
0.543518	-0.533447	-2.174072	2.283936
0.546265	-0.377808	-1.893616	2.451172
0.540771	-0.241699	-1.586304	2.541809
0.520325	-0.126648	-1.264648	2.570190
0.488892	-0.011902	-0.922546	2.555847
0.449219	0.108948	-0.571289	2.485352
0.399475	0.216675	-0.226746	2.349243
0.331116	0.296631	0.115356	2.148132
0.239563	0.350647	0.462036	1.911316
0.137634	0.369873	0.805054	1.646729
0.023499	0.350037	1.139832	1.361084
-0.095520	0.311279	1.464844	1.071167
-0.208130	0.258484	1.767273	0.804749
-0.316162	0.180969	2.015991	0.575562
-0.430603	0.089417	2.201233	0.389099
-0.552368	-0.001831	2.331238	0.242920
-0.678101	-0.102234	2.420654	0.130005
-0.809937	-0.197754	2.469482	0.047607
-0.937195	-0.290222	2.479858	-0.006409
-1.047058	-0.371094	2.462769	-0.032654
-1.130371	-0.424500	2.422485	-0.027161
-1.179810	-0.448914	2.356262	0.021667
-1.202698	-0.459290	2.276306	0.110474
-1.210632	-0.452576	2.196655	0.226440
-1.208191	-0.415039	2.115784	0.346680
-1.192627	-0.343018	2.025146	0.462036
-1.164551	-0.235291	1.926880	0.580750
-1.129456	-0.104065	1.837769	0.715637
-1.097412	0.040588	1.772766	0.859680
-1.044922	0.212708	1.718140	1.012268
-0.962219	0.418396	1.659851	1.176147
-0.866394	0.656128	1.580811	1.344604
-0.762939	0.898132	1.483154	1.492615
-0.647888	1.128235	1.364746	1.607666
-0.539551	1.328735	1.233826	1.690063
-0.433350	1.473389	1.098938	1.733093
-0.329590	1.547546	0.959167	1.737061
-0.233154	1.572571	0.824890	1.712952
-0.138245	1.562805	0.710144	1.672974
-0.019836	1.505127	0.603027	1.603088
0.107727	1.383667	0.489502	1.499634
0.219727	1.216431	0.356750	1.381531
0.311890	1.012878	0.223999	1.239929
0.395203	0.756226	0.098267	1.068420
0.464478	0.464478	-0.033569	0.870667
0.519409	0.157166	-0.171509	0.656738
0.561829	-0.149841	-0.292053	0.422058
0.589294	-0.446777	-0.385437	0.191345
0.608521	-0.748901	-0.478821	-0.041199
0.630493	-1.061096	-0.573730	-0.298157
0.644226	-1.343079	-0.654907	-0.554504
0.650024	-1.586914	-0.745850	-0.792847
0.646973	-1.796570	-0.846558	-0.993042
0.647278	-1.995850	-0.932007	-1.175842
0.658264	-2.171631	-0.980835	-1.339722
0.689087	-2.321777	-1.024170	-1.476440
0.731506	-2.463684	-1.070251	-1.589355
0.780029	-2.596436	-1.116638	-1.670532
0.827637	-2.678528	-1.165161	-1.713257
0.874023	-2.697754	-1.236572	-1.732483
0.902405	-2.682190	-1.330566	-1.728210
0.904846	-2.615356	-1.434021	-1.692810
0.875244	-2.461853	-1.531982	-1.633911
0.833740	-2.235107	-1.633301	-1.559143
0.788574	-1.951599	-1.730042	-1.472778
0.731812	-1.625977	-1.802979	-1.368408
0.650635	-1.272278	-1.854858	-1.257629
0.549011	-0.908813	-1.890564	-1.165161
0.428772	-0.545654	-1.914978	-1.106262
0.299377	-0.194702	-1.927490	-1.100464
0.151367	0.147400	-1.933899	-1.151733
0.006714	0.466003	-1.922302	-1.219788
-0.120850	0.759888	-1.880493	-1.289063
-0.241394	1.022034	-1.817627	-1.388245
-0.355225	1.256409	-1.732178	-1.522522
-0.461121	1.430359	-1.611938	-1.674194
-0.559998	1.527710	-1.450806	-1.830139
-0.654602	1.574402	-1.270752	-2.001953
-0.730896	1.576538	-1.088867	-2.189941
-0.779114	1.557922	-0.878601	-2.375488
-0.811157	1.530762	-0.645447	-2.529907
-0.824890	1.477661	-0.394287	-2.653198
-0.815430	1.380615	-0.126343	-2.728271
-0.792236	1.257935	0.113525	-2.752686
-0.757446	1.163025	0.317688	-2.732239
-0.704346	1.090698	0.509033	-2.668152
-0.650024	1.009216	0.686340	-2.579346
-0.594177	0.931702	0.846863	-2.450562
-0.530701	0.881958	0.989380	-2.271423
-0.461426	0.851440	1.115417	-2.062988
-0.390625	0.832214	1.219177	-1.824951
-0.313110	0.814819	1.296997	-1.552124
-0.235291	0.781860	1.364136	-1.261597
-0.178223	0.748291	1.416931	-0.950623
-0.148315	0.708923	1.441345	-0.621643
-0.110474	0.649414	1.449890	-0.269165
-0.059204	0.582886	1.448975	0.107727
-0.005493	0.512390	1.428223	0.521545
0.051575	0.434570	1.387634	0.967407
0.101013	0.351563	1.320801	1.436768
0.130615	0.244751	1.229248	1.906128
0.151062	0.093994	1.105957	2.354736
0.143738	-0.101624	0.964966	2.768555
0.111694	-0.320740	0.798035	3.142090
0.070496	-0.547485	0.601501	3.484192
0.022278	-0.776367	0.379639	3.773193
-0.033875	-1.009827	0.148926	3.993530
-0.097961	-1.252136	-0.086365	4.135132
-0.169678	-1.509705	-0.321350	4.202576
-0.232544	-1.776123	-0.560608	4.198914
-0.295410	-2.048950	-0.794983	4.118958
-0.360107	-2.298279	-0.995178	3.961487
-0.415344	-2.520752	-1.159973	3.756714
-0.459290	-2.730408	-1.304932	3.522949
-0.477600	-2.904663	-1.416321	3.251953
-0.458069	-3.039551	-1.486511	2.944031
-0.418091	-3.145752	-1.511536	2.628174
-0.357056	-3.215027	-1.497192	2.310486
-0.283508	-3.231201	-1.452637	1.988831
-0.222778	-3.174744	-1.362000	1.673279
-0.164185	-3.064575	-1.218262	1.360474
-0.086670	-2.908936	-1.021423	1.053162
-0.000305	-2.694702	-0.768433	0.765991
0.082092	-2.435608	-0.457153	0.503235
0.161438	-2.176208	-0.116577	0.252075
0.231628	-1.913452	0.237732	0.011902
0.296021	-1.646423	0.616455	-0.220337
0.361328	-1.365356	1.005249	-0.455627
0.411987	-1.076660	1.383057	-0.685120
0.427246	-0.797729	1.744690	-0.892029
0.426636	-0.523682	2.076721	-1.071472
0.432434	-0.236816	2.370911	-1.232910
0.432129	0.050659	2.626648	-1.366882
0.424194	0.353394	2.825928	-1.481018
0.411987	0.659790	2.951660	-1.581726
0.378113	0.947876	3.012085	-1.670227
0.325012	1.226196	2.988586	-1.745300
0.267029	1.506348	2.880859	-1.813049
0.208435	1.785583	2.728882	-1.873779
0.156860	2.040405	2.531128	-1.918640
0.112915	2.265930	2.282104	-1.936340
0.086365	2.464905	1.994324	-1.918335
0.066223	2.618408	1.657410	-1.879272
0.050049	2.727661	1.262207	-1.849060
0.034485	2.793274	0.831604	-1.828308
0.012207	2.808533	0.393982	-1.799927
-0.014954	2.765198	-0.053406	-1.766663
-0.036926	2.689514	-0.493164	-1.738892
-0.047607	2.601929	-0.909424	-1.712036
-0.038757	2.494507	-1.299133	-1.686401
-0.037842	2.366028	-1.641541	-1.650391
-0.043640	2.227783	-1.948547	-1.597595
-0.047607	2.099304	-2.203674	-1.540833
-0.046692	1.987000	-2.391663	-1.486511
-0.038147	1.893616	-2.521973	-1.412048
-0.011597	1.799316	-2.585754	-1.308899
0.023499	1.697693	-2.569580	-1.177368
0.074158	1.588745	-2.490540	-1.007385
0.143738	1.473694	-2.376709	-0.812378
0.222778	1.363525	-2.244263	-0.617065
0.295410	1.247559	-2.112427	-0.415649
0.361328	1.120605	-1.989136	-0.199280
0.424194	0.979309	-1.861267	0.016174
0.484009	0.817566	-1.727905	0.198364
0.540466	0.640259	-1.588440	0.355530
0.570068	0.443726	-1.446838	0.513306
0.573425	0.230103	-1.315308	0.671692
0.552673	0.011902	-1.215820	0.819702
0.502319	-0.225220	-1.138611	0.949097
0.432434	-0.478210	-1.078491	1.063843
0.347595	-0.732117	-1.044312	1.151428
0.244446	-0.961304	-1.038208	1.201172
0.144958	-1.170044	-1.054993	1.226196
0.062561	-1.364441	-1.090698	1.240234
-0.008545	-1.544800	-1.137695	1.247253
-0.089722	-1.706238	-1.193848	1.248169
-0.178528	-1.840820	-1.266174	1.237183
-0.269470	-1.946716	-1.341553	1.221313
-0.354309	-2.025452	-1.397400	1.194458
-0.438232	-2.077637	-1.423340	1.153259
-0.519409	-2.091980	-1.416016	1.109924
-0.590210	-2.076721	-1.375122	1.075745
-0.658875	-2.028198	-1.307373	1.054077
-0.722961	-1.947937	-1.220093	1.038208
-0.773926	-1.844177	-1.098938	1.030579
-0.809937	-1.720581	-0.945129	1.039124
-0.834961	-1.570740	-0.772095	1.048279
-0.843506	-1.409912	-0.584717	1.039734
-0.831604	-1.239014	-0.384521	1.014709
-0.806274	-1.068726	-0.175781	0.978699
-0.772705	-0.904846	0.058289	0.938416
-0.738831	-0.741272	0.321350	0.890198
-0.703735	-0.575562	0.606995	0.823059
-0.664368	-0.412292	0.903625	0.746155
-0.613708	-0.258179	1.217957	0.657043
-0.555115	-0.109253	1.545410	0.536194
-0.494995	0.041504	1.869507	0.370789
-0.434875	0.191650	2.184448	0.176392
-0.364990	0.327759	2.480164	-0.040894
-0.296021	0.433960	2.746277	-0.270691
-0.223389	0.505371	2.968750	-0.489502
-0.141296	0.539246	3.143005	-0.699158
-0.065002	0.537720	3.260193	-0.902100
-0.001831	0.499268	3.323669	-1.094666
0.054626	0.425415	3.331299	-1.282654
0.103760	0.310669	3.273926	-1.447449
0.142822	0.166321	3.149719	-1.582336
0.173950	0.002441	2.965698	-1.676025
0.204468	-0.167847	2.737732	-1.719360
0.236511	-0.339661	2.465820	-1.727600
0.265198	-0.508118	2.163086	-1.698608
0.291748	-0.671082	1.855469	-1.623535
0.321960	-0.822754	1.545410	-1.512451
0.352173	-0.951233	1.225586	-1.370544
0.381165	-1.044922	0.908813	-1.195068
0.412903	-1.107788	0.602417	-0.981445
0.451660	-1.138916	0.300293	-0.730286
0.496826	-1.146545	0.005188	-0.437012
0.551147	-1.129150	-0.268860	-0.107422
0.609436	-1.085815	-0.517578	0.245667
0.671692	-1.018982	-0.745850	0.598450
0.725708	-0.924072	-0.952454	0.942383
0.766907	-0.799866	-1.144714	1.271057
0.794373	-0.653687	-1.316528	1.557312
0.810547	-0.490112	-1.475830	1.806946
0.816650	-0.314026	-1.613159	2.009277
0.815125	-0.127258	-1.724854	2.162476
0.798340	0.066223	-1.810303	2.267151
0.762024	0.253906	-1.867371	2.323303
0.716248	0.431519	-1.892700	2.324524
0.664978	0.599060	-1.895447	2.265015
0.607605	0.751648	-1.886597	2.145081
0.543518	0.875549	-1.870728	1.965637
0.473022	0.972290	-1.838989	1.744385
0.398865	1.054077	-1.782837	1.492310
0.328369	1.115112	-1.699829	1.195984
0.257263	1.159363	-1.600952	0.859375
0.176086	1.196594	-1.486816	0.504761
0.085144	1.222229	-1.354675	0.142212
-0.003967	1.228943	-1.214905	-0.205383
-0.086975	1.206970	-1.072388	-0.529175
-0.164185	1.177673	-0.919800	-0.842590
-0.238647	1.145935	-0.769043	-1.129456
-0.307922	1.108704	-0.619202	-1.376648
-0.376282	1.064758	-0.468445	-1.573181
-0.441284	1.010437	-0.315247	-1.712952
-0.486145	0.954590	-0.162964	-1.805420
-0.514832	0.908508	-0.016785	-1.850281
-0.539551	0.875549	0.119324	-1.842651
-0.554199	0.857239	0.245972	-1.791382
-0.553284	0.858154	0.368958	-1.699829
-0.539856	0.877380	0.482178	-1.568604
-0.515442	0.920105	0.599060	-1.400146
-0.494690	0.991821	0.726013	-1.202698
-0.484619	1.093750	0.854492	-0.975647
-0.480652	1.218262	0.977173	-0.724487
-0.473938	1.357422	1.089783	-0.460510
-0.460205	1.503601	1.198730	-0.187683
-0.444336	1.643066	1.294556	0.079956
-0.428467	1.763916	1.369019	0.332642
-0.409241	1.854553	1.418762	0.566406
-0.391235	1.911011	1.433105	0.779419
-0.374756	1.935730	1.407471	0.968628
-0.360107	1.910400	1.340942	1.134033
-0.351563	1.824951	1.246338	1.263428
-0.337830	1.693726	1.125183	1.346130
-0.323792	1.517944	0.988770	1.391296
-0.312805	1.286011	0.848694	1.412354
-0.308838	1.001892	0.708313	1.410828
-0.308838	0.667725	0.558167	1.382446
-0.311584	0.292358	0.407104	1.322632
-0.310364	-0.123596	0.279541	1.231995
-0.312805	-0.569458	0.163879	1.118774
-0.313416	-1.017761	0.066528	0.980530
-0.306396	-1.469421	-0.003662	0.821838
-0.289917	-1.917419	-0.061951	0.664063
-0.272522	-2.345581	-0.115967	0.509033
-0.242004	-2.749023	-0.156555	0.347290
-0.195313	-3.138733	-0.171814	0.180054
-0.147705	-3.506165	-0.179138	0.030823
-0.100403	-3.817139	-0.177307	-0.094910
-0.045776	-4.091187	-0.154724	-0.208435
0.013123	-4.364624	-0.112000	-0.305481
0.072632	-4.595642	-0.063782	-0.366821
0.144653	-4.753418	-0.011902	-0.398254
0.221252	-4.854126	0.045471	-0.414429
0.286865	-4.880066	0.091248	-0.410156
0.348816	-4.815674	0.119019	-0.382996
0.405273	-4.658508	0.140076	-0.346375
0.462036	-4.417419	0.152588	-0.307617
0.500793	-4.106445	0.130005	-0.246277
0.525818	-3.748474	0.093689	-0.161743
0.536194	-3.366394	0.066833	-0.089111
0.521545	-2.959595	0.051575	-0.016174
0.498657	-2.542419	0.032043	0.048828
0.476685	-2.127380	-0.011597	0.078125
0.442505	-1.710815	-0.087280	0.088196
0.385742	-1.298523	-0.179138	0.105896
0.319519	-0.898743	-0.257263	0.107727
0.248108	-0.500793	-0.320740	0.051575
0.170898	-0.101013	-0.370178	-0.047302
0.091553	0.277710	-0.414734	-0.159607
0.012512	0.632324	-0.459595	-0.298767
-0.064087	0.966492	-0.502625	-0.459900
-0.136108	1.262817	-0.526733	-0.611572
-0.199890	1.531982	-0.532227	-0.769958
-0.252075	1.771545	-0.526428	-0.936890
-0.285645	1.979370	-0.510559	-1.112366
-0.307922	2.159424	-0.477600	-1.280212
-0.317688	2.326355	-0.425110	-1.429749
-0.317993	2.477722	-0.365295	-1.559143
-0.308228	2.623901	-0.296936	-1.677551
-0.284119	2.765808	-0.206299	-1.778564
-0.249634	2.893066	-0.099487	-1.864929
-0.211487	3.014221	-0.008545	-1.947937
-0.161438	3.127747	0.069885	-2.023010
-0.097961	3.213806	0.165100	-2.082825
-0.028381	3.264465	0.278015	-2.121277
0.025024	3.304138	0.393677	-2.132263
0.068359	3.331604	0.500488	-2.108154
0.111694	3.343201	0.592957	-2.037048
0.156555	3.346252	0.661926	-1.912842
0.204773	3.325806	0.704041	-1.737366
0.254822	3.267517	0.731201	-1.535645
0.308838	3.184204	0.737000	-1.312256
0.359192	3.076477	0.713806	-1.046753
0.398254	2.928772	0.668640	-0.750732
0.428467	2.740173	0.594482	-0.443115
0.446472	2.527161	0.505981	-0.131531
0.447388	2.293701	0.410156	0.179749
0.436707	2.037964	0.301208	0.485535
0.403137	1.762085	0.167847	0.786133
0.350342	1.479187	0.015259	1.080933
0.287781	1.197205	-0.147705	1.357422
0.214844	0.905762	-0.326233	1.604004
0.127869	0.612793	-0.509033	1.823120
0.037231	0.312195	-0.690918	2.035522
-0.043640	-0.001526	-0.863647	2.223816
-0.115967	-0.308228	-1.023865	2.370605
-0.176392	-0.597839	-1.164551	2.474976
-0.213928	-0.859070	-1.284180	2.538757
-0.245361	-1.103821	-1.379089	2.574768
-0.272522	-1.334839	-1.443176	2.587280
-0.285950	-1.531067	-1.464539	2.568970
-0.281372	-1.684570	-1.431885	2.519226
-0.261841	-1.800842	-1.353149	2.446289
-0.233459	-1.891174	-1.218567	2.341309
-0.195618	-1.950684	-1.029053	2.216797
-0.147400	-1.983337	-0.798950	2.086182
-0.096436	-1.990662	-0.545654	1.940002
-0.043335	-1.968079	-0.274658	1.772156
0.001526	-1.913757	0.018921	1.584167
0.042114	-1.828613	0.325928	1.384277
0.077820	-1.726379	0.631714	1.177368
0.101624	-1.617126	0.928345	0.969543
0.109558	-1.495972	1.220703	0.763245
0.097046	-1.365662	1.505127	0.556335
0.065002	-1.245117	1.762390	0.359192
0.024109	-1.130676	1.993103	0.164490
-0.024414	-1.018066	2.190857	-0.042419
-0.084229	-0.908203	2.344666	-0.256042
-0.154419	-0.803223	2.463379	-0.467224
-0.223389	-0.715332	2.556763	-0.678101
-0.284119	-0.632324	2.622070	-0.883179
-0.338745	-0.548096	2.644958	-1.071777
-0.380249	-0.471191	2.622375	-1.235657
-0.416870	-0.393982	2.545776	-1.375122
-0.453186	-0.319519	2.415466	-1.493835
-0.482483	-0.259094	2.250977	-1.588440
-0.503845	-0.197144	2.047424	-1.653748
-0.520325	-0.126953	1.806641	-1.688538
-0.536194	-0.047913	1.536560	-1.690369
-0.538635	0.040588	1.250610	-1.663208
-0.525513	0.140381	0.949402	-1.617432
-0.504150	0.250854	0.630798	-1.559448
-0.468750	0.365601	0.303955	-1.499023
-0.418091	0.486450	-0.018616	-1.427002
-0.362549	0.610352	-0.331116	-1.346130
-0.300903	0.726624	-0.620422	-1.265259
-0.228271	0.836487	-0.880127	-1.184387
-0.143433	0.950623	-1.105957	-1.098022
-0.069275	1.070862	-1.294861	-0.994263
0.005188	1.200867	-1.446228	-0.878906
0.086975	1.316528	-1.552429	-0.753174
0.169678	1.408386	-1.616516	-0.617981
0.260010	1.479187	-1.637268	-0.473328
0.358276	1.538086	-1.631775	-0.322266
0.455322	1.600647	-1.606445	-0.172729
0.540771	1.646423	-1.560364	-0.041809
0.617371	1.655273	-1.494141	0.063782
0.671997	1.632690	-1.416321	0.147705
0.706787	1.579285	-1.340942	0.217285
0.727539	1.502075	-1.275330	0.264587
0.722961	1.409912	-1.227112	0.286255
0.704956	1.293030	-1.204529	0.276794
0.680237	1.139221	-1.190491	0.239868
0.643005	0.955200	-1.187134	0.186768
0.584717	0.759888	-1.208801	0.121155
0.532227	0.563354	-1.244202	0.036011
0.489807	0.363770	-1.284485	-0.068054
0.438843	0.162354	-1.332092	-0.178223
0.387878	-0.040588	-1.394348	-0.289917
0.336304	-0.234680	-1.473389	-0.400696
0.285034	-0.403442	-1.561890	-0.493164
0.240173	-0.538635	-1.648865	-0.557861
0.202942	-0.636902	-1.716003	-0.602112
0.163879	-0.703430	-1.759644	-0.618896
0.113220	-0.734558	-1.787720	-0.599060
0.059509	-0.719910	-1.795349	-0.551147
0.020142	-0.673828	-1.770020	-0.487366
-0.019226	-0.603943	-1.705933	-0.403442
-0.053101	-0.514221	-1.611023	-0.288086
-0.076294	-0.404663	-1.486206	-0.145264
-0.106812	-0.274353	-1.331787	0.010681
-0.139160	-0.131531	-1.152039	0.166016
-0.164185	0.018005	-0.946960	0.312195
-0.187683	0.176086	-0.709534	0.449829
-0.219421	0.342712	-0.448303	0.584412
-0.243225	0.517883	-0.173645	0.708923
-0.256653	0.699768	0.112610	0.806885
-0.268555	0.882568	0.413208	0.880127
-0.275269	1.045227	0.725403	0.933228
-0.275879	1.184082	1.046753	0.958557
-0.274353	1.296387	1.380920	0.957947
-0.275269	1.385803	1.709900	0.931091
-0.275879	1.456604	2.019958	0.878296
-0.270996	1.484680	2.296143	0.800476
-0.257568	1.481628	2.531433	0.707703
-0.243225	1.457520	2.721252	0.610352
-0.231934	1.396790	2.866821	0.498352
-0.223694	1.302185	2.963867	0.365295
-0.220032	1.184082	3.020630	0.224609
-0.219727	1.037292	3.045654	0.080872
-0.222168	0.851135	3.036194	-0.066528
-0.223389	0.645142	2.979431	-0.200806
-0.225525	0.410767	2.893066	-0.312195
-0.233765	0.161133	2.786560	-0.395813
-0.237427	-0.092773	2.659607	-0.454102
-0.234680	-0.345154	2.507629	-0.476074
-0.232239	-0.582581	2.340698	-0.465088
-0.224304	-0.798035	2.162781	-0.430908
-0.214233	-0.983582	1.973877	-0.357361
-0.205994	-1.141052	1.776123	-0.234375
-0.193481	-1.275024	1.563416	-0.075378
-0.174866	-1.382751	1.347961	0.109558
-0.143127	-1.458130	1.135864	0.325012
-0.096130	-1.513977	0.924072	0.557556
-0.036926	-1.549988	0.708008	0.797424
0.017395	-1.565857	0.493164	1.043701
0.069275	-1.572876	0.277405	1.285706
0.121765	-1.566162	0.059814	1.515198
0.174561	-1.535645	-0.156555	1.727905
0.221252	-1.477661	-0.366211	1.912842
0.263062	-1.399536	-0.575256	2.056580
0.303345	-1.306763	-0.785522	2.166138
0.341492	-1.204224	-0.996399	2.248230
0.368042	-1.082458	-1.199951	2.280579
0.381775	-0.946655	-1.391907	2.258301
0.381775	-0.809937	-1.571045	2.190247
0.368347	-0.666504	-1.734314	2.079773
0.348816	-0.534363	-1.867676	1.926270
0.328369	-0.411987	-1.976013	1.729736
0.307007	-0.293579	-2.062378	1.495667
0.271301	-0.189209	-2.124023	1.229553
0.227661	-0.092468	-2.162476	0.944824
0.179138	0.006409	-2.178345	0.646667
0.129089	0.101624	-2.165527	0.326538
0.083008	0.188293	-2.120056	-0.001526
0.037231	0.274963	-2.041931	-0.344849
-0.003967	0.354004	-1.931458	-0.679321
-0.040283	0.415955	-1.793518	-0.995789
-0.067139	0.469360	-1.638794	-1.287537
-0.080872	0.526428	-1.470337	-1.553040
-0.083313	0.592041	-1.284485	-1.789246
-0.075073	0.666809	-1.087952	-1.989746
-0.069580	0.758667	-0.883484	-2.154541
-0.067139	0.870056	-0.678406	-2.282715
-0.057678	0.999756	-0.485229	-2.378845
-0.043335	1.147461	-0.302124	-2.441711
-0.033875	1.308594	-0.126648	-2.468262
-0.023804	1.468811	0.030823	-2.464905
-0.014343	1.624146	0.165710	-2.428284
-0.007324	1.779785	0.278931	-2.358093
-0.001526	1.928101	0.366821	-2.268372
-0.003967	2.067261	0.432434	-2.167053
-0.011292	2.192078	0.470886	-2.048035
-0.021362	2.283630	0.478210	-1.914673
-0.031738	2.344055	0.459290	-1.773987
-0.043945	2.380066	0.414734	-1.623230
-0.052795	2.379761	0.343018	-1.470642
-0.062866	2.337952	0.252075	-1.317139
-0.082092	2.260437	0.150757	-1.167908
-0.102539	2.140198	0.049438	-1.029053
-0.122986	1.979980	-0.050964	-0.901794
-0.144958	1.774292	-0.153809	-0.781555
-0.163269	1.531982	-0.254517	-0.664673
-0.178223	1.267700	-0.346680	-0.555420
-0.187683	0.968628	-0.429688	-0.450439
-0.189514	0.653076	-0.496216	-0.350952
-0.192261	0.321350	-0.551453	-0.264587
-0.205383	-0.017395	-0.593567	-0.198669
-0.218201	-0.357971	-0.620422	-0.141602
-0.217896	-0.697327	-0.634460	-0.088501
-0.210876	-1.031189	-0.633850	-0.043640
-0.194092	-1.341248	-0.619812	-0.006104
-0.158691	-1.622925	-0.593567	0.032959
-0.111084	-1.891174	-0.552368	0.079651
-0.060425	-2.135315	-0.491638	0.135803
-0.003967	-2.352905	-0.403748	0.203857
0.056763	-2.545776	-0.293274	0.288086
0.108643	-2.702332	-0.165405	0.390625
0.166016	-2.821350	-0.022583	0.512695
0.225525	-2.905273	0.131836	0.640564
0.279541	-2.975769	0.280457	0.778198
0.329590	-3.027649	0.411377	0.927124
0.368347	-3.035583	0.541687	1.086426
0.386963	-2.990417	0.666199	1.236877
0.392456	-2.910767	0.771790	1.368103
0.388794	-2.803650	0.850525	1.484070
0.364380	-2.655334	0.914001	1.589355
0.319824	-2.472534	0.963745	1.673889
0.271301	-2.268677	0.986633	1.735229
0.214844	-2.062378	0.977783	1.768494
0.144348	-1.853638	0.945740	1.777039
0.072021	-1.643982	0.905151	1.763306
-0.008850	-1.442261	0.850830	1.729126
-0.097961	-1.255798	0.773315	1.656799
-0.191650	-1.065674	0.673828	1.538696
-0.271912	-0.879211	0.562134	1.405334
-0.338745	-0.702515	0.440369	1.279602
-0.397949	-0.526123	0.320129	1.149902
-0.440674	-0.346375	0.213318	0.996399
-0.467529	-0.168152	0.124817	0.829468
-0.495911	-0.006104	0.044861	0.665894
-0.517578	0.149536	-0.021362	0.500793
-0.531616	0.309448	-0.062256	0.336304
-0.540466	0.462036	-0.074768	0.187988
-0.538635	0.610046	-0.058594	0.051575
-0.523376	0.754395	-0.014343	-0.082703
-0.500183	0.900879	0.056763	-0.213013
-0.458374	1.048889	0.135803	-0.332336
-0.397339	1.184998	0.219421	-0.447693
-0.341492	1.314392	0.324402	-0.558777
-0.285034	1.451721	0.447998	-0.663147
-0.212097	1.596680	0.576477	-0.767212
-0.135498	1.740723	0.696716	-0.872803
-0.061951	1.867676	0.806885	-0.970459
0.017090	1.966248	0.907898	-1.052856
0.101929	2.044983	1.003113	-1.116943
0.180664	2.108459	1.080017	-1.153870
0.245361	2.157288	1.126709	-1.170959
0.307312	2.190552	1.139526	-1.170654
0.358582	2.215881	1.123657	-1.146851
0.403137	2.228394	1.086731	-1.097412
0.448303	2.207642	1.021729	-1.026306
0.482483	2.143860	0.913086	-0.940857
0.502319	2.052612	0.767822	-0.838928
0.520325	1.929932	0.611572	-0.722961
0.527039	1.763611	0.440369	-0.588989
0.516663	1.554565	0.238953	-0.458069
0.490112	1.327820	0.014343	-0.344543
0.450134	1.086731	-0.234070	-0.222778
0.403748	0.852661	-0.486450	-0.093689
0.363159	0.613403	-0.741882	0.028992
0.323181	0.368958	-0.990601	0.136719
0.272217	0.119629	-1.227722	0.245361
0.217590	-0.132446	-1.461792	0.348206
0.162659	-0.379028	-1.690674	0.439453
0.103760	-0.613708	-1.895447	0.527344
0.054321	-0.836487	-2.067566	0.607300
0.020752	-1.027832	-2.205811	0.677795
-0.000610	-1.186218	-2.300415	0.742493
-0.010071	-1.313171	-2.354431	0.794678
-0.002136	-1.411743	-2.380676	0.837097
0.019531	-1.486511	-2.373352	0.871582
0.039368	-1.532288	-2.314148	0.896606
0.059509	-1.548767	-2.210693	0.905457
0.085144	-1.550903	-2.067261	0.888977
0.107422	-1.539001	-1.879883	0.836182
0.128784	-1.500549	-1.656189	0.756836
0.143738	-1.455688	-1.400146	0.664673
0.150146	-1.415100	-1.124268	0.569763
0.146179	-1.365356	-0.835571	0.465088
0.124512	-1.301880	-0.534973	0.342712
0.087280	-1.226501	-0.234680	0.210876
0.049438	-1.146240	0.052795	0.082397
0.017090	-1.068420	0.328064	-0.040894
-0.024414	-1.001282	0.596619	-0.168152
-0.081482	-0.951843	0.850830	-0.307922
-0.148926	-0.923767	1.068726	-0.443420
-0.232849	-0.898438	1.254883	-0.574341
-0.321045	-0.872498	1.399536	-0.694885
-0.400391	-0.856628	1.517029	-0.809326
-0.468445	-0.846863	1.611938	-0.903320
-0.521240	-0.838318	1.681824	-0.964050
-0.552063	-0.813293	1.732178	-0.997314
-0.566406	-0.770569	1.763916	-1.011353
-0.580750	-0.730286	1.769714	-1.007996
-0.599976	-0.689392	1.749268	-0.994568
-0.616150	-0.644836	1.701660	-0.977173
-0.634766	-0.597229	1.625671	-0.947876
-0.663452	-0.536499	1.528625	-0.899048
-0.680542	-0.465698	1.415405	-0.829163
-0.676880	-0.389404	1.286621	-0.733337
-0.647888	-0.289307	1.138916	-0.605164
-0.599365	-0.168457	0.978699	-0.462646
-0.546570	-0.048218	0.805359	-0.317383
-0.495300	0.068970	0.632629	-0.163879
-0.435486	0.172119	0.479431	-0.007019
-0.362854	0.262451	0.347290	0.142517
-0.286560	0.344238	0.235291	0.282898
-0.203857	0.408936	0.142822	0.419617
-0.109253	0.454712	0.066223	0.557556
-0.019531	0.483398	0.000610	0.699463
0.064087	0.495605	-0.057983	0.835876
0.144043	0.495605	-0.116577	0.962219
0.204163	0.474548	-0.177307	1.065674
0.246887	0.426025	-0.229187	1.142883
0.289917	0.353699	-0.265198	1.204529
0.336914	0.262146	-0.284424	1.246948
0.382080	0.159302	-0.295410	1.269836
0.428162	0.047302	-0.307312	1.269226
0.468140	-0.082092	-0.328369	1.234741
0.489502	-0.224609	-0.368958	1.161499
0.484619	-0.364990	-0.433960	1.062622
0.460510	-0.513306	-0.507202	0.936279
0.421753	-0.666199	-0.571899	0.789185
0.379333	-0.811157	-0.624695	0.623169
0.355530	-0.937500	-0.657043	0.456543
0.345154	-1.041260	-0.676575	0.301819
0.346680	-1.121216	-0.705261	0.170288
0.359497	-1.173706	-0.753174	0.056763
0.370483	-1.209717	-0.806885	-0.046387
0.369568	-1.223145	-0.862732	-0.141602
0.357361	-1.204529	-0.914917	-0.229187
0.338135	-1.151123	-0.945740	-0.292053
0.318298	-1.063232	-0.948792	-0.322266
